Generator,Day,Hour,Generation,Reg Up,Reg Down
10034_G_GEN1,1,1,34.0,0.0,0.0
10034_G_GEN1,1,2,34.0,0.0,0.0
10034_G_GEN1,1,3,34.0,0.0,0.0
10034_G_GEN1,1,4,34.0,0.0,0.0
10034_G_GEN1,1,5,34.0,0.0,0.0
10034_G_GEN1,1,6,34.0,0.0,0.0
10034_G_GEN1,1,7,34.0,0.0,0.0
10034_G_GEN1,1,8,34.0,0.0,0.0
10034_G_GEN1,1,9,34.0,0.0,0.0
10034_G_GEN1,1,10,34.0,0.0,0.0
10034_G_GEN1,1,11,34.0,0.0,0.0
10034_G_GEN1,1,12,34.0,0.0,0.0
10034_G_GEN1,1,13,34.0,0.0,0.0
10034_G_GEN1,1,14,34.0,0.0,0.0
10034_G_GEN1,1,15,34.0,0.0,0.0
10034_G_GEN1,1,16,34.0,0.0,0.0
10034_G_GEN1,1,17,85.0,0.0,0.0
10034_G_GEN1,1,18,85.0,0.0,0.0
10034_G_GEN1,1,19,85.0,0.0,0.0
10034_G_GEN1,1,20,85.0,0.0,0.0
10034_G_GEN1,1,21,85.0,0.0,0.0
10034_G_GEN1,1,22,85.0,0.0,0.0
10034_G_GEN1,1,23,85.0,0.0,0.0
10034_G_GEN1,1,24,34.0,0.0,0.0
10034_G_GEN1,1,25,34.0,0.0,0.0
10034_G_GEN2,1,1,12.0,0.0,0.0
10034_G_GEN2,1,2,12.0,0.0,0.0
10034_G_GEN2,1,3,12.0,0.0,0.0
10034_G_GEN2,1,4,12.0,0.0,0.0
10034_G_GEN2,1,5,12.0,0.0,0.0
10034_G_GEN2,1,6,12.0,0.0,0.0
10034_G_GEN2,1,7,12.0,0.0,0.0
10034_G_GEN2,1,8,12.0,0.0,0.0
10034_G_GEN2,1,9,12.0,0.0,0.0
10034_G_GEN2,1,10,12.0,0.0,0.0
10034_G_GEN2,1,11,12.0,0.0,0.0
10034_G_GEN2,1,12,12.0,0.0,0.0
10034_G_GEN2,1,13,12.0,0.0,0.0
10034_G_GEN2,1,14,12.0,0.0,0.0
10034_G_GEN2,1,15,12.0,0.0,0.0
10034_G_GEN2,1,16,12.0,0.0,0.0
10034_G_GEN2,1,17,30.0,0.0,0.0
10034_G_GEN2,1,18,30.0,0.0,0.0
10034_G_GEN2,1,19,30.0,0.0,0.0
10034_G_GEN2,1,20,30.0,0.0,0.0
10034_G_GEN2,1,21,30.0,0.0,0.0
10034_G_GEN2,1,22,30.0,0.0,0.0
10034_G_GEN2,1,23,30.0,0.0,0.0
10034_G_GEN2,1,24,12.0,0.0,0.0
10034_G_GEN2,1,25,12.0,0.0,0.0
10052_B_BLR1,1,1,296.6,0.0,0.0
10052_B_BLR1,1,2,296.5999999999964,0.0,0.0
10052_B_BLR1,1,3,296.6,0.0,0.0
10052_B_BLR1,1,4,296.6,0.0,0.0
10052_B_BLR1,1,5,296.6,0.0,0.0
10052_B_BLR1,1,6,296.6,0.0,0.0
10052_B_BLR1,1,7,296.6,0.0,0.0
10052_B_BLR1,1,8,296.5999999999928,0.0,0.0
10052_B_BLR1,1,9,118.63999999999999,0.0,0.0
10052_B_BLR1,1,10,118.64,0.0,0.0
10052_B_BLR1,1,11,118.63999999999999,0.0,0.0
10052_B_BLR1,1,12,118.63999999999999,0.0,0.0
10052_B_BLR1,1,13,296.59999999999997,0.0,0.0
10052_B_BLR1,1,14,296.6,0.0,0.0
10052_B_BLR1,1,15,296.6,0.0,0.0
10052_B_BLR1,1,16,296.6,0.0,0.0
10052_B_BLR1,1,17,296.6,0.0,0.0
10052_B_BLR1,1,18,296.6,0.0,0.0
10052_B_BLR1,1,19,296.6,0.0,0.0
10052_B_BLR1,1,20,296.6,0.0,0.0
10052_B_BLR1,1,21,296.6,0.0,0.0
10052_B_BLR1,1,22,296.6,0.0,0.0
10052_B_BLR1,1,23,296.6,0.0,0.0
10052_B_BLR1,1,24,296.6,0.0,0.0
10052_B_BLR1,1,25,296.6,0.0,0.0
10091_G_G2,1,1,46.0,0.0,0.0
10091_G_G2,1,2,46.0,0.0,0.0
10091_G_G2,1,3,46.0,0.0,0.0
10091_G_G2,1,4,46.0,0.0,0.0
10091_G_G2,1,5,46.0,0.0,0.0
10091_G_G2,1,6,46.0,0.0,0.0
10091_G_G2,1,7,46.0,0.0,0.0
10091_G_G2,1,8,46.0,0.0,0.0
10091_G_G2,1,9,18.4,0.0,0.0
10091_G_G2,1,10,18.4,0.0,0.0
10091_G_G2,1,11,18.4,0.0,0.0
10091_G_G2,1,12,18.4,0.0,0.0
10091_G_G2,1,13,46.0,0.0,0.0
10091_G_G2,1,14,46.0,0.0,0.0
10091_G_G2,1,15,46.0,0.0,0.0
10091_G_G2,1,16,46.0,0.0,0.0
10091_G_G2,1,17,46.0,0.0,0.0
10091_G_G2,1,18,46.0,0.0,0.0
10091_G_G2,1,19,46.0,0.0,0.0
10091_G_G2,1,20,46.0,0.0,0.0
10091_G_G2,1,21,46.0,0.0,0.0
10091_G_G2,1,22,46.0,0.0,0.0
10091_G_G2,1,23,46.0,0.0,0.0
10091_G_G2,1,24,46.0,0.0,0.0
10091_G_G2,1,25,46.0,0.0,0.0
10091_G_GEN1,1,1,18.6,0.0,0.0
10091_G_GEN1,1,2,18.6,0.0,0.0
10091_G_GEN1,1,3,18.6,0.0,0.0
10091_G_GEN1,1,4,18.6,0.0,0.0
10091_G_GEN1,1,5,18.6,0.0,0.0
10091_G_GEN1,1,6,18.6,0.0,0.0
10091_G_GEN1,1,7,18.6,0.0,0.0
10091_G_GEN1,1,8,18.6,0.0,0.0
10091_G_GEN1,1,9,7.440000000000001,0.0,0.0
10091_G_GEN1,1,10,7.440000000000001,0.0,0.0
10091_G_GEN1,1,11,7.440000000000001,0.0,0.0
10091_G_GEN1,1,12,7.440000000000001,0.0,0.0
10091_G_GEN1,1,13,18.6,0.0,0.0
10091_G_GEN1,1,14,18.6,0.0,0.0
10091_G_GEN1,1,15,18.6,0.0,0.0
10091_G_GEN1,1,16,18.6,0.0,0.0
10091_G_GEN1,1,17,18.6,0.0,0.0
10091_G_GEN1,1,18,18.6,0.0,0.0
10091_G_GEN1,1,19,18.6,0.0,0.0
10091_G_GEN1,1,20,18.6,0.0,0.0
10091_G_GEN1,1,21,18.6,0.0,0.0
10091_G_GEN1,1,22,18.6,0.0,0.0
10091_G_GEN1,1,23,18.6,0.0,0.0
10091_G_GEN1,1,24,18.6,0.0,0.0
10091_G_GEN1,1,25,18.6,0.0,0.0
10110_G_GEN1,1,1,0.0,0.0,0.0
10110_G_GEN1,1,2,0.0,0.0,0.0
10110_G_GEN1,1,3,0.0,0.0,0.0
10110_G_GEN1,1,4,0.0,0.0,0.0
10110_G_GEN1,1,5,0.0,0.0,0.0
10110_G_GEN1,1,6,0.0,0.0,0.0
10110_G_GEN1,1,7,0.0,0.0,0.0
10110_G_GEN1,1,8,0.0,0.0,0.0
10110_G_GEN1,1,9,0.0,0.0,0.0
10110_G_GEN1,1,10,0.0,0.0,0.0
10110_G_GEN1,1,11,0.0,0.0,0.0
10110_G_GEN1,1,12,0.0,0.0,0.0
10110_G_GEN1,1,13,0.0,0.0,0.0
10110_G_GEN1,1,14,0.0,0.0,0.0
10110_G_GEN1,1,15,0.0,0.0,0.0
10110_G_GEN1,1,16,0.0,0.0,0.0
10110_G_GEN1,1,17,0.0,0.0,0.0
10110_G_GEN1,1,18,0.0,0.0,0.0
10110_G_GEN1,1,19,0.0,0.0,0.0
10110_G_GEN1,1,20,0.0,0.0,0.0
10110_G_GEN1,1,21,0.0,0.0,0.0
10110_G_GEN1,1,22,0.0,0.0,0.0
10110_G_GEN1,1,23,0.0,0.0,0.0
10110_G_GEN1,1,24,0.0,0.0,0.0
10110_G_GEN1,1,25,0.0,0.0,0.0
10144_B_BLR3,1,1,26.5,0.0,0.0
10144_B_BLR3,1,2,26.5,0.0,0.0
10144_B_BLR3,1,3,26.5,0.0,0.0
10144_B_BLR3,1,4,26.5,0.0,0.0
10144_B_BLR3,1,5,26.5,0.0,0.0
10144_B_BLR3,1,6,26.5,0.0,0.0
10144_B_BLR3,1,7,26.5,0.0,0.0
10144_B_BLR3,1,8,26.5,0.0,0.0
10144_B_BLR3,1,9,10.6,0.0,0.0
10144_B_BLR3,1,10,10.6,0.0,0.0
10144_B_BLR3,1,11,10.6,0.0,0.0
10144_B_BLR3,1,12,10.6,0.0,0.0
10144_B_BLR3,1,13,26.5,0.0,0.0
10144_B_BLR3,1,14,26.5,0.0,0.0
10144_B_BLR3,1,15,26.5,0.0,0.0
10144_B_BLR3,1,16,26.5,0.0,0.0
10144_B_BLR3,1,17,26.5,0.0,0.0
10144_B_BLR3,1,18,26.5,0.0,0.0
10144_B_BLR3,1,19,26.5,0.0,0.0
10144_B_BLR3,1,20,26.5,0.0,0.0
10144_B_BLR3,1,21,26.5,0.0,0.0
10144_B_BLR3,1,22,26.5,0.0,0.0
10144_B_BLR3,1,23,26.5,0.0,0.0
10144_B_BLR3,1,24,26.5,0.0,0.0
10144_B_BLR3,1,25,26.5,0.0,0.0
10156_G_GEN2,1,1,2.4000000000000004,0.0,0.0
10156_G_GEN2,1,2,2.4000000000000004,0.0,0.0
10156_G_GEN2,1,3,2.4000000000000004,0.0,0.0
10156_G_GEN2,1,4,2.4000000000000004,0.0,0.0
10156_G_GEN2,1,5,2.4000000000000004,0.0,0.0
10156_G_GEN2,1,6,2.4000000000000004,0.0,0.0
10156_G_GEN2,1,7,2.4000000000000004,0.0,0.0
10156_G_GEN2,1,8,2.4000000000000004,0.0,0.0
10156_G_GEN2,1,9,2.4000000000000004,0.0,0.0
10156_G_GEN2,1,10,2.4000000000000004,0.0,0.0
10156_G_GEN2,1,11,2.4000000000000004,0.0,0.0
10156_G_GEN2,1,12,2.4000000000000004,0.0,0.0
10156_G_GEN2,1,13,2.4000000000000004,0.0,0.0
10156_G_GEN2,1,14,2.4000000000000004,0.0,0.0
10156_G_GEN2,1,15,2.4000000000000004,0.0,0.0
10156_G_GEN2,1,16,2.4000000000000004,0.0,0.0
10156_G_GEN2,1,17,6.0,0.0,0.0
10156_G_GEN2,1,18,6.0,0.0,0.0
10156_G_GEN2,1,19,6.0,0.0,0.0
10156_G_GEN2,1,20,6.0,0.0,0.0
10156_G_GEN2,1,21,6.0,0.0,0.0
10156_G_GEN2,1,22,6.0,0.0,0.0
10156_G_GEN2,1,23,2.4000000000000004,0.0,0.0
10156_G_GEN2,1,24,2.4000000000000004,0.0,0.0
10156_G_GEN2,1,25,2.4000000000000004,0.0,0.0
10156_G_GEN3,1,1,0.0,0.0,0.0
10156_G_GEN3,1,2,0.0,0.0,0.0
10156_G_GEN3,1,3,0.0,0.0,0.0
10156_G_GEN3,1,4,0.0,0.0,0.0
10156_G_GEN3,1,5,0.0,0.0,0.0
10156_G_GEN3,1,6,0.0,0.0,0.0
10156_G_GEN3,1,7,0.0,0.0,0.0
10156_G_GEN3,1,8,0.0,0.0,0.0
10156_G_GEN3,1,9,0.0,0.0,0.0
10156_G_GEN3,1,10,0.0,0.0,0.0
10156_G_GEN3,1,11,0.0,0.0,0.0
10156_G_GEN3,1,12,0.0,0.0,0.0
10156_G_GEN3,1,13,0.0,0.0,0.0
10156_G_GEN3,1,14,0.0,0.0,0.0
10156_G_GEN3,1,15,0.0,0.0,0.0
10156_G_GEN3,1,16,0.0,0.0,0.0
10156_G_GEN3,1,17,0.0,0.0,0.0
10156_G_GEN3,1,18,0.0,0.0,0.0
10156_G_GEN3,1,19,0.0,0.0,0.0
10156_G_GEN3,1,20,0.0,0.0,0.0
10156_G_GEN3,1,21,0.0,0.0,0.0
10156_G_GEN3,1,22,0.0,0.0,0.0
10156_G_GEN3,1,23,0.0,0.0,0.0
10156_G_GEN3,1,24,0.0,0.0,0.0
10156_G_GEN3,1,25,0.0,0.0,0.0
10156_G_GEN4,1,1,18.0,0.0,0.0
10156_G_GEN4,1,2,18.0,0.0,0.0
10156_G_GEN4,1,3,18.0,0.0,0.0
10156_G_GEN4,1,4,18.0,0.0,0.0
10156_G_GEN4,1,5,18.0,0.0,0.0
10156_G_GEN4,1,6,18.0,0.0,0.0
10156_G_GEN4,1,7,18.0,0.0,0.0
10156_G_GEN4,1,8,18.0,0.0,0.0
10156_G_GEN4,1,9,18.0,0.0,0.0
10156_G_GEN4,1,10,18.0,0.0,0.0
10156_G_GEN4,1,11,18.0,0.0,0.0
10156_G_GEN4,1,12,18.0,0.0,0.0
10156_G_GEN4,1,13,18.0,0.0,0.0
10156_G_GEN4,1,14,18.0,0.0,0.0
10156_G_GEN4,1,15,18.0,0.0,0.0
10156_G_GEN4,1,16,18.0,0.0,0.0
10156_G_GEN4,1,17,45.0,0.0,0.0
10156_G_GEN4,1,18,45.0,0.0,0.0
10156_G_GEN4,1,19,45.0,0.0,0.0
10156_G_GEN4,1,20,45.0,0.0,0.0
10156_G_GEN4,1,21,45.0,0.0,0.0
10156_G_GEN4,1,22,45.0,0.0,0.0
10156_G_GEN4,1,23,18.0,0.0,0.0
10156_G_GEN4,1,24,18.0,0.0,0.0
10156_G_GEN4,1,25,18.0,0.0,0.0
10169_G_GEN1,1,1,16.52,0.0,0.0
10169_G_GEN1,1,2,16.52,0.0,0.0
10169_G_GEN1,1,3,16.52,0.0,0.0
10169_G_GEN1,1,4,16.52,0.0,0.0
10169_G_GEN1,1,5,16.52,0.0,0.0
10169_G_GEN1,1,6,16.52,0.0,0.0
10169_G_GEN1,1,7,16.52,0.0,0.0
10169_G_GEN1,1,8,16.52,0.0,0.0
10169_G_GEN1,1,9,16.52,0.0,0.0
10169_G_GEN1,1,10,16.52,0.0,0.0
10169_G_GEN1,1,11,16.52,0.0,0.0
10169_G_GEN1,1,12,16.52,0.0,0.0
10169_G_GEN1,1,13,16.52,0.0,0.0
10169_G_GEN1,1,14,16.52,0.0,0.0
10169_G_GEN1,1,15,16.52,0.0,0.0
10169_G_GEN1,1,16,16.52,0.0,0.0
10169_G_GEN1,1,17,41.3,0.0,0.0
10169_G_GEN1,1,18,41.3,0.0,0.0
10169_G_GEN1,1,19,41.3,0.0,0.0
10169_G_GEN1,1,20,41.3,0.0,0.0
10169_G_GEN1,1,21,41.3,0.0,0.0
10169_G_GEN1,1,22,41.3,0.0,0.0
10169_G_GEN1,1,23,16.52,0.0,0.0
10169_G_GEN1,1,24,16.52,0.0,0.0
10169_G_GEN1,1,25,16.52,0.0,0.0
10169_G_GEN2,1,1,3.2,0.0,0.0
10169_G_GEN2,1,2,3.2,0.0,0.0
10169_G_GEN2,1,3,3.2,0.0,0.0
10169_G_GEN2,1,4,3.2,0.0,0.0
10169_G_GEN2,1,5,3.2,0.0,0.0
10169_G_GEN2,1,6,3.2,0.0,0.0
10169_G_GEN2,1,7,3.2,0.0,0.0
10169_G_GEN2,1,8,3.2,0.0,0.0
10169_G_GEN2,1,9,3.2,0.0,0.0
10169_G_GEN2,1,10,3.2,0.0,0.0
10169_G_GEN2,1,11,3.2,0.0,0.0
10169_G_GEN2,1,12,3.2,0.0,0.0
10169_G_GEN2,1,13,3.2,0.0,0.0
10169_G_GEN2,1,14,3.2,0.0,0.0
10169_G_GEN2,1,15,3.2,0.0,0.0
10169_G_GEN2,1,16,3.2,0.0,0.0
10169_G_GEN2,1,17,8.0,0.0,0.0
10169_G_GEN2,1,18,8.0,0.0,0.0
10169_G_GEN2,1,19,8.0,0.0,0.0
10169_G_GEN2,1,20,8.0,0.0,0.0
10169_G_GEN2,1,21,8.0,0.0,0.0
10169_G_GEN2,1,22,8.0,0.0,0.0
10169_G_GEN2,1,23,3.2,0.0,0.0
10169_G_GEN2,1,24,3.2,0.0,0.0
10169_G_GEN2,1,25,3.2,0.0,0.0
10175_G_0799,1,1,0.0,0.0,0.0
10175_G_0799,1,2,0.0,0.0,0.0
10175_G_0799,1,3,0.0,0.0,0.0
10175_G_0799,1,4,0.0,0.0,0.0
10175_G_0799,1,5,0.0,0.0,0.0
10175_G_0799,1,6,0.0,0.0,0.0
10175_G_0799,1,7,0.0,0.0,0.0
10175_G_0799,1,8,0.0,0.0,0.0
10175_G_0799,1,9,0.0,0.0,0.0
10175_G_0799,1,10,0.0,0.0,0.0
10175_G_0799,1,11,0.0,0.0,0.0
10175_G_0799,1,12,0.0,0.0,0.0
10175_G_0799,1,13,0.0,0.0,0.0
10175_G_0799,1,14,0.0,0.0,0.0
10175_G_0799,1,15,0.0,0.0,0.0
10175_G_0799,1,16,0.0,0.0,0.0
10175_G_0799,1,17,0.0,0.0,0.0
10175_G_0799,1,18,0.0,0.0,0.0
10175_G_0799,1,19,0.0,0.0,0.0
10175_G_0799,1,20,0.0,0.0,0.0
10175_G_0799,1,21,0.0,0.0,0.0
10175_G_0799,1,22,0.0,0.0,0.0
10175_G_0799,1,23,0.0,0.0,0.0
10175_G_0799,1,24,0.0,0.0,0.0
10175_G_0799,1,25,0.0,0.0,0.0
10175_G_5083,1,1,0.0,0.0,0.0
10175_G_5083,1,2,0.0,0.0,0.0
10175_G_5083,1,3,0.0,0.0,0.0
10175_G_5083,1,4,0.0,0.0,0.0
10175_G_5083,1,5,0.0,0.0,0.0
10175_G_5083,1,6,0.0,0.0,0.0
10175_G_5083,1,7,0.0,0.0,0.0
10175_G_5083,1,8,0.0,0.0,0.0
10175_G_5083,1,9,0.0,0.0,0.0
10175_G_5083,1,10,0.0,0.0,0.0
10175_G_5083,1,11,0.0,0.0,0.0
10175_G_5083,1,12,0.0,0.0,0.0
10175_G_5083,1,13,0.0,0.0,0.0
10175_G_5083,1,14,0.0,0.0,0.0
10175_G_5083,1,15,0.0,0.0,0.0
10175_G_5083,1,16,0.0,0.0,0.0
10175_G_5083,1,17,0.0,0.0,0.0
10175_G_5083,1,18,0.0,0.0,0.0
10175_G_5083,1,19,0.0,0.0,0.0
10175_G_5083,1,20,0.0,0.0,0.0
10175_G_5083,1,21,0.0,0.0,0.0
10175_G_5083,1,22,0.0,0.0,0.0
10175_G_5083,1,23,0.0,0.0,0.0
10175_G_5083,1,24,0.0,0.0,0.0
10175_G_5083,1,25,0.0,0.0,0.0
10213_G_GEN1,1,1,15.480000000000004,0.0,0.0
10213_G_GEN1,1,2,15.480000000000004,0.0,0.0
10213_G_GEN1,1,3,15.480000000000004,0.0,0.0
10213_G_GEN1,1,4,15.480000000000002,0.0,0.0
10213_G_GEN1,1,5,15.480000000000002,0.0,0.0
10213_G_GEN1,1,6,15.480000000000004,0.0,0.0
10213_G_GEN1,1,7,15.480000000000002,0.0,0.0
10213_G_GEN1,1,8,15.480000000000002,0.0,0.0
10213_G_GEN1,1,9,15.480000000000004,0.0,0.0
10213_G_GEN1,1,10,15.480000000000002,0.0,0.0
10213_G_GEN1,1,11,15.480000000000002,0.0,0.0
10213_G_GEN1,1,12,15.480000000000004,0.0,0.0
10213_G_GEN1,1,13,15.480000000000004,0.0,0.0
10213_G_GEN1,1,14,15.480000000000004,0.0,0.0
10213_G_GEN1,1,15,15.480000000000002,0.0,0.0
10213_G_GEN1,1,16,15.480000000000002,0.0,0.0
10213_G_GEN1,1,17,38.7,0.0,0.0
10213_G_GEN1,1,18,38.7,0.0,0.0
10213_G_GEN1,1,19,38.7,0.0,0.0
10213_G_GEN1,1,20,38.7,0.0,0.0
10213_G_GEN1,1,21,38.7,0.0,0.0
10213_G_GEN1,1,22,38.7,0.0,0.0
10213_G_GEN1,1,23,15.480000000000004,0.0,0.0
10213_G_GEN1,1,24,15.480000000000004,0.0,0.0
10213_G_GEN1,1,25,15.480000000000004,0.0,0.0
10213_G_GEN2,1,1,15.480000000000004,0.0,0.0
10213_G_GEN2,1,2,15.480000000000004,0.0,0.0
10213_G_GEN2,1,3,15.480000000000004,0.0,0.0
10213_G_GEN2,1,4,15.480000000000004,0.0,0.0
10213_G_GEN2,1,5,15.480000000000002,0.0,0.0
10213_G_GEN2,1,6,15.480000000000002,0.0,0.0
10213_G_GEN2,1,7,15.480000000000002,0.0,0.0
10213_G_GEN2,1,8,15.480000000000004,0.0,0.0
10213_G_GEN2,1,9,15.480000000000002,0.0,0.0
10213_G_GEN2,1,10,15.480000000000002,0.0,0.0
10213_G_GEN2,1,11,15.480000000000002,0.0,0.0
10213_G_GEN2,1,12,15.480000000000002,0.0,0.0
10213_G_GEN2,1,13,15.480000000000002,0.0,0.0
10213_G_GEN2,1,14,15.480000000000002,0.0,0.0
10213_G_GEN2,1,15,15.480000000000002,0.0,0.0
10213_G_GEN2,1,16,15.480000000000004,0.0,0.0
10213_G_GEN2,1,17,38.7,0.0,0.0
10213_G_GEN2,1,18,38.7,0.0,0.0
10213_G_GEN2,1,19,38.7,0.0,0.0
10213_G_GEN2,1,20,38.7,0.0,0.0
10213_G_GEN2,1,21,38.7,0.0,0.0
10213_G_GEN2,1,22,38.7,0.0,0.0
10213_G_GEN2,1,23,15.480000000000002,0.0,0.0
10213_G_GEN2,1,24,15.480000000000004,0.0,0.0
10213_G_GEN2,1,25,15.480000000000004,0.0,0.0
10213_G_GEN5,1,1,15.68,0.0,0.0
10213_G_GEN5,1,2,15.68,0.0,0.0
10213_G_GEN5,1,3,15.68,0.0,0.0
10213_G_GEN5,1,4,15.68,0.0,0.0
10213_G_GEN5,1,5,15.68,0.0,0.0
10213_G_GEN5,1,6,15.68,0.0,0.0
10213_G_GEN5,1,7,15.68,0.0,0.0
10213_G_GEN5,1,8,15.68,0.0,0.0
10213_G_GEN5,1,9,15.68,0.0,0.0
10213_G_GEN5,1,10,15.68,0.0,0.0
10213_G_GEN5,1,11,15.68,0.0,0.0
10213_G_GEN5,1,12,15.68,0.0,0.0
10213_G_GEN5,1,13,15.68,0.0,0.0
10213_G_GEN5,1,14,15.68,0.0,0.0
10213_G_GEN5,1,15,15.68,0.0,0.0
10213_G_GEN5,1,16,15.68,0.0,0.0
10213_G_GEN5,1,17,39.2,0.0,0.0
10213_G_GEN5,1,18,39.2,0.0,0.0
10213_G_GEN5,1,19,39.2,0.0,0.0
10213_G_GEN5,1,20,39.2,0.0,0.0
10213_G_GEN5,1,21,39.2,0.0,0.0
10213_G_GEN5,1,22,39.2,0.0,0.0
10213_G_GEN5,1,23,15.68,0.0,0.0
10213_G_GEN5,1,24,15.68,0.0,0.0
10213_G_GEN5,1,25,15.68,0.0,0.0
10213_G_GEN6,1,1,3.64,0.0,0.0
10213_G_GEN6,1,2,3.64,0.0,0.0
10213_G_GEN6,1,3,3.64,0.0,0.0
10213_G_GEN6,1,4,3.64,0.0,0.0
10213_G_GEN6,1,5,3.64,0.0,0.0
10213_G_GEN6,1,6,3.64,0.0,0.0
10213_G_GEN6,1,7,3.64,0.0,0.0
10213_G_GEN6,1,8,3.6400000000000006,0.0,0.0
10213_G_GEN6,1,9,3.64,0.0,0.0
10213_G_GEN6,1,10,3.64,0.0,0.0
10213_G_GEN6,1,11,3.64,0.0,0.0
10213_G_GEN6,1,12,3.6400000000000006,0.0,0.0
10213_G_GEN6,1,13,3.6400000000000006,0.0,0.0
10213_G_GEN6,1,14,3.6400000000000006,0.0,0.0
10213_G_GEN6,1,15,3.6400000000000006,0.0,0.0
10213_G_GEN6,1,16,3.64,0.0,0.0
10213_G_GEN6,1,17,9.1,0.0,0.0
10213_G_GEN6,1,18,9.1,0.0,0.0
10213_G_GEN6,1,19,9.1,0.0,0.0
10213_G_GEN6,1,20,9.1,0.0,0.0
10213_G_GEN6,1,21,9.1,0.0,0.0
10213_G_GEN6,1,22,9.1,0.0,0.0
10213_G_GEN6,1,23,3.64,0.0,0.0
10213_G_GEN6,1,24,3.6400000000000006,0.0,0.0
10213_G_GEN6,1,25,3.6400000000000006,0.0,0.0
10213_G_GEN7,1,1,16.28,0.0,0.0
10213_G_GEN7,1,2,16.28,0.0,0.0
10213_G_GEN7,1,3,16.28,0.0,0.0
10213_G_GEN7,1,4,16.28,0.0,0.0
10213_G_GEN7,1,5,16.28,0.0,0.0
10213_G_GEN7,1,6,40.7,0.0,0.0
10213_G_GEN7,1,7,40.7,0.0,0.0
10213_G_GEN7,1,8,16.28,0.0,0.0
10213_G_GEN7,1,9,16.28,0.0,0.0
10213_G_GEN7,1,10,16.28,0.0,0.0
10213_G_GEN7,1,11,16.28,0.0,0.0
10213_G_GEN7,1,12,16.28,0.0,0.0
10213_G_GEN7,1,13,16.28,0.0,0.0
10213_G_GEN7,1,14,16.28,0.0,0.0
10213_G_GEN7,1,15,16.28,0.0,0.0
10213_G_GEN7,1,16,40.7,0.0,0.0
10213_G_GEN7,1,17,40.7,0.0,0.0
10213_G_GEN7,1,18,40.7,0.0,0.0
10213_G_GEN7,1,19,40.7,0.0,0.0
10213_G_GEN7,1,20,40.7,0.0,0.0
10213_G_GEN7,1,21,40.7,0.0,0.0
10213_G_GEN7,1,22,40.7,0.0,0.0
10213_G_GEN7,1,23,40.7,0.0,0.0
10213_G_GEN7,1,24,40.7,0.0,0.0
10213_G_GEN7,1,25,16.28,0.0,0.0
10213_G_GEN8,1,1,2.0800000000051613,0.0,0.0
10213_G_GEN8,1,2,2.08,0.0,0.0
10213_G_GEN8,1,3,2.08,0.0,0.0
10213_G_GEN8,1,4,2.08,0.0,0.0
10213_G_GEN8,1,5,2.08,0.0,0.0
10213_G_GEN8,1,6,5.2,0.0,0.0
10213_G_GEN8,1,7,5.2,0.0,0.0
10213_G_GEN8,1,8,2.08,0.0,0.0
10213_G_GEN8,1,9,2.08,0.0,0.0
10213_G_GEN8,1,10,2.08,0.0,0.0
10213_G_GEN8,1,11,2.08,0.0,0.0
10213_G_GEN8,1,12,2.08,0.0,0.0
10213_G_GEN8,1,13,2.08,0.0,0.0
10213_G_GEN8,1,14,2.08,0.0,0.0
10213_G_GEN8,1,15,2.08,0.0,0.0
10213_G_GEN8,1,16,5.2,0.0,0.0
10213_G_GEN8,1,17,5.2,0.0,0.0
10213_G_GEN8,1,18,5.2,0.0,0.0
10213_G_GEN8,1,19,5.2,0.0,0.0
10213_G_GEN8,1,20,5.2,0.0,0.0
10213_G_GEN8,1,21,5.2,0.0,0.0
10213_G_GEN8,1,22,5.2,0.0,0.0
10213_G_GEN8,1,23,5.2,0.0,0.0
10213_G_GEN8,1,24,5.2,0.0,0.0
10213_G_GEN8,1,25,2.08,0.0,0.0
10294_G_GTG,1,1,29.20000000000001,0.0,0.0
10294_G_GTG,1,2,29.20000000000001,0.0,0.0
10294_G_GTG,1,3,29.20000000000001,0.0,0.0
10294_G_GTG,1,4,29.20000000000001,0.0,0.0
10294_G_GTG,1,5,29.20000000000001,0.0,0.0
10294_G_GTG,1,6,29.20000000000001,0.0,0.0
10294_G_GTG,1,7,29.20000000000001,0.0,0.0
10294_G_GTG,1,8,29.20000000000001,0.0,0.0
10294_G_GTG,1,9,29.20000000000001,0.0,0.0
10294_G_GTG,1,10,29.20000000000001,0.0,0.0
10294_G_GTG,1,11,29.20000000000001,0.0,0.0
10294_G_GTG,1,12,29.20000000000001,0.0,0.0
10294_G_GTG,1,13,29.20000000000001,0.0,0.0
10294_G_GTG,1,14,29.20000000000001,0.0,0.0
10294_G_GTG,1,15,29.20000000000001,0.0,0.0
10294_G_GTG,1,16,29.20000000000001,0.0,0.0
10294_G_GTG,1,17,73.0,0.0,0.0
10294_G_GTG,1,18,73.0,0.0,0.0
10294_G_GTG,1,19,73.0,0.0,0.0
10294_G_GTG,1,20,73.0,0.0,0.0
10294_G_GTG,1,21,73.0,0.0,0.0
10294_G_GTG,1,22,73.0,0.0,0.0
10294_G_GTG,1,23,50.58616572988725,21.244423637919155,0.0
10294_G_GTG,1,24,29.20000000000001,0.0,0.0
10294_G_GTG,1,25,29.20000000000001,0.0,0.0
10294_G_STG,1,1,15.2,0.0,0.0
10294_G_STG,1,2,15.2,0.0,0.0
10294_G_STG,1,3,15.2,0.0,0.0
10294_G_STG,1,4,15.2,0.0,0.0
10294_G_STG,1,5,15.2,0.0,0.0
10294_G_STG,1,6,15.2,0.0,0.0
10294_G_STG,1,7,15.2,0.0,0.0
10294_G_STG,1,8,15.2,0.0,0.0
10294_G_STG,1,9,15.2,0.0,0.0
10294_G_STG,1,10,15.2,0.0,0.0
10294_G_STG,1,11,15.2,0.0,0.0
10294_G_STG,1,12,15.2,0.0,0.0
10294_G_STG,1,13,15.2,0.0,0.0
10294_G_STG,1,14,15.2,0.0,0.0
10294_G_STG,1,15,15.2,0.0,0.0
10294_G_STG,1,16,15.2,0.0,0.0
10294_G_STG,1,17,38.0,0.0,0.0
10294_G_STG,1,18,38.0,0.0,0.0
10294_G_STG,1,19,38.0,0.0,0.0
10294_G_STG,1,20,38.0,0.0,0.0
10294_G_STG,1,21,38.0,0.0,0.0
10294_G_STG,1,22,38.0,0.0,0.0
10294_G_STG,1,23,15.2,0.0,0.0
10294_G_STG,1,24,15.2,0.0,0.0
10294_G_STG,1,25,15.2,0.0,0.0
10342_G_TG1,1,1,14.0,0.0,0.0
10342_G_TG1,1,2,14.0,0.0,0.0
10342_G_TG1,1,3,14.0,0.0,0.0
10342_G_TG1,1,4,14.0,0.0,0.0
10342_G_TG1,1,5,14.0,0.0,0.0
10342_G_TG1,1,6,14.0,0.0,0.0
10342_G_TG1,1,7,14.0,0.0,0.0
10342_G_TG1,1,8,14.0,0.0,0.0
10342_G_TG1,1,9,14.0,0.0,0.0
10342_G_TG1,1,10,14.0,0.0,0.0
10342_G_TG1,1,11,14.0,0.0,0.0
10342_G_TG1,1,12,14.0,0.0,0.0
10342_G_TG1,1,13,14.0,0.0,0.0
10342_G_TG1,1,14,14.0,0.0,0.0
10342_G_TG1,1,15,14.0,0.0,0.0
10342_G_TG1,1,16,14.0,0.0,0.0
10342_G_TG1,1,17,35.0,0.0,0.0
10342_G_TG1,1,18,35.0,0.0,0.0
10342_G_TG1,1,19,35.0,0.0,0.0
10342_G_TG1,1,20,35.0,0.0,0.0
10342_G_TG1,1,21,35.0,0.0,0.0
10342_G_TG1,1,22,35.0,0.0,0.0
10342_G_TG1,1,23,35.0,0.0,0.0
10342_G_TG1,1,24,14.0,0.0,0.0
10342_G_TG1,1,25,14.0,0.0,0.0
10342_G_TG2,1,1,14.0,0.0,0.0
10342_G_TG2,1,2,14.0,0.0,0.0
10342_G_TG2,1,3,14.0,0.0,0.0
10342_G_TG2,1,4,14.0,0.0,0.0
10342_G_TG2,1,5,14.0,0.0,0.0
10342_G_TG2,1,6,14.0,0.0,0.0
10342_G_TG2,1,7,14.0,0.0,0.0
10342_G_TG2,1,8,14.0,0.0,0.0
10342_G_TG2,1,9,14.0,0.0,0.0
10342_G_TG2,1,10,14.0,0.0,0.0
10342_G_TG2,1,11,14.0,0.0,0.0
10342_G_TG2,1,12,14.0,0.0,0.0
10342_G_TG2,1,13,14.0,0.0,0.0
10342_G_TG2,1,14,14.0,0.0,0.0
10342_G_TG2,1,15,14.0,0.0,0.0
10342_G_TG2,1,16,14.0,0.0,0.0
10342_G_TG2,1,17,35.0,0.0,0.0
10342_G_TG2,1,18,35.0,0.0,0.0
10342_G_TG2,1,19,35.0,0.0,0.0
10342_G_TG2,1,20,35.0,0.0,0.0
10342_G_TG2,1,21,35.0,0.0,0.0
10342_G_TG2,1,22,35.0,0.0,0.0
10342_G_TG2,1,23,35.0,0.0,0.0
10342_G_TG2,1,24,14.0,0.0,0.0
10342_G_TG2,1,25,14.0,0.0,0.0
10342_G_TG3,1,1,13.4,0.0,0.0
10342_G_TG3,1,2,13.4,0.0,0.0
10342_G_TG3,1,3,13.399999999999999,0.0,0.0
10342_G_TG3,1,4,13.4,0.0,0.0
10342_G_TG3,1,5,13.4,0.0,0.0
10342_G_TG3,1,6,13.399999999999999,0.0,0.0
10342_G_TG3,1,7,13.4,0.0,0.0
10342_G_TG3,1,8,13.4,0.0,0.0
10342_G_TG3,1,9,13.4,0.0,0.0
10342_G_TG3,1,10,13.4,0.0,0.0
10342_G_TG3,1,11,13.399999999999999,0.0,0.0
10342_G_TG3,1,12,13.4,0.0,0.0
10342_G_TG3,1,13,13.4,0.0,0.0
10342_G_TG3,1,14,13.4,0.0,0.0
10342_G_TG3,1,15,13.4,0.0,0.0
10342_G_TG3,1,16,13.4,0.0,0.0
10342_G_TG3,1,17,33.5,0.0,0.0
10342_G_TG3,1,18,33.5,0.0,0.0
10342_G_TG3,1,19,33.5,0.0,0.0
10342_G_TG3,1,20,33.5,0.0,0.0
10342_G_TG3,1,21,33.5,0.0,0.0
10342_G_TG3,1,22,33.5,0.0,0.0
10342_G_TG3,1,23,33.5,0.0,0.0
10342_G_TG3,1,24,13.399999999999999,0.0,0.0
10342_G_TG3,1,25,13.399999999999999,0.0,0.0
10349_G_GEN1,1,1,0.0,0.0,0.0
10349_G_GEN1,1,2,0.0,0.0,0.0
10349_G_GEN1,1,3,0.0,0.0,0.0
10349_G_GEN1,1,4,0.0,0.0,0.0
10349_G_GEN1,1,5,0.0,0.0,0.0
10349_G_GEN1,1,6,0.0,0.0,0.0
10349_G_GEN1,1,7,0.0,0.0,0.0
10349_G_GEN1,1,8,0.0,0.0,0.0
10349_G_GEN1,1,9,0.0,0.0,0.0
10349_G_GEN1,1,10,0.0,0.0,0.0
10349_G_GEN1,1,11,0.0,0.0,0.0
10349_G_GEN1,1,12,0.0,0.0,0.0
10349_G_GEN1,1,13,0.0,0.0,0.0
10349_G_GEN1,1,14,0.0,0.0,0.0
10349_G_GEN1,1,15,0.0,0.0,0.0
10349_G_GEN1,1,16,0.0,0.0,0.0
10349_G_GEN1,1,17,62.839,0.0,0.0
10349_G_GEN1,1,18,95.5,0.0,0.0
10349_G_GEN1,1,19,95.5,0.0,0.0
10349_G_GEN1,1,20,70.861,0.0,0.0
10349_G_GEN1,1,21,0.0,0.0,0.0
10349_G_GEN1,1,22,0.0,0.0,0.0
10349_G_GEN1,1,23,0.0,0.0,0.0
10349_G_GEN1,1,24,0.0,0.0,0.0
10349_G_GEN1,1,25,0.0,0.0,0.0
10387_G_1A,1,1,126.2,0.0,0.0
10387_G_1A,1,2,126.2,0.0,0.0
10387_G_1A,1,3,126.2,0.0,0.0
10387_G_1A,1,4,126.2,0.0,0.0
10387_G_1A,1,5,126.2,0.0,0.0
10387_G_1A,1,6,126.2,0.0,0.0
10387_G_1A,1,7,126.2,0.0,0.0
10387_G_1A,1,8,126.2,0.0,0.0
10387_G_1A,1,9,50.480000000000004,0.0,0.0
10387_G_1A,1,10,50.48,0.0,0.0
10387_G_1A,1,11,50.48,0.0,0.0
10387_G_1A,1,12,50.480000000000004,0.0,0.0
10387_G_1A,1,13,126.2,0.0,0.0
10387_G_1A,1,14,126.2,0.0,0.0
10387_G_1A,1,15,126.2,0.0,0.0
10387_G_1A,1,16,126.2,0.0,0.0
10387_G_1A,1,17,126.2,0.0,0.0
10387_G_1A,1,18,126.2,0.0,0.0
10387_G_1A,1,19,126.2,0.0,0.0
10387_G_1A,1,20,126.2,0.0,0.0
10387_G_1A,1,21,126.2,0.0,0.0
10387_G_1A,1,22,126.2,0.0,0.0
10387_G_1A,1,23,126.2,0.0,0.0
10387_G_1A,1,24,126.2,0.0,0.0
10387_G_1A,1,25,126.2,0.0,0.0
10387_G_3,1,1,39.8,0.0,0.0
10387_G_3,1,2,39.8,0.0,0.0
10387_G_3,1,3,39.8,0.0,0.0
10387_G_3,1,4,39.8,0.0,0.0
10387_G_3,1,5,39.8,0.0,0.0
10387_G_3,1,6,39.8,0.0,0.0
10387_G_3,1,7,39.8,0.0,0.0
10387_G_3,1,8,39.8,0.0,0.0
10387_G_3,1,9,15.92,0.0,0.0
10387_G_3,1,10,15.92,0.0,0.0
10387_G_3,1,11,15.92,0.0,0.0
10387_G_3,1,12,15.920000000000002,0.0,0.0
10387_G_3,1,13,39.8,0.0,0.0
10387_G_3,1,14,39.8,0.0,0.0
10387_G_3,1,15,39.8,0.0,0.0
10387_G_3,1,16,39.8,0.0,0.0
10387_G_3,1,17,39.8,0.0,0.0
10387_G_3,1,18,39.8,0.0,0.0
10387_G_3,1,19,39.8,0.0,0.0
10387_G_3,1,20,39.8,0.0,0.0
10387_G_3,1,21,39.8,0.0,0.0
10387_G_3,1,22,39.8,0.0,0.0
10387_G_3,1,23,39.8,0.0,0.0
10387_G_3,1,24,39.8,0.0,0.0
10387_G_3,1,25,39.8,0.0,0.0
10405_G_GEN1,1,1,0.0,0.0,0.0
10405_G_GEN1,1,2,0.0,0.0,0.0
10405_G_GEN1,1,3,0.0,0.0,0.0
10405_G_GEN1,1,4,0.0,0.0,0.0
10405_G_GEN1,1,5,0.0,0.0,0.0
10405_G_GEN1,1,6,0.0,0.0,0.0
10405_G_GEN1,1,7,0.0,0.0,0.0
10405_G_GEN1,1,8,0.0,0.0,0.0
10405_G_GEN1,1,9,0.0,0.0,0.0
10405_G_GEN1,1,10,0.0,0.0,0.0
10405_G_GEN1,1,11,0.0,0.0,0.0
10405_G_GEN1,1,12,0.0,0.0,0.0
10405_G_GEN1,1,13,0.0,0.0,0.0
10405_G_GEN1,1,14,0.0,0.0,0.0
10405_G_GEN1,1,15,0.0,0.0,0.0
10405_G_GEN1,1,16,0.0,0.0,0.0
10405_G_GEN1,1,17,22.0,0.0,0.0
10405_G_GEN1,1,18,22.0,0.0,0.0
10405_G_GEN1,1,19,22.0,0.0,0.0
10405_G_GEN1,1,20,22.0,0.0,0.0
10405_G_GEN1,1,21,22.0,0.0,0.0
10405_G_GEN1,1,22,22.0,0.0,0.0
10405_G_GEN1,1,23,0.0,0.0,0.0
10405_G_GEN1,1,24,0.0,0.0,0.0
10405_G_GEN1,1,25,0.0,0.0,0.0
10405_G_GEN2,1,1,0.0,0.0,0.0
10405_G_GEN2,1,2,0.0,0.0,0.0
10405_G_GEN2,1,3,0.0,0.0,0.0
10405_G_GEN2,1,4,0.0,0.0,0.0
10405_G_GEN2,1,5,0.0,0.0,0.0
10405_G_GEN2,1,6,0.0,0.0,0.0
10405_G_GEN2,1,7,0.0,0.0,0.0
10405_G_GEN2,1,8,0.0,0.0,0.0
10405_G_GEN2,1,9,0.0,0.0,0.0
10405_G_GEN2,1,10,0.0,0.0,0.0
10405_G_GEN2,1,11,0.0,0.0,0.0
10405_G_GEN2,1,12,0.0,0.0,0.0
10405_G_GEN2,1,13,0.0,0.0,0.0
10405_G_GEN2,1,14,0.0,0.0,0.0
10405_G_GEN2,1,15,0.0,0.0,0.0
10405_G_GEN2,1,16,0.0,0.0,0.0
10405_G_GEN2,1,17,11.8,0.0,0.0
10405_G_GEN2,1,18,11.8,0.0,0.0
10405_G_GEN2,1,19,11.8,0.0,0.0
10405_G_GEN2,1,20,11.8,0.0,0.0
10405_G_GEN2,1,21,11.8,0.0,0.0
10405_G_GEN2,1,22,11.8,0.0,0.0
10405_G_GEN2,1,23,0.0,0.0,0.0
10405_G_GEN2,1,24,0.0,0.0,0.0
10405_G_GEN2,1,25,0.0,0.0,0.0
10472_B_B300,1,1,59.20000000000001,0.0,0.0
10472_B_B300,1,2,59.20000000000001,0.0,0.0
10472_B_B300,1,3,59.20000000000001,0.0,0.0
10472_B_B300,1,4,59.20000000000001,0.0,0.0
10472_B_B300,1,5,59.20000000000001,0.0,0.0
10472_B_B300,1,6,59.20000000000001,0.0,0.0
10472_B_B300,1,7,59.20000000000001,0.0,0.0
10472_B_B300,1,8,59.20000000000001,0.0,0.0
10472_B_B300,1,9,23.680000000000014,0.0,0.0
10472_B_B300,1,10,23.68000000000001,0.0,0.0
10472_B_B300,1,11,23.68000000000001,0.0,0.0
10472_B_B300,1,12,23.68000000000001,0.0,0.0
10472_B_B300,1,13,59.20000000000001,0.0,0.0
10472_B_B300,1,14,59.20000000000001,0.0,0.0
10472_B_B300,1,15,59.20000000000001,0.0,0.0
10472_B_B300,1,16,59.20000000000001,0.0,0.0
10472_B_B300,1,17,59.20000000000001,0.0,0.0
10472_B_B300,1,18,59.20000000000001,0.0,0.0
10472_B_B300,1,19,59.20000000000001,0.0,0.0
10472_B_B300,1,20,59.20000000000001,0.0,0.0
10472_B_B300,1,21,59.20000000000001,0.0,0.0
10472_B_B300,1,22,59.20000000000001,0.0,0.0
10472_B_B300,1,23,59.20000000000001,0.0,0.0
10472_B_B300,1,24,59.20000000000001,0.0,0.0
10472_B_B300,1,25,59.20000000000001,0.0,0.0
10479_G_T101,1,1,4.0,0.0,0.0
10479_G_T101,1,2,4.0,0.0,0.0
10479_G_T101,1,3,4.0,0.0,0.0
10479_G_T101,1,4,4.0,0.0,0.0
10479_G_T101,1,5,4.0,0.0,0.0
10479_G_T101,1,6,4.0,0.0,0.0
10479_G_T101,1,7,4.0,0.0,0.0
10479_G_T101,1,8,4.0,0.0,0.0
10479_G_T101,1,9,4.0,0.0,0.0
10479_G_T101,1,10,2.632,1.3679999999998322,1.032000000000002
10479_G_T101,1,11,1.6,2.399999999999943,0.0
10479_G_T101,1,12,2.6319999999999997,1.368000000000005,0.0
10479_G_T101,1,13,4.0,0.0,0.0
10479_G_T101,1,14,4.0,0.0,0.0
10479_G_T101,1,15,4.0,0.0,0.0
10479_G_T101,1,16,4.0,0.0,0.0
10479_G_T101,1,17,4.0,0.0,0.0
10479_G_T101,1,18,4.0,0.0,0.0
10479_G_T101,1,19,4.0,0.0,0.0
10479_G_T101,1,20,4.0,0.0,0.0
10479_G_T101,1,21,4.0,0.0,0.0
10479_G_T101,1,22,4.0,0.0,0.0
10479_G_T101,1,23,4.0,0.0,0.0
10479_G_T101,1,24,4.0,0.0,0.0
10479_G_T101,1,25,4.0,0.0,0.0
10479_G_T102,1,1,4.0,0.0,0.0
10479_G_T102,1,2,4.0,0.0,0.0
10479_G_T102,1,3,4.0,0.0,0.0
10479_G_T102,1,4,4.0,0.0,0.0
10479_G_T102,1,5,4.0,0.0,0.0
10479_G_T102,1,6,4.0,0.0,0.0
10479_G_T102,1,7,4.0,0.0,0.0
10479_G_T102,1,8,4.0,0.0,0.0
10479_G_T102,1,9,4.0,0.0,0.0
10479_G_T102,1,10,2.632,0.0,0.0
10479_G_T102,1,11,1.6,0.0,0.0
10479_G_T102,1,12,2.6319999999999997,0.0,0.0
10479_G_T102,1,13,4.0,0.0,0.0
10479_G_T102,1,14,4.0,0.0,0.0
10479_G_T102,1,15,4.0,0.0,0.0
10479_G_T102,1,16,4.0,0.0,0.0
10479_G_T102,1,17,4.0,0.0,0.0
10479_G_T102,1,18,4.0,0.0,0.0
10479_G_T102,1,19,4.0,0.0,0.0
10479_G_T102,1,20,4.0,0.0,0.0
10479_G_T102,1,21,4.0,0.0,0.0
10479_G_T102,1,22,4.0,0.0,0.0
10479_G_T102,1,23,4.0,0.0,0.0
10479_G_T102,1,24,4.0,0.0,0.0
10479_G_T102,1,25,4.0,0.0,0.0
10479_G_T103,1,1,4.0,0.0,0.0
10479_G_T103,1,2,4.0,0.0,0.0
10479_G_T103,1,3,4.0,0.0,0.0
10479_G_T103,1,4,4.0,0.0,0.0
10479_G_T103,1,5,4.0,0.0,0.0
10479_G_T103,1,6,4.0,0.0,0.0
10479_G_T103,1,7,4.0,0.0,0.0
10479_G_T103,1,8,4.0,0.0,0.0
10479_G_T103,1,9,4.0,0.0,0.0
10479_G_T103,1,10,2.632,0.0,0.0
10479_G_T103,1,11,1.6,0.0,0.0
10479_G_T103,1,12,2.6319999999999997,0.0,0.0
10479_G_T103,1,13,4.0,0.0,0.0
10479_G_T103,1,14,4.0,0.0,0.0
10479_G_T103,1,15,4.0,0.0,0.0
10479_G_T103,1,16,4.0,0.0,0.0
10479_G_T103,1,17,4.0,0.0,0.0
10479_G_T103,1,18,4.0,0.0,0.0
10479_G_T103,1,19,4.0,0.0,0.0
10479_G_T103,1,20,4.0,0.0,0.0
10479_G_T103,1,21,4.0,0.0,0.0
10479_G_T103,1,22,4.0,0.0,0.0
10479_G_T103,1,23,4.0,0.0,0.0
10479_G_T103,1,24,4.0,0.0,0.0
10479_G_T103,1,25,4.0,0.0,0.0
10480_G_GEN1,1,1,3.2,0.0,0.0
10480_G_GEN1,1,2,3.2,0.0,0.0
10480_G_GEN1,1,3,3.2,0.0,0.0
10480_G_GEN1,1,4,3.2,0.0,0.0
10480_G_GEN1,1,5,3.2,0.0,0.0
10480_G_GEN1,1,6,3.2,0.0,0.0
10480_G_GEN1,1,7,3.2,0.0,0.0
10480_G_GEN1,1,8,3.2,0.0,0.0
10480_G_GEN1,1,9,2.3744000000000005,0.8255999999999712,0.0
10480_G_GEN1,1,10,1.2800000000000002,0.0,0.0
10480_G_GEN1,1,11,1.2800000000000002,0.0,0.0
10480_G_GEN1,1,12,2.1056,0.0,0.0
10480_G_GEN1,1,13,3.2,0.0,0.0
10480_G_GEN1,1,14,3.2,0.0,0.0
10480_G_GEN1,1,15,3.2,0.0,0.0
10480_G_GEN1,1,16,3.2,0.0,0.0
10480_G_GEN1,1,17,3.2,0.0,0.0
10480_G_GEN1,1,18,3.2,0.0,0.0
10480_G_GEN1,1,19,3.2,0.0,0.0
10480_G_GEN1,1,20,3.2,0.0,0.0
10480_G_GEN1,1,21,3.2,0.0,0.0
10480_G_GEN1,1,22,3.2,0.0,0.0
10480_G_GEN1,1,23,3.2,0.0,0.0
10480_G_GEN1,1,24,3.2,0.0,0.0
10480_G_GEN1,1,25,3.2,0.0,0.0
10480_G_GEN2,1,1,3.2,0.0,0.0
10480_G_GEN2,1,2,3.2,0.0,0.0
10480_G_GEN2,1,3,3.2,0.0,0.0
10480_G_GEN2,1,4,3.2,0.0,0.0
10480_G_GEN2,1,5,3.2,0.0,0.0
10480_G_GEN2,1,6,3.2,0.0,0.0
10480_G_GEN2,1,7,3.2,0.0,0.0
10480_G_GEN2,1,8,3.2,0.0,0.0
10480_G_GEN2,1,9,3.2,0.0,0.0
10480_G_GEN2,1,10,2.1056,0.0,0.0
10480_G_GEN2,1,11,1.2800000000000002,0.0,0.0
10480_G_GEN2,1,12,2.1056,0.0,0.0
10480_G_GEN2,1,13,3.2,0.0,0.0
10480_G_GEN2,1,14,3.2,0.0,0.0
10480_G_GEN2,1,15,3.2,0.0,0.0
10480_G_GEN2,1,16,3.2,0.0,0.0
10480_G_GEN2,1,17,3.2,0.0,0.0
10480_G_GEN2,1,18,3.2,0.0,0.0
10480_G_GEN2,1,19,3.2,0.0,0.0
10480_G_GEN2,1,20,3.2,0.0,0.0
10480_G_GEN2,1,21,3.2,0.0,0.0
10480_G_GEN2,1,22,3.2,0.0,0.0
10480_G_GEN2,1,23,3.2,0.0,0.0
10480_G_GEN2,1,24,3.2,0.0,0.0
10480_G_GEN2,1,25,3.2,0.0,0.0
10481_G_1,1,1,3.0,0.0,0.0
10481_G_1,1,2,3.0,0.0,0.0
10481_G_1,1,3,3.0,0.0,0.0
10481_G_1,1,4,3.0,0.0,0.0
10481_G_1,1,5,3.0,0.0,0.0
10481_G_1,1,6,3.0,0.0,0.0
10481_G_1,1,7,3.0,0.0,0.0
10481_G_1,1,8,3.0,0.0,0.0
10481_G_1,1,9,3.0,0.0,0.0
10481_G_1,1,10,1.9740000000000002,0.0,0.0
10481_G_1,1,11,1.2000000000000002,0.0,0.0
10481_G_1,1,12,1.974,0.0,0.0
10481_G_1,1,13,3.0,0.0,0.0
10481_G_1,1,14,3.0,0.0,0.0
10481_G_1,1,15,3.0,0.0,0.0
10481_G_1,1,16,3.0,0.0,0.0
10481_G_1,1,17,3.0,0.0,0.0
10481_G_1,1,18,3.0,0.0,0.0
10481_G_1,1,19,3.0,0.0,0.0
10481_G_1,1,20,3.0,0.0,0.0
10481_G_1,1,21,3.0,0.0,0.0
10481_G_1,1,22,3.0,0.0,0.0
10481_G_1,1,23,3.0,0.0,0.0
10481_G_1,1,24,3.0,0.0,0.0
10481_G_1,1,25,3.0,0.0,0.0
10481_G_2,1,1,3.0,0.0,0.0
10481_G_2,1,2,3.0,0.0,0.0
10481_G_2,1,3,3.0,0.0,0.0
10481_G_2,1,4,3.0,0.0,0.0
10481_G_2,1,5,3.0,0.0,0.0
10481_G_2,1,6,3.0,0.0,0.0
10481_G_2,1,7,3.0,0.0,1.7999999999999998
10481_G_2,1,8,3.0,0.0,1.7999999999999998
10481_G_2,1,9,3.0,0.0,1.7999999999999998
10481_G_2,1,10,1.9740000000000002,1.0259999999999998,0.774
10481_G_2,1,11,1.974,1.026,0.7739999999999998
10481_G_2,1,12,3.0,0.0,1.7999999999999998
10481_G_2,1,13,3.0,0.0,1.7999999999999998
10481_G_2,1,14,3.0,0.0,1.7999999999999998
10481_G_2,1,15,3.0,0.0,1.7999999999999998
10481_G_2,1,16,3.0,0.0,1.7999999999999998
10481_G_2,1,17,3.0,0.0,1.7999999999999998
10481_G_2,1,18,3.0,0.0,1.7999999999999998
10481_G_2,1,19,3.0,0.0,1.7999999999999998
10481_G_2,1,20,3.0,0.0,1.7999999999999998
10481_G_2,1,21,3.0,0.0,1.7999999999999998
10481_G_2,1,22,3.0,0.0,1.7999999999999714
10481_G_2,1,23,3.0,0.0,1.7999999999999998
10481_G_2,1,24,3.0,0.0,1.7999999999999998
10481_G_2,1,25,3.0,0.0,0.0
10481_G_3,1,1,3.0,0.0,0.0
10481_G_3,1,2,3.0,0.0,0.0
10481_G_3,1,3,3.0,0.0,0.0
10481_G_3,1,4,3.0,0.0,0.0
10481_G_3,1,5,3.0,0.0,0.0
10481_G_3,1,6,3.0,0.0,0.0
10481_G_3,1,7,3.0,0.0,0.0
10481_G_3,1,8,3.0,0.0,0.0
10481_G_3,1,9,3.0,0.0,0.0
10481_G_3,1,10,1.9740000000000002,0.0,0.0
10481_G_3,1,11,1.2000000000000002,0.0,0.0
10481_G_3,1,12,1.974,0.0,0.0
10481_G_3,1,13,3.0,0.0,0.0
10481_G_3,1,14,3.0,0.0,0.0
10481_G_3,1,15,3.0,0.0,0.0
10481_G_3,1,16,3.0,0.0,0.0
10481_G_3,1,17,3.0,0.0,0.0
10481_G_3,1,18,3.0,0.0,0.0
10481_G_3,1,19,3.0,0.0,0.0
10481_G_3,1,20,3.0,0.0,0.0
10481_G_3,1,21,3.0,0.0,0.0
10481_G_3,1,22,3.0,0.0,0.0
10481_G_3,1,23,3.0,0.0,0.0
10481_G_3,1,24,3.0,0.0,0.0
10481_G_3,1,25,3.0,0.0,0.0
10496_G_GTAG,1,1,0.0,0.0,0.0
10496_G_GTAG,1,2,0.0,0.0,0.0
10496_G_GTAG,1,3,0.0,0.0,0.0
10496_G_GTAG,1,4,0.0,0.0,0.0
10496_G_GTAG,1,5,0.0,0.0,0.0
10496_G_GTAG,1,6,0.0,0.0,0.0
10496_G_GTAG,1,7,0.0,0.0,0.0
10496_G_GTAG,1,8,0.0,0.0,0.0
10496_G_GTAG,1,9,0.0,0.0,0.0
10496_G_GTAG,1,10,0.0,0.0,0.0
10496_G_GTAG,1,11,0.0,0.0,0.0
10496_G_GTAG,1,12,0.0,0.0,0.0
10496_G_GTAG,1,13,0.0,0.0,0.0
10496_G_GTAG,1,14,0.0,0.0,0.0
10496_G_GTAG,1,15,0.0,0.0,0.0
10496_G_GTAG,1,16,0.0,0.0,0.0
10496_G_GTAG,1,17,193.18880000000001,0.0,0.0
10496_G_GTAG,1,18,293.6,0.0,0.0
10496_G_GTAG,1,19,293.6,0.0,0.0
10496_G_GTAG,1,20,217.85120000000012,0.0,0.0
10496_G_GTAG,1,21,0.0,0.0,0.0
10496_G_GTAG,1,22,0.0,0.0,0.0
10496_G_GTAG,1,23,0.0,0.0,0.0
10496_G_GTAG,1,24,0.0,0.0,0.0
10496_G_GTAG,1,25,0.0,0.0,0.0
10601_G_GEN1,1,1,44.8,0.0,0.0
10601_G_GEN1,1,2,44.8,0.0,0.0
10601_G_GEN1,1,3,44.8,0.0,0.0
10601_G_GEN1,1,4,44.8,0.0,0.0
10601_G_GEN1,1,5,44.8,0.0,0.0
10601_G_GEN1,1,6,44.8,0.0,0.0
10601_G_GEN1,1,7,44.8,0.0,0.0
10601_G_GEN1,1,8,44.8,0.0,0.0
10601_G_GEN1,1,9,17.919999999999995,0.0,0.0
10601_G_GEN1,1,10,17.919999999999995,0.0,0.0
10601_G_GEN1,1,11,17.919999999999995,0.0,0.0
10601_G_GEN1,1,12,17.919999999999995,0.0,0.0
10601_G_GEN1,1,13,44.8,0.0,0.0
10601_G_GEN1,1,14,44.8,0.0,0.0
10601_G_GEN1,1,15,44.8,0.0,0.0
10601_G_GEN1,1,16,44.8,0.0,0.0
10601_G_GEN1,1,17,44.8,0.0,0.0
10601_G_GEN1,1,18,44.8,0.0,0.0
10601_G_GEN1,1,19,44.8,0.0,0.0
10601_G_GEN1,1,20,44.8,0.0,0.0
10601_G_GEN1,1,21,44.8,0.0,0.0
10601_G_GEN1,1,22,44.8,0.0,0.0
10601_G_GEN1,1,23,44.8,0.0,0.0
10601_G_GEN1,1,24,44.8,0.0,0.0
10601_G_GEN1,1,25,44.8,0.0,0.0
10623_G_GEN1,1,1,8.840000000000002,0.0,0.0
10623_G_GEN1,1,2,8.840000000000002,0.0,0.0
10623_G_GEN1,1,3,8.840000000000002,0.0,0.0
10623_G_GEN1,1,4,8.840000000000002,0.0,0.0
10623_G_GEN1,1,5,8.840000000000002,0.0,0.0
10623_G_GEN1,1,6,8.840000000000002,0.0,0.0
10623_G_GEN1,1,7,8.840000000000002,0.0,0.0
10623_G_GEN1,1,8,8.840000000000002,0.0,0.0
10623_G_GEN1,1,9,8.840000000000002,0.0,0.0
10623_G_GEN1,1,10,8.840000000000002,0.0,0.0
10623_G_GEN1,1,11,8.840000000000002,0.0,0.0
10623_G_GEN1,1,12,8.840000000000002,0.0,0.0
10623_G_GEN1,1,13,8.840000000000002,0.0,0.0
10623_G_GEN1,1,14,8.840000000000002,0.0,0.0
10623_G_GEN1,1,15,8.840000000000002,0.0,0.0
10623_G_GEN1,1,16,8.840000000000002,0.0,0.0
10623_G_GEN1,1,17,22.1,0.0,0.0
10623_G_GEN1,1,18,22.1,0.0,0.0
10623_G_GEN1,1,19,22.1,0.0,0.0
10623_G_GEN1,1,20,22.1,0.0,0.0
10623_G_GEN1,1,21,22.1,0.0,0.0
10623_G_GEN1,1,22,22.1,0.0,0.0
10623_G_GEN1,1,23,8.840000000000002,0.0,0.0
10623_G_GEN1,1,24,8.840000000000002,0.0,0.0
10623_G_GEN1,1,25,8.840000000000002,0.0,0.0
10623_G_GEN2,1,1,0.6000000000000001,0.0,0.0
10623_G_GEN2,1,2,0.6000000000000001,0.0,0.0
10623_G_GEN2,1,3,0.6000000000000001,0.0,0.0
10623_G_GEN2,1,4,0.6000000000000001,0.0,0.0
10623_G_GEN2,1,5,0.6000000000000001,0.0,0.0
10623_G_GEN2,1,6,0.6000000000000001,0.0,0.0
10623_G_GEN2,1,7,0.6000000000000001,0.0,0.0
10623_G_GEN2,1,8,0.6000000000000001,0.0,0.0
10623_G_GEN2,1,9,0.6000000000000001,0.0,0.0
10623_G_GEN2,1,10,0.6000000000000001,0.0,0.0
10623_G_GEN2,1,11,0.6000000000000001,0.0,0.0
10623_G_GEN2,1,12,0.6000000000000001,0.0,0.0
10623_G_GEN2,1,13,0.6000000000000001,0.0,0.0
10623_G_GEN2,1,14,0.6000000000000001,0.0,0.0
10623_G_GEN2,1,15,0.6000000000000001,0.0,0.0
10623_G_GEN2,1,16,0.6000000000000001,0.0,0.0
10623_G_GEN2,1,17,1.5,0.0,0.0
10623_G_GEN2,1,18,1.5,0.0,0.0
10623_G_GEN2,1,19,1.5,0.0,0.0
10623_G_GEN2,1,20,1.5,0.0,0.0
10623_G_GEN2,1,21,1.5,0.0,0.0
10623_G_GEN2,1,22,1.5,0.0,0.0
10623_G_GEN2,1,23,0.6000000000000001,0.0,0.0
10623_G_GEN2,1,24,0.6000000000000001,0.0,0.0
10623_G_GEN2,1,25,0.6000000000000001,0.0,0.0
10631_G_GEN1,1,1,42.0,0.0,0.0
10631_G_GEN1,1,2,42.0,0.0,0.0
10631_G_GEN1,1,3,42.0,0.0,0.0
10631_G_GEN1,1,4,42.0,0.0,0.0
10631_G_GEN1,1,5,42.0,0.0,0.0
10631_G_GEN1,1,6,42.0,0.0,0.0
10631_G_GEN1,1,7,42.0,0.0,0.0
10631_G_GEN1,1,8,42.0,0.0,0.0
10631_G_GEN1,1,9,42.0,0.0,0.0
10631_G_GEN1,1,10,27.636,0.0,0.0
10631_G_GEN1,1,11,16.8,0.0,0.0
10631_G_GEN1,1,12,27.636,14.364,0.0
10631_G_GEN1,1,13,42.0,0.0,0.0
10631_G_GEN1,1,14,42.0,0.0,0.0
10631_G_GEN1,1,15,42.0,0.0,0.0
10631_G_GEN1,1,16,42.0,0.0,0.0
10631_G_GEN1,1,17,42.0,0.0,0.0
10631_G_GEN1,1,18,42.0,0.0,0.0
10631_G_GEN1,1,19,42.0,0.0,0.0
10631_G_GEN1,1,20,42.0,0.0,0.0
10631_G_GEN1,1,21,42.0,0.0,0.0
10631_G_GEN1,1,22,42.0,0.0,0.0
10631_G_GEN1,1,23,42.0,0.0,0.0
10631_G_GEN1,1,24,42.0,0.0,0.0
10631_G_GEN1,1,25,42.0,0.0,0.0
10632_G_GEN1,1,1,42.0,0.0,0.0
10632_G_GEN1,1,2,42.0,0.0,0.0
10632_G_GEN1,1,3,42.0,0.0,0.0
10632_G_GEN1,1,4,42.0,0.0,0.0
10632_G_GEN1,1,5,42.0,0.0,0.0
10632_G_GEN1,1,6,42.0,0.0,0.0
10632_G_GEN1,1,7,42.0,0.0,0.0
10632_G_GEN1,1,8,42.0,0.0,0.0
10632_G_GEN1,1,9,42.0,0.0,0.0
10632_G_GEN1,1,10,27.636,0.0,0.0
10632_G_GEN1,1,11,16.8,0.0,0.0
10632_G_GEN1,1,12,27.636,0.0,0.0
10632_G_GEN1,1,13,42.0,0.0,0.0
10632_G_GEN1,1,14,42.0,0.0,0.0
10632_G_GEN1,1,15,42.0,0.0,0.0
10632_G_GEN1,1,16,42.0,0.0,0.0
10632_G_GEN1,1,17,42.0,0.0,0.0
10632_G_GEN1,1,18,42.0,0.0,0.0
10632_G_GEN1,1,19,42.0,0.0,0.0
10632_G_GEN1,1,20,42.0,0.0,0.0
10632_G_GEN1,1,21,42.0,0.0,0.0
10632_G_GEN1,1,22,42.0,0.0,0.0
10632_G_GEN1,1,23,42.0,0.0,0.0
10632_G_GEN1,1,24,42.0,0.0,0.0
10632_G_GEN1,1,25,42.0,0.0,0.0
10634_G_GEN1,1,1,42.0,0.0,0.0
10634_G_GEN1,1,2,42.0,0.0,0.0
10634_G_GEN1,1,3,42.0,0.0,0.0
10634_G_GEN1,1,4,42.0,0.0,0.0
10634_G_GEN1,1,5,42.0,0.0,0.0
10634_G_GEN1,1,6,42.0,0.0,0.0
10634_G_GEN1,1,7,42.0,0.0,0.0
10634_G_GEN1,1,8,42.0,0.0,0.0
10634_G_GEN1,1,9,42.0,0.0,0.0
10634_G_GEN1,1,10,27.636,0.0,0.0
10634_G_GEN1,1,11,16.8,0.0,0.0
10634_G_GEN1,1,12,27.636,14.364,0.0
10634_G_GEN1,1,13,42.0,0.0,0.0
10634_G_GEN1,1,14,42.0,0.0,0.0
10634_G_GEN1,1,15,42.0,0.0,0.0
10634_G_GEN1,1,16,42.0,0.0,0.0
10634_G_GEN1,1,17,42.0,0.0,0.0
10634_G_GEN1,1,18,42.0,0.0,0.0
10634_G_GEN1,1,19,42.0,0.0,0.0
10634_G_GEN1,1,20,42.0,0.0,0.0
10634_G_GEN1,1,21,42.0,0.0,0.0
10634_G_GEN1,1,22,42.0,0.0,0.0
10634_G_GEN1,1,23,42.0,0.0,0.0
10634_G_GEN1,1,24,42.0,0.0,0.0
10634_G_GEN1,1,25,42.0,0.0,0.0
10661_B_4,1,1,35.0,0.0,0.0
10661_B_4,1,2,35.0,0.0,0.0
10661_B_4,1,3,35.0,0.0,0.0
10661_B_4,1,4,35.0,0.0,0.0
10661_B_4,1,5,35.0,0.0,0.0
10661_B_4,1,6,35.0,0.0,0.0
10661_B_4,1,7,35.0,0.0,0.0
10661_B_4,1,8,35.0,0.0,0.0
10661_B_4,1,9,14.0,0.0,0.0
10661_B_4,1,10,14.0,0.0,0.0
10661_B_4,1,11,14.0,0.0,0.0
10661_B_4,1,12,14.0,0.0,0.0
10661_B_4,1,13,35.0,0.0,0.0
10661_B_4,1,14,35.0,0.0,0.0
10661_B_4,1,15,35.0,0.0,0.0
10661_B_4,1,16,35.0,0.0,0.0
10661_B_4,1,17,35.0,0.0,0.0
10661_B_4,1,18,35.0,0.0,0.0
10661_B_4,1,19,35.0,0.0,0.0
10661_B_4,1,20,35.0,0.0,0.0
10661_B_4,1,21,35.0,0.0,0.0
10661_B_4,1,22,35.0,0.0,0.0
10661_B_4,1,23,35.0,0.0,0.0
10661_B_4,1,24,35.0,0.0,0.0
10661_B_4,1,25,35.0,0.0,0.0
10684_B_BLR22,1,1,0.0,0.0,0.0
10684_B_BLR22,1,2,0.0,0.0,0.0
10684_B_BLR22,1,3,0.0,0.0,0.0
10684_B_BLR22,1,4,0.0,0.0,0.0
10684_B_BLR22,1,5,0.0,0.0,0.0
10684_B_BLR22,1,6,0.0,0.0,0.0
10684_B_BLR22,1,7,0.0,0.0,0.0
10684_B_BLR22,1,8,0.0,0.0,0.0
10684_B_BLR22,1,9,0.0,0.0,0.0
10684_B_BLR22,1,10,0.0,0.0,0.0
10684_B_BLR22,1,11,0.0,0.0,0.0
10684_B_BLR22,1,12,0.0,0.0,0.0
10684_B_BLR22,1,13,0.0,0.0,0.0
10684_B_BLR22,1,14,0.0,0.0,0.0
10684_B_BLR22,1,15,0.0,0.0,0.0
10684_B_BLR22,1,16,0.0,0.0,0.0
10684_B_BLR22,1,17,0.0,0.0,0.0
10684_B_BLR22,1,18,0.0,0.0,0.0
10684_B_BLR22,1,19,0.0,0.0,0.0
10684_B_BLR22,1,20,0.0,0.0,0.0
10684_B_BLR22,1,21,0.0,0.0,0.0
10684_B_BLR22,1,22,0.0,0.0,0.0
10684_B_BLR22,1,23,0.0,0.0,0.0
10684_B_BLR22,1,24,0.0,0.0,0.0
10684_B_BLR22,1,25,0.0,0.0,0.0
10748_G_U4J16,1,1,37.0,0.0,0.0
10748_G_U4J16,1,2,37.0,0.0,0.0
10748_G_U4J16,1,3,37.0,0.0,0.0
10748_G_U4J16,1,4,37.0,0.0,0.0
10748_G_U4J16,1,5,37.0,0.0,0.0
10748_G_U4J16,1,6,37.0,0.0,0.0
10748_G_U4J16,1,7,37.0,0.0,0.0
10748_G_U4J16,1,8,37.0,0.0,0.0
10748_G_U4J16,1,9,14.8,0.0,0.0
10748_G_U4J16,1,10,14.800000000000004,0.0,0.0
10748_G_U4J16,1,11,14.8,0.0,0.0
10748_G_U4J16,1,12,14.8,0.0,0.0
10748_G_U4J16,1,13,37.0,0.0,0.0
10748_G_U4J16,1,14,37.0,0.0,0.0
10748_G_U4J16,1,15,37.0,0.0,0.0
10748_G_U4J16,1,16,37.0,0.0,0.0
10748_G_U4J16,1,17,37.0,0.0,0.0
10748_G_U4J16,1,18,37.0,0.0,0.0
10748_G_U4J16,1,19,37.0,0.0,0.0
10748_G_U4J16,1,20,37.0,0.0,0.0
10748_G_U4J16,1,21,37.0,0.0,0.0
10748_G_U4J16,1,22,37.0,0.0,0.0
10748_G_U4J16,1,23,37.0,0.0,0.0
10748_G_U4J16,1,24,37.0,0.0,0.0
10748_G_U4J16,1,25,37.0,0.0,0.0
10759_G_GEN1,1,1,47.5,0.0,0.0
10759_G_GEN1,1,2,47.5,0.0,0.0
10759_G_GEN1,1,3,47.5,0.0,0.0
10759_G_GEN1,1,4,47.5,0.0,0.0
10759_G_GEN1,1,5,47.5,0.0,0.0
10759_G_GEN1,1,6,47.5,0.0,0.0
10759_G_GEN1,1,7,47.5,0.0,0.0
10759_G_GEN1,1,8,47.5,0.0,0.0
10759_G_GEN1,1,9,47.5,0.0,0.0
10759_G_GEN1,1,10,31.254999999999995,0.0,0.0
10759_G_GEN1,1,11,19.0,0.0,0.0
10759_G_GEN1,1,12,31.255,16.245,0.0
10759_G_GEN1,1,13,47.5,0.0,0.0
10759_G_GEN1,1,14,47.5,0.0,0.0
10759_G_GEN1,1,15,47.5,0.0,0.0
10759_G_GEN1,1,16,47.5,0.0,0.0
10759_G_GEN1,1,17,47.5,0.0,0.0
10759_G_GEN1,1,18,47.5,0.0,0.0
10759_G_GEN1,1,19,47.5,0.0,0.0
10759_G_GEN1,1,20,47.5,0.0,0.0
10759_G_GEN1,1,21,47.5,0.0,0.0
10759_G_GEN1,1,22,47.5,0.0,0.0
10759_G_GEN1,1,23,47.5,0.0,0.0
10759_G_GEN1,1,24,47.5,0.0,0.0
10759_G_GEN1,1,25,47.5,0.0,0.0
10763_G_GBU,1,1,3.2,0.0,0.0
10763_G_GBU,1,2,3.2,0.0,0.0
10763_G_GBU,1,3,3.2,0.0,0.0
10763_G_GBU,1,4,3.2,0.0,0.0
10763_G_GBU,1,5,3.2,0.0,0.0
10763_G_GBU,1,6,3.2,0.0,0.0
10763_G_GBU,1,7,3.2,0.0,0.0
10763_G_GBU,1,8,3.2,0.0,0.0
10763_G_GBU,1,9,2.3744000000000005,0.8255999999999997,0.0
10763_G_GBU,1,10,1.2800000000000002,0.0,0.0
10763_G_GBU,1,11,1.2800000000000002,0.0,0.0
10763_G_GBU,1,12,2.1056,0.0,0.0
10763_G_GBU,1,13,3.2,0.0,0.0
10763_G_GBU,1,14,3.2,0.0,0.0
10763_G_GBU,1,15,3.2,0.0,0.0
10763_G_GBU,1,16,3.2,0.0,0.0
10763_G_GBU,1,17,3.2,0.0,0.0
10763_G_GBU,1,18,3.2,0.0,0.0
10763_G_GBU,1,19,3.2,0.0,0.0
10763_G_GBU,1,20,3.2,0.0,0.0
10763_G_GBU,1,21,3.2,0.0,0.0
10763_G_GBU,1,22,3.2,0.0,0.0
10763_G_GBU,1,23,3.2,0.0,0.0
10763_G_GBU,1,24,3.2,0.0,0.0
10763_G_GBU,1,25,3.2,0.0,0.0
10763_G_GEN1,1,1,13.5,0.0,0.0
10763_G_GEN1,1,2,13.5,0.0,0.0
10763_G_GEN1,1,3,13.5,0.0,0.0
10763_G_GEN1,1,4,13.5,0.0,0.0
10763_G_GEN1,1,5,13.5,0.0,0.0
10763_G_GEN1,1,6,13.5,0.0,0.0
10763_G_GEN1,1,7,13.5,0.0,0.0
10763_G_GEN1,1,8,13.5,0.0,0.0
10763_G_GEN1,1,9,13.5,0.0,0.0
10763_G_GEN1,1,10,8.883000000000001,0.0,0.0
10763_G_GEN1,1,11,5.4,0.0,0.0
10763_G_GEN1,1,12,8.883,4.617000000000011,0.0
10763_G_GEN1,1,13,13.5,0.0,0.0
10763_G_GEN1,1,14,13.5,0.0,0.0
10763_G_GEN1,1,15,13.5,0.0,0.0
10763_G_GEN1,1,16,13.5,0.0,0.0
10763_G_GEN1,1,17,13.5,0.0,0.0
10763_G_GEN1,1,18,13.5,0.0,0.0
10763_G_GEN1,1,19,13.5,0.0,0.0
10763_G_GEN1,1,20,13.5,0.0,0.0
10763_G_GEN1,1,21,13.5,0.0,0.0
10763_G_GEN1,1,22,13.5,0.0,0.0
10763_G_GEN1,1,23,13.5,0.0,0.0
10763_G_GEN1,1,24,13.5,0.0,0.0
10763_G_GEN1,1,25,13.5,0.0,0.0
10873_G_GEN1,1,1,27.5,0.0,0.0
10873_G_GEN1,1,2,27.5,0.0,0.0
10873_G_GEN1,1,3,27.5,0.0,0.0
10873_G_GEN1,1,4,27.5,0.0,0.0
10873_G_GEN1,1,5,27.5,0.0,0.0
10873_G_GEN1,1,6,27.5,0.0,0.0
10873_G_GEN1,1,7,27.5,0.0,0.0
10873_G_GEN1,1,8,27.5,0.0,0.0
10873_G_GEN1,1,9,20.405,7.094999999999999,0.0
10873_G_GEN1,1,10,11.0,0.0,0.0
10873_G_GEN1,1,11,11.0,0.0,0.0
10873_G_GEN1,1,12,18.095,0.0,0.0
10873_G_GEN1,1,13,27.5,0.0,0.0
10873_G_GEN1,1,14,27.5,0.0,0.0
10873_G_GEN1,1,15,27.5,0.0,0.0
10873_G_GEN1,1,16,27.5,0.0,0.0
10873_G_GEN1,1,17,27.5,0.0,0.0
10873_G_GEN1,1,18,27.5,0.0,0.0
10873_G_GEN1,1,19,27.5,0.0,0.0
10873_G_GEN1,1,20,27.5,0.0,0.0
10873_G_GEN1,1,21,27.5,0.0,0.0
10873_G_GEN1,1,22,27.5,0.0,0.0
10873_G_GEN1,1,23,27.5,0.0,0.0
10873_G_GEN1,1,24,27.5,0.0,0.0
10873_G_GEN1,1,25,27.5,0.0,0.0
10873_G_GEN2,1,1,27.0,0.0,0.0
10873_G_GEN2,1,2,27.0,0.0,0.0
10873_G_GEN2,1,3,27.0,0.0,0.0
10873_G_GEN2,1,4,27.0,0.0,0.0
10873_G_GEN2,1,5,27.0,0.0,0.0
10873_G_GEN2,1,6,27.0,0.0,0.0
10873_G_GEN2,1,7,27.0,0.0,0.0
10873_G_GEN2,1,8,27.0,0.0,0.0
10873_G_GEN2,1,9,20.034,6.966000000000001,0.0
10873_G_GEN2,1,10,10.8,0.0,0.0
10873_G_GEN2,1,11,10.8,0.0,0.0
10873_G_GEN2,1,12,17.766,0.0,0.0
10873_G_GEN2,1,13,27.0,0.0,0.0
10873_G_GEN2,1,14,27.0,0.0,0.0
10873_G_GEN2,1,15,27.0,0.0,0.0
10873_G_GEN2,1,16,27.0,0.0,0.0
10873_G_GEN2,1,17,27.0,0.0,0.0
10873_G_GEN2,1,18,27.0,0.0,0.0
10873_G_GEN2,1,19,27.0,0.0,0.0
10873_G_GEN2,1,20,27.0,0.0,0.0
10873_G_GEN2,1,21,27.0,0.0,0.0
10873_G_GEN2,1,22,27.0,0.0,0.0
10873_G_GEN2,1,23,27.0,0.0,0.0
10873_G_GEN2,1,24,27.0,0.0,0.0
10873_G_GEN2,1,25,27.0,0.0,0.0
10873_G_GEN3,1,1,26.7,0.0,0.0
10873_G_GEN3,1,2,26.7,0.0,0.0
10873_G_GEN3,1,3,26.7,0.0,0.0
10873_G_GEN3,1,4,26.7,0.0,0.0
10873_G_GEN3,1,5,26.7,0.0,0.0
10873_G_GEN3,1,6,26.7,0.0,0.0
10873_G_GEN3,1,7,26.7,0.0,0.0
10873_G_GEN3,1,8,26.7,0.0,0.0
10873_G_GEN3,1,9,26.7,0.0,0.0
10873_G_GEN3,1,10,17.5686,0.0,0.0
10873_G_GEN3,1,11,10.68,0.0,0.0
10873_G_GEN3,1,12,17.5686,0.0,0.0
10873_G_GEN3,1,13,26.7,0.0,0.0
10873_G_GEN3,1,14,26.7,0.0,0.0
10873_G_GEN3,1,15,26.7,0.0,0.0
10873_G_GEN3,1,16,26.7,0.0,0.0
10873_G_GEN3,1,17,26.7,0.0,0.0
10873_G_GEN3,1,18,26.7,0.0,0.0
10873_G_GEN3,1,19,26.7,0.0,0.0
10873_G_GEN3,1,20,26.7,0.0,0.0
10873_G_GEN3,1,21,26.7,0.0,0.0
10873_G_GEN3,1,22,26.7,0.0,0.0
10873_G_GEN3,1,23,26.7,0.0,0.0
10873_G_GEN3,1,24,26.7,0.0,0.0
10873_G_GEN3,1,25,26.7,0.0,0.0
10874_G_GEN4,1,1,30.0,0.0,0.0
10874_G_GEN4,1,2,30.0,0.0,0.0
10874_G_GEN4,1,3,30.0,0.0,0.0
10874_G_GEN4,1,4,30.0,0.0,0.0
10874_G_GEN4,1,5,30.0,0.0,0.0
10874_G_GEN4,1,6,30.0,0.0,0.0
10874_G_GEN4,1,7,30.0,0.0,0.0
10874_G_GEN4,1,8,30.0,0.0,0.0
10874_G_GEN4,1,9,30.0,0.0,0.0
10874_G_GEN4,1,10,19.74,0.0,0.0
10874_G_GEN4,1,11,12.0,0.0,0.0
10874_G_GEN4,1,12,19.74,0.0,0.0
10874_G_GEN4,1,13,30.0,0.0,0.0
10874_G_GEN4,1,14,30.0,0.0,0.0
10874_G_GEN4,1,15,30.0,0.0,0.0
10874_G_GEN4,1,16,30.0,0.0,0.0
10874_G_GEN4,1,17,30.0,0.0,0.0
10874_G_GEN4,1,18,30.0,0.0,0.0
10874_G_GEN4,1,19,30.0,0.0,0.0
10874_G_GEN4,1,20,30.0,0.0,0.0
10874_G_GEN4,1,21,30.0,0.0,0.0
10874_G_GEN4,1,22,30.0,0.0,0.0
10874_G_GEN4,1,23,30.0,0.0,0.0
10874_G_GEN4,1,24,30.0,0.0,0.0
10874_G_GEN4,1,25,30.0,0.0,0.0
10874_G_GEN5,1,1,23.4,0.0,0.0
10874_G_GEN5,1,2,23.4,0.0,0.0
10874_G_GEN5,1,3,23.4,0.0,0.0
10874_G_GEN5,1,4,23.4,0.0,0.0
10874_G_GEN5,1,5,23.4,0.0,0.0
10874_G_GEN5,1,6,23.4,0.0,0.0
10874_G_GEN5,1,7,23.4,0.0,0.0
10874_G_GEN5,1,8,23.4,0.0,0.0
10874_G_GEN5,1,9,23.4,0.0,0.0
10874_G_GEN5,1,10,15.397199999999998,0.0,0.0
10874_G_GEN5,1,11,9.36,0.0,0.0
10874_G_GEN5,1,12,15.397199999999998,8.0028,0.0
10874_G_GEN5,1,13,23.4,0.0,0.0
10874_G_GEN5,1,14,23.4,0.0,0.0
10874_G_GEN5,1,15,23.4,0.0,0.0
10874_G_GEN5,1,16,23.4,0.0,0.0
10874_G_GEN5,1,17,23.4,0.0,0.0
10874_G_GEN5,1,18,23.4,0.0,0.0
10874_G_GEN5,1,19,23.4,0.0,0.0
10874_G_GEN5,1,20,23.4,0.0,0.0
10874_G_GEN5,1,21,23.4,0.0,0.0
10874_G_GEN5,1,22,23.4,0.0,0.0
10874_G_GEN5,1,23,23.4,0.0,0.0
10874_G_GEN5,1,24,23.4,0.0,0.0
10874_G_GEN5,1,25,23.4,0.0,0.0
10874_G_GEN6,1,1,26.9,0.0,0.0
10874_G_GEN6,1,2,26.9,0.0,0.0
10874_G_GEN6,1,3,26.9,0.0,0.0
10874_G_GEN6,1,4,26.9,0.0,0.0
10874_G_GEN6,1,5,26.9,0.0,0.0
10874_G_GEN6,1,6,26.9,0.0,0.0
10874_G_GEN6,1,7,26.9,0.0,0.0
10874_G_GEN6,1,8,26.9,0.0,0.0
10874_G_GEN6,1,9,26.9,0.0,0.0
10874_G_GEN6,1,10,17.700199999999995,0.0,0.0
10874_G_GEN6,1,11,10.76,0.0,0.0
10874_G_GEN6,1,12,17.7002,0.0,0.0
10874_G_GEN6,1,13,26.9,0.0,0.0
10874_G_GEN6,1,14,26.9,0.0,0.0
10874_G_GEN6,1,15,26.9,0.0,0.0
10874_G_GEN6,1,16,26.9,0.0,0.0
10874_G_GEN6,1,17,26.9,0.0,0.0
10874_G_GEN6,1,18,26.9,0.0,0.0
10874_G_GEN6,1,19,26.9,0.0,0.0
10874_G_GEN6,1,20,26.9,0.0,0.0
10874_G_GEN6,1,21,26.9,0.0,0.0
10874_G_GEN6,1,22,26.9,0.0,0.0
10874_G_GEN6,1,23,26.9,0.0,0.0
10874_G_GEN6,1,24,26.9,0.0,0.0
10874_G_GEN6,1,25,26.9,0.0,0.0
10875_G_GEN7,1,1,21.8,0.0,0.0
10875_G_GEN7,1,2,21.8,0.0,0.0
10875_G_GEN7,1,3,21.8,0.0,0.0
10875_G_GEN7,1,4,21.8,0.0,0.0
10875_G_GEN7,1,5,21.8,0.0,0.0
10875_G_GEN7,1,6,21.8,0.0,0.0
10875_G_GEN7,1,7,21.8,0.0,0.0
10875_G_GEN7,1,8,21.8,0.0,0.0
10875_G_GEN7,1,9,21.8,0.0,0.0
10875_G_GEN7,1,10,14.344399999999956,0.0,0.0
10875_G_GEN7,1,11,8.72,0.0,0.0
10875_G_GEN7,1,12,14.3444,0.0,0.0
10875_G_GEN7,1,13,21.8,0.0,0.0
10875_G_GEN7,1,14,21.8,0.0,0.0
10875_G_GEN7,1,15,21.8,0.0,0.0
10875_G_GEN7,1,16,21.8,0.0,0.0
10875_G_GEN7,1,17,21.8,0.0,0.0
10875_G_GEN7,1,18,21.8,0.0,0.0
10875_G_GEN7,1,19,21.8,0.0,0.0
10875_G_GEN7,1,20,21.8,0.0,0.0
10875_G_GEN7,1,21,21.8,0.0,0.0
10875_G_GEN7,1,22,21.8,0.0,0.0
10875_G_GEN7,1,23,21.8,0.0,0.0
10875_G_GEN7,1,24,21.8,0.0,0.0
10875_G_GEN7,1,25,21.8,0.0,0.0
10875_G_GEN8,1,1,22.5,0.0,0.0
10875_G_GEN8,1,2,22.5,0.0,0.0
10875_G_GEN8,1,3,22.5,0.0,0.0
10875_G_GEN8,1,4,22.5,0.0,0.0
10875_G_GEN8,1,5,22.5,0.0,0.0
10875_G_GEN8,1,6,22.5,0.0,0.0
10875_G_GEN8,1,7,22.5,0.0,0.0
10875_G_GEN8,1,8,22.5,0.0,0.0
10875_G_GEN8,1,9,22.5,0.0,0.0
10875_G_GEN8,1,10,14.804999999999987,7.695000000000025,5.805
10875_G_GEN8,1,11,9.0,13.5,0.0
10875_G_GEN8,1,12,14.805,7.69500000000002,0.0
10875_G_GEN8,1,13,22.5,0.0,0.0
10875_G_GEN8,1,14,22.5,0.0,0.0
10875_G_GEN8,1,15,22.5,0.0,0.0
10875_G_GEN8,1,16,22.5,0.0,0.0
10875_G_GEN8,1,17,22.5,0.0,0.0
10875_G_GEN8,1,18,22.5,0.0,0.0
10875_G_GEN8,1,19,22.5,0.0,0.0
10875_G_GEN8,1,20,22.5,0.0,0.0
10875_G_GEN8,1,21,22.5,0.0,0.0
10875_G_GEN8,1,22,22.5,0.0,0.0
10875_G_GEN8,1,23,22.5,0.0,0.0
10875_G_GEN8,1,24,22.5,0.0,0.0
10875_G_GEN8,1,25,22.5,0.0,0.0
10875_G_GEN9,1,1,23.5,0.0,0.0
10875_G_GEN9,1,2,23.5,0.0,0.0
10875_G_GEN9,1,3,23.5,0.0,0.0
10875_G_GEN9,1,4,23.5,0.0,0.0
10875_G_GEN9,1,5,23.5,0.0,0.0
10875_G_GEN9,1,6,23.5,0.0,0.0
10875_G_GEN9,1,7,23.5,0.0,0.0
10875_G_GEN9,1,8,23.5,0.0,0.0
10875_G_GEN9,1,9,19.981472954234476,3.5185270457655236,0.0
10875_G_GEN9,1,10,11.944472954234476,0.0,0.0
10875_G_GEN9,1,11,9.4,0.0,0.0
10875_G_GEN9,1,12,15.463,0.0,0.0
10875_G_GEN9,1,13,23.5,0.0,0.0
10875_G_GEN9,1,14,23.5,0.0,0.0
10875_G_GEN9,1,15,23.5,0.0,0.0
10875_G_GEN9,1,16,23.5,0.0,0.0
10875_G_GEN9,1,17,23.5,0.0,0.0
10875_G_GEN9,1,18,23.5,0.0,0.0
10875_G_GEN9,1,19,23.5,0.0,0.0
10875_G_GEN9,1,20,23.5,0.0,0.0
10875_G_GEN9,1,21,23.5,0.0,0.0
10875_G_GEN9,1,22,23.5,0.0,0.0
10875_G_GEN9,1,23,23.5,0.0,0.0
10875_G_GEN9,1,24,23.5,0.0,0.0
10875_G_GEN9,1,25,23.5,0.0,0.0
10878_G_EE11,1,1,10.0,0.0,0.0
10878_G_EE11,1,2,10.0,0.0,0.0
10878_G_EE11,1,3,10.0,0.0,0.0
10878_G_EE11,1,4,10.0,0.0,0.0
10878_G_EE11,1,5,10.0,0.0,0.0
10878_G_EE11,1,6,10.0,0.0,0.0
10878_G_EE11,1,7,10.0,0.0,0.0
10878_G_EE11,1,8,10.0,0.0,0.0
10878_G_EE11,1,9,10.0,0.0,0.0
10878_G_EE11,1,10,6.58,0.0,0.0
10878_G_EE11,1,11,4.0,0.0,0.0
10878_G_EE11,1,12,6.58,3.42,0.0
10878_G_EE11,1,13,10.0,0.0,0.0
10878_G_EE11,1,14,10.0,0.0,0.0
10878_G_EE11,1,15,10.0,0.0,0.0
10878_G_EE11,1,16,10.0,0.0,0.0
10878_G_EE11,1,17,10.0,0.0,0.0
10878_G_EE11,1,18,10.0,0.0,0.0
10878_G_EE11,1,19,10.0,0.0,0.0
10878_G_EE11,1,20,10.0,0.0,0.0
10878_G_EE11,1,21,10.0,0.0,0.0
10878_G_EE11,1,22,10.0,0.0,0.0
10878_G_EE11,1,23,10.0,0.0,0.0
10878_G_EE11,1,24,10.0,0.0,0.0
10878_G_EE11,1,25,10.0,0.0,0.0
10879_G_GEN1,1,1,10.0,0.0,0.0
10879_G_GEN1,1,2,10.0,0.0,0.0
10879_G_GEN1,1,3,10.0,0.0,0.0
10879_G_GEN1,1,4,10.0,0.0,0.0
10879_G_GEN1,1,5,10.0,0.0,0.0
10879_G_GEN1,1,6,10.0,0.0,0.0
10879_G_GEN1,1,7,10.0,0.0,0.0
10879_G_GEN1,1,8,10.0,0.0,0.0
10879_G_GEN1,1,9,10.0,0.0,0.0
10879_G_GEN1,1,10,6.58,3.42,2.58
10879_G_GEN1,1,11,4.0,6.0,0.0
10879_G_GEN1,1,12,7.42,2.58,0.0
10879_G_GEN1,1,13,10.0,0.0,0.0
10879_G_GEN1,1,14,10.0,0.0,0.0
10879_G_GEN1,1,15,10.0,0.0,0.0
10879_G_GEN1,1,16,10.0,0.0,0.0
10879_G_GEN1,1,17,10.0,0.0,0.0
10879_G_GEN1,1,18,10.0,0.0,0.0
10879_G_GEN1,1,19,10.0,0.0,0.0
10879_G_GEN1,1,20,10.0,0.0,0.0
10879_G_GEN1,1,21,10.0,0.0,0.0
10879_G_GEN1,1,22,10.0,0.0,0.0
10879_G_GEN1,1,23,10.0,0.0,0.0
10879_G_GEN1,1,24,10.0,0.0,0.0
10879_G_GEN1,1,25,10.0,0.0,0.0
10879_G_GEN2,1,1,4.0,0.0,0.0
10879_G_GEN2,1,2,4.0,0.0,0.0
10879_G_GEN2,1,3,4.0,0.0,0.0
10879_G_GEN2,1,4,4.0,0.0,0.0
10879_G_GEN2,1,5,4.0,0.0,0.0
10879_G_GEN2,1,6,4.0,0.0,0.0
10879_G_GEN2,1,7,4.0,0.0,0.0
10879_G_GEN2,1,8,4.0,0.0,0.0
10879_G_GEN2,1,9,4.0,0.0,2.31983594678578
10879_G_GEN2,1,10,2.632,1.3680000000000028,1.032000000000002
10879_G_GEN2,1,11,1.6,2.4,0.0
10879_G_GEN2,1,12,2.968,1.032,0.0
10879_G_GEN2,1,13,4.0,0.0,0.0
10879_G_GEN2,1,14,4.0,0.0,0.0
10879_G_GEN2,1,15,4.0,0.0,0.0
10879_G_GEN2,1,16,4.0,0.0,0.0
10879_G_GEN2,1,17,4.0,0.0,0.0
10879_G_GEN2,1,18,4.0,0.0,0.0
10879_G_GEN2,1,19,4.0,0.0,0.0
10879_G_GEN2,1,20,4.0,0.0,0.0
10879_G_GEN2,1,21,4.0,0.0,0.0
10879_G_GEN2,1,22,4.0,0.0,0.0
10879_G_GEN2,1,23,4.0,0.0,0.0
10879_G_GEN2,1,24,4.0,0.0,0.0
10879_G_GEN2,1,25,4.0,0.0,0.0
10879_G_GEN3,1,1,2.1,0.0,0.0
10879_G_GEN3,1,2,2.1,0.0,0.0
10879_G_GEN3,1,3,2.1,0.0,0.0
10879_G_GEN3,1,4,2.1,0.0,0.0
10879_G_GEN3,1,5,2.1,0.0,0.0
10879_G_GEN3,1,6,2.1,0.0,0.0
10879_G_GEN3,1,7,2.1,0.0,0.0
10879_G_GEN3,1,8,2.1,0.0,0.0
10879_G_GEN3,1,9,1.5582000000000003,0.5417999999999998,0.0
10879_G_GEN3,1,10,0.8400000000000001,0.0,0.0
10879_G_GEN3,1,11,0.8400000000000001,0.0,0.0
10879_G_GEN3,1,12,1.3818000000000001,0.0,0.0
10879_G_GEN3,1,13,2.1,0.0,0.0
10879_G_GEN3,1,14,2.1,0.0,0.0
10879_G_GEN3,1,15,2.1,0.0,0.0
10879_G_GEN3,1,16,2.1,0.0,0.0
10879_G_GEN3,1,17,2.1,0.0,0.0
10879_G_GEN3,1,18,2.1,0.0,0.0
10879_G_GEN3,1,19,2.1,0.0,0.0
10879_G_GEN3,1,20,2.1,0.0,0.0
10879_G_GEN3,1,21,2.1,0.0,0.0
10879_G_GEN3,1,22,2.1,0.0,0.0
10879_G_GEN3,1,23,2.1,0.0,0.0
10879_G_GEN3,1,24,2.1,0.0,0.0
10879_G_GEN3,1,25,2.1,0.0,0.0
151_G_1,1,1,0.0,0.0,0.0
151_G_1,1,2,0.0,0.0,0.0
151_G_1,1,3,0.0,0.0,0.0
151_G_1,1,4,0.0,0.0,0.0
151_G_1,1,5,0.0,0.0,0.0
151_G_1,1,6,0.0,0.0,0.0
151_G_1,1,7,0.0,0.0,0.0
151_G_1,1,8,0.0,0.0,0.0
151_G_1,1,9,0.0,0.0,0.0
151_G_1,1,10,0.0,0.0,0.0
151_G_1,1,11,0.0,0.0,0.0
151_G_1,1,12,0.0,0.0,0.0
151_G_1,1,13,0.0,0.0,0.0
151_G_1,1,14,0.0,0.0,0.0
151_G_1,1,15,0.0,0.0,0.0
151_G_1,1,16,0.0,0.0,0.0
151_G_1,1,17,0.0,0.0,0.0
151_G_1,1,18,0.0,0.0,0.0
151_G_1,1,19,0.0,0.0,0.0
151_G_1,1,20,0.0,0.0,0.0
151_G_1,1,21,0.0,0.0,0.0
151_G_1,1,22,0.0,0.0,0.0
151_G_1,1,23,0.0,0.0,0.0
151_G_1,1,24,0.0,0.0,0.0
151_G_1,1,25,0.0,0.0,0.0
246_G_IC1,1,1,0.0,0.0,0.0
246_G_IC1,1,2,0.0,0.0,0.0
246_G_IC1,1,3,0.0,0.0,0.0
246_G_IC1,1,4,0.0,0.0,0.0
246_G_IC1,1,5,0.0,0.0,0.0
246_G_IC1,1,6,0.0,0.0,0.0
246_G_IC1,1,7,0.0,0.0,0.0
246_G_IC1,1,8,0.0,0.0,0.0
246_G_IC1,1,9,0.0,0.0,0.0
246_G_IC1,1,10,0.0,0.0,0.0
246_G_IC1,1,11,0.0,0.0,0.0
246_G_IC1,1,12,0.0,0.0,0.0
246_G_IC1,1,13,0.0,0.0,0.0
246_G_IC1,1,14,0.0,0.0,0.0
246_G_IC1,1,15,0.0,0.0,0.0
246_G_IC1,1,16,0.0,0.0,0.0
246_G_IC1,1,17,0.0,0.0,0.0
246_G_IC1,1,18,0.0,0.0,0.0
246_G_IC1,1,19,0.0,0.0,0.0
246_G_IC1,1,20,0.0,0.0,0.0
246_G_IC1,1,21,0.0,0.0,0.0
246_G_IC1,1,22,0.0,0.0,0.0
246_G_IC1,1,23,0.0,0.0,0.0
246_G_IC1,1,24,0.0,0.0,0.0
246_G_IC1,1,25,0.0,0.0,0.0
260_G_CT1A,1,1,165.0,0.0,0.0
260_G_CT1A,1,2,112.53,0.0,0.0
260_G_CT1A,1,3,112.53,0.0,0.0
260_G_CT1A,1,4,165.0,0.0,0.0
260_G_CT1A,1,5,165.0,0.0,0.0
260_G_CT1A,1,6,165.0,0.0,0.0
260_G_CT1A,1,7,165.0,0.0,0.0
260_G_CT1A,1,8,112.53,0.0,0.0
260_G_CT1A,1,9,66.0,0.0,0.0
260_G_CT1A,1,10,66.0,0.0,0.0
260_G_CT1A,1,11,66.0,0.0,0.0
260_G_CT1A,1,12,66.0,0.0,0.0
260_G_CT1A,1,13,66.0,0.0,0.0
260_G_CT1A,1,14,66.0,0.0,0.0
260_G_CT1A,1,15,112.52999999999984,0.0,0.0
260_G_CT1A,1,16,165.0,0.0,0.0
260_G_CT1A,1,17,165.0,0.0,0.0
260_G_CT1A,1,18,165.0,0.0,0.0
260_G_CT1A,1,19,165.0,0.0,0.0
260_G_CT1A,1,20,165.0,0.0,0.0
260_G_CT1A,1,21,165.0,0.0,0.0
260_G_CT1A,1,22,165.0,0.0,0.0
260_G_CT1A,1,23,165.0,0.0,0.0
260_G_CT1A,1,24,165.0,0.0,0.0
260_G_CT1A,1,25,66.0,0.0,0.0
260_G_CT1B,1,1,165.0,0.0,0.0
260_G_CT1B,1,2,112.53,22.552487110118932,0.0
260_G_CT1B,1,3,112.53,0.5635223788037962,0.0
260_G_CT1B,1,4,165.0,0.0,0.0
260_G_CT1B,1,5,165.0,0.0,0.0
260_G_CT1B,1,6,165.0,0.0,0.0
260_G_CT1B,1,7,165.0,0.0,0.0
260_G_CT1B,1,8,112.53,0.0,0.0
260_G_CT1B,1,9,66.0,0.0,0.0
260_G_CT1B,1,10,66.0,0.0,0.0
260_G_CT1B,1,11,66.0,0.0,0.0
260_G_CT1B,1,12,66.0,0.0,0.0
260_G_CT1B,1,13,66.0,0.0,0.0
260_G_CT1B,1,14,66.0,0.0,0.0
260_G_CT1B,1,15,112.53,0.0,0.0
260_G_CT1B,1,16,165.0,0.0,0.0
260_G_CT1B,1,17,165.0,0.0,0.0
260_G_CT1B,1,18,165.0,0.0,0.0
260_G_CT1B,1,19,165.0,0.0,0.0
260_G_CT1B,1,20,165.0,0.0,0.0
260_G_CT1B,1,21,165.0,0.0,0.0
260_G_CT1B,1,22,165.0,0.0,0.0
260_G_CT1B,1,23,165.0,0.0,0.0
260_G_CT1B,1,24,165.0,0.0,0.0
260_G_CT1B,1,25,66.0,0.0,0.0
260_G_CT2A,1,1,165.0,0.0,0.0
260_G_CT2A,1,2,112.53,0.0,0.0
260_G_CT2A,1,3,112.53,0.0,0.0
260_G_CT2A,1,4,165.0,0.0,0.0
260_G_CT2A,1,5,165.0,0.0,0.0
260_G_CT2A,1,6,165.0,0.0,0.0
260_G_CT2A,1,7,165.0,0.0,0.0
260_G_CT2A,1,8,112.53,0.0,0.0
260_G_CT2A,1,9,66.0,0.0,0.0
260_G_CT2A,1,10,66.0,0.0,0.0
260_G_CT2A,1,11,66.0,0.0,0.0
260_G_CT2A,1,12,66.0,0.0,0.0
260_G_CT2A,1,13,66.0,0.0,0.0
260_G_CT2A,1,14,66.0,0.0,0.0
260_G_CT2A,1,15,112.52999999999992,0.0,0.0
260_G_CT2A,1,16,165.0,0.0,0.0
260_G_CT2A,1,17,165.0,0.0,0.0
260_G_CT2A,1,18,165.0,0.0,0.0
260_G_CT2A,1,19,165.0,0.0,0.0
260_G_CT2A,1,20,165.0,0.0,0.0
260_G_CT2A,1,21,165.0,0.0,0.0
260_G_CT2A,1,22,165.0,0.0,0.0
260_G_CT2A,1,23,165.0,0.0,0.0
260_G_CT2A,1,24,165.0,0.0,0.0
260_G_CT2A,1,25,66.0,0.0,0.0
260_G_CT2B,1,1,165.0,0.0,0.0
260_G_CT2B,1,2,165.0,0.0,0.0
260_G_CT2B,1,3,152.62913340140437,12.370866598595626,0.0
260_G_CT2B,1,4,165.0,0.0,0.0
260_G_CT2B,1,5,165.0,0.0,0.0
260_G_CT2B,1,6,165.0,0.0,0.0
260_G_CT2B,1,7,165.0,0.0,0.0
260_G_CT2B,1,8,112.53,0.0,0.0
260_G_CT2B,1,9,66.0,0.0,0.0
260_G_CT2B,1,10,66.0,0.0,0.0
260_G_CT2B,1,11,66.0,0.0,0.0
260_G_CT2B,1,12,66.0,0.0,0.0
260_G_CT2B,1,13,66.0,0.0,0.0
260_G_CT2B,1,14,66.0,0.0,0.0
260_G_CT2B,1,15,112.53,0.0,0.0
260_G_CT2B,1,16,165.0,0.0,0.0
260_G_CT2B,1,17,165.0,0.0,0.0
260_G_CT2B,1,18,165.0,0.0,0.0
260_G_CT2B,1,19,165.0,0.0,0.0
260_G_CT2B,1,20,165.0,0.0,0.0
260_G_CT2B,1,21,165.0,0.0,0.0
260_G_CT2B,1,22,165.0,0.0,0.0
260_G_CT2B,1,23,165.0,0.0,0.0
260_G_CT2B,1,24,165.0,0.0,0.0
260_G_CT2B,1,25,66.0,0.0,0.0
260_G_ST1,1,1,180.0,0.0,0.0
260_G_ST1,1,2,180.0,0.0,0.0
260_G_ST1,1,3,180.0,0.0,0.0
260_G_ST1,1,4,180.0,0.0,0.0
260_G_ST1,1,5,180.0,0.0,0.0
260_G_ST1,1,6,180.0,0.0,0.0
260_G_ST1,1,7,180.0,0.0,0.0
260_G_ST1,1,8,122.75999999999996,0.0,0.0
260_G_ST1,1,9,72.0,0.0,0.0
260_G_ST1,1,10,72.0,0.0,0.0
260_G_ST1,1,11,72.0,0.0,0.0
260_G_ST1,1,12,72.0,0.0,0.0
260_G_ST1,1,13,72.0,0.0,0.0
260_G_ST1,1,14,72.0,0.0,0.0
260_G_ST1,1,15,122.75999999999999,0.0,0.0
260_G_ST1,1,16,180.0,0.0,0.0
260_G_ST1,1,17,180.0,0.0,0.0
260_G_ST1,1,18,180.0,0.0,0.0
260_G_ST1,1,19,180.0,0.0,0.0
260_G_ST1,1,20,180.0,0.0,0.0
260_G_ST1,1,21,180.0,0.0,0.0
260_G_ST1,1,22,180.0,0.0,0.0
260_G_ST1,1,23,180.0,0.0,0.0
260_G_ST1,1,24,180.0,0.0,0.0
260_G_ST1,1,25,72.0,0.0,0.0
260_G_ST2,1,1,180.0,0.0,0.0
260_G_ST2,1,2,131.528313890493,48.471686109507104,0.0
260_G_ST2,1,3,122.75999999999999,57.24000000000005,0.0
260_G_ST2,1,4,180.0,0.0,0.0
260_G_ST2,1,5,180.0,0.0,0.0
260_G_ST2,1,6,180.0,0.0,0.0
260_G_ST2,1,7,180.0,0.0,0.0
260_G_ST2,1,8,122.75999999999999,0.0,0.0
260_G_ST2,1,9,72.0,0.0,0.0
260_G_ST2,1,10,72.0,0.0,0.0
260_G_ST2,1,11,72.0,0.0,0.0
260_G_ST2,1,12,72.0,0.0,0.0
260_G_ST2,1,13,72.0,0.0,0.0
260_G_ST2,1,14,72.0,0.0,0.0
260_G_ST2,1,15,122.75999999999999,0.0,0.0
260_G_ST2,1,16,180.0,0.0,0.0
260_G_ST2,1,17,180.0,0.0,0.0
260_G_ST2,1,18,180.0,0.0,0.0
260_G_ST2,1,19,180.0,0.0,0.0
260_G_ST2,1,20,180.0,0.0,0.0
260_G_ST2,1,21,180.0,0.0,0.0
260_G_ST2,1,22,180.0,0.0,0.0
260_G_ST2,1,23,180.0,0.0,0.0
260_G_ST2,1,24,180.0,0.0,0.0
260_G_ST2,1,25,72.0,0.0,0.0
286_G_U11,1,1,68.0,0.0,40.79999999999999
286_G_U11,1,2,68.0,0.0,40.79999999999999
286_G_U11,1,3,68.0,0.0,40.79999999999999
286_G_U11,1,4,68.0,0.0,40.79999999999999
286_G_U11,1,5,68.0,0.0,40.79999999999999
286_G_U11,1,6,68.0,0.0,40.79999999999999
286_G_U11,1,7,68.0,0.0,40.79999999999999
286_G_U11,1,8,68.0,0.0,40.79999999999999
286_G_U11,1,9,68.0,0.0,40.79999999999999
286_G_U11,1,10,44.744,23.256,17.54399999999999
286_G_U11,1,11,68.0,0.0,40.79999999999999
286_G_U11,1,12,68.0,0.0,40.79999999999999
286_G_U11,1,13,68.0,0.0,40.79999999999999
286_G_U11,1,14,68.0,0.0,40.79999999999999
286_G_U11,1,15,68.0,0.0,40.79999999999999
286_G_U11,1,16,68.0,0.0,40.79999999999999
286_G_U11,1,17,68.0,0.0,40.79999999999999
286_G_U11,1,18,68.0,0.0,40.79999999999999
286_G_U11,1,19,68.0,0.0,40.79999999999999
286_G_U11,1,20,68.0,0.0,40.79999999999999
286_G_U11,1,21,68.0,0.0,40.79999999999999
286_G_U11,1,22,68.0,0.0,40.79999999999999
286_G_U11,1,23,68.0,0.0,40.79999999999999
286_G_U11,1,24,68.0,0.0,40.79999999999999
286_G_U11,1,25,68.0,0.0,40.79999999999999
286_G_U12,1,1,51.0,0.0,0.0
286_G_U12,1,2,51.0,0.0,0.0
286_G_U12,1,3,51.0,0.0,0.0
286_G_U12,1,4,51.0,0.0,0.0
286_G_U12,1,5,51.0,0.0,0.0
286_G_U12,1,6,51.0,0.0,0.0
286_G_U12,1,7,51.0,0.0,0.0
286_G_U12,1,8,51.0,0.0,0.0
286_G_U12,1,9,51.0,0.0,0.0
286_G_U12,1,10,33.558,0.0,0.0
286_G_U12,1,11,20.4,0.0,0.0
286_G_U12,1,12,33.558,6.191031584412475,0.0
286_G_U12,1,13,51.0,0.0,0.0
286_G_U12,1,14,51.0,0.0,0.0
286_G_U12,1,15,51.0,0.0,0.0
286_G_U12,1,16,51.0,0.0,0.0
286_G_U12,1,17,51.0,0.0,0.0
286_G_U12,1,18,51.0,0.0,0.0
286_G_U12,1,19,51.0,0.0,0.0
286_G_U12,1,20,51.0,0.0,0.0
286_G_U12,1,21,51.0,0.0,0.0
286_G_U12,1,22,51.0,0.0,0.0
286_G_U12,1,23,51.0,0.0,0.0
286_G_U12,1,24,51.0,0.0,0.0
286_G_U12,1,25,51.0,0.0,0.0
286_G_U13,1,1,65.0,0.0,0.0
286_G_U13,1,2,65.0,0.0,0.0
286_G_U13,1,3,65.0,0.0,0.0
286_G_U13,1,4,65.0,0.0,0.0
286_G_U13,1,5,65.0,0.0,0.0
286_G_U13,1,6,65.0,0.0,0.0
286_G_U13,1,7,65.0,0.0,0.0
286_G_U13,1,8,65.0,0.0,0.0
286_G_U13,1,9,65.0,0.0,0.0
286_G_U13,1,10,42.769999999999996,8.549444190714793,16.769999999999996
286_G_U13,1,11,26.0,39.0,0.0
286_G_U13,1,12,42.769999999999996,22.23000000000005,0.0
286_G_U13,1,13,65.0,0.0,0.0
286_G_U13,1,14,65.0,0.0,0.0
286_G_U13,1,15,65.0,0.0,0.0
286_G_U13,1,16,65.0,0.0,0.0
286_G_U13,1,17,65.0,0.0,0.0
286_G_U13,1,18,65.0,0.0,0.0
286_G_U13,1,19,65.0,0.0,0.0
286_G_U13,1,20,65.0,0.0,0.0
286_G_U13,1,21,65.0,0.0,0.0
286_G_U13,1,22,65.0,0.0,0.0
286_G_U13,1,23,65.0,0.0,0.0
286_G_U13,1,24,65.0,0.0,0.0
286_G_U13,1,25,65.0,0.0,0.0
286_G_U14,1,1,60.0,0.0,0.0
286_G_U14,1,2,60.0,0.0,0.0
286_G_U14,1,3,60.0,0.0,0.0
286_G_U14,1,4,60.0,0.0,0.0
286_G_U14,1,5,60.0,0.0,0.0
286_G_U14,1,6,60.0,0.0,0.0
286_G_U14,1,7,60.0,0.0,0.0
286_G_U14,1,8,60.0,0.0,0.0
286_G_U14,1,9,60.0,0.0,0.0
286_G_U14,1,10,39.479999999999954,0.0,0.0
286_G_U14,1,11,24.0,0.0,0.0
286_G_U14,1,12,39.48,0.0,0.0
286_G_U14,1,13,60.0,0.0,0.0
286_G_U14,1,14,60.0,0.0,0.0
286_G_U14,1,15,60.0,0.0,0.0
286_G_U14,1,16,60.0,0.0,0.0
286_G_U14,1,17,60.0,0.0,0.0
286_G_U14,1,18,60.0,0.0,0.0
286_G_U14,1,19,60.0,0.0,0.0
286_G_U14,1,20,60.0,0.0,0.0
286_G_U14,1,21,60.0,0.0,0.0
286_G_U14,1,22,60.0,0.0,0.0
286_G_U14,1,23,60.0,0.0,0.0
286_G_U14,1,24,60.0,0.0,0.0
286_G_U14,1,25,60.0,0.0,0.0
286_G_U16,1,1,60.0,0.0,0.0
286_G_U16,1,2,60.0,0.0,0.0
286_G_U16,1,3,60.0,0.0,0.0
286_G_U16,1,4,60.0,0.0,0.0
286_G_U16,1,5,60.0,0.0,0.0
286_G_U16,1,6,60.0,0.0,0.0
286_G_U16,1,7,60.0,0.0,0.0
286_G_U16,1,8,60.0,0.0,0.0
286_G_U16,1,9,60.0,0.0,0.0
286_G_U16,1,10,39.48,0.0,7.550051555833875
286_G_U16,1,11,24.0,0.0,0.0
286_G_U16,1,12,39.48,20.520000000000003,0.0
286_G_U16,1,13,60.0,0.0,0.0
286_G_U16,1,14,60.0,0.0,0.0
286_G_U16,1,15,60.0,0.0,0.0
286_G_U16,1,16,60.0,0.0,0.0
286_G_U16,1,17,60.0,0.0,0.0
286_G_U16,1,18,60.0,0.0,0.0
286_G_U16,1,19,60.0,0.0,0.0
286_G_U16,1,20,60.0,0.0,0.0
286_G_U16,1,21,60.0,0.0,0.0
286_G_U16,1,22,60.0,0.0,0.0
286_G_U16,1,23,60.0,0.0,0.0
286_G_U16,1,24,60.0,0.0,0.0
286_G_U16,1,25,60.0,0.0,0.0
286_G_U17,1,1,60.0,0.0,0.0
286_G_U17,1,2,60.0,0.0,0.0
286_G_U17,1,3,60.0,0.0,0.0
286_G_U17,1,4,60.0,0.0,0.0
286_G_U17,1,5,60.0,0.0,0.0
286_G_U17,1,6,60.0,0.0,0.0
286_G_U17,1,7,60.0,0.0,0.0
286_G_U17,1,8,60.0,0.0,0.0
286_G_U17,1,9,60.0,0.0,0.0
286_G_U17,1,10,39.48,0.0,0.0
286_G_U17,1,11,24.0,0.0,0.0
286_G_U17,1,12,39.48,0.0,0.0
286_G_U17,1,13,60.0,0.0,0.0
286_G_U17,1,14,60.0,0.0,0.0
286_G_U17,1,15,60.0,0.0,0.0
286_G_U17,1,16,60.0,0.0,0.0
286_G_U17,1,17,60.0,0.0,0.0
286_G_U17,1,18,60.0,0.0,0.0
286_G_U17,1,19,60.0,0.0,0.0
286_G_U17,1,20,60.0,0.0,0.0
286_G_U17,1,21,60.0,0.0,0.0
286_G_U17,1,22,60.0,0.0,0.0
286_G_U17,1,23,60.0,0.0,0.0
286_G_U17,1,24,60.0,0.0,0.0
286_G_U17,1,25,60.0,0.0,0.0
286_G_U18,1,1,60.0,0.0,0.0
286_G_U18,1,2,60.0,0.0,0.0
286_G_U18,1,3,60.0,0.0,0.0
286_G_U18,1,4,60.0,0.0,0.0
286_G_U18,1,5,60.0,0.0,0.0
286_G_U18,1,6,60.0,0.0,0.0
286_G_U18,1,7,60.0,0.0,0.0
286_G_U18,1,8,60.0,0.0,0.0
286_G_U18,1,9,44.52,15.479999999999997,0.0
286_G_U18,1,10,24.0,0.0,0.0
286_G_U18,1,11,24.0,0.0,0.0
286_G_U18,1,12,39.48,0.0,0.0
286_G_U18,1,13,60.0,0.0,0.0
286_G_U18,1,14,60.0,0.0,0.0
286_G_U18,1,15,60.0,0.0,0.0
286_G_U18,1,16,60.0,0.0,0.0
286_G_U18,1,17,60.0,0.0,0.0
286_G_U18,1,18,60.0,0.0,0.0
286_G_U18,1,19,60.0,0.0,0.0
286_G_U18,1,20,60.0,0.0,0.0
286_G_U18,1,21,60.0,0.0,0.0
286_G_U18,1,22,60.0,0.0,0.0
286_G_U18,1,23,60.0,0.0,0.0
286_G_U18,1,24,60.0,0.0,0.0
286_G_U18,1,25,60.0,0.0,0.0
286_G_U20,1,1,50.0,0.0,0.0
286_G_U20,1,2,50.0,0.0,0.0
286_G_U20,1,3,50.0,0.0,0.0
286_G_U20,1,4,50.0,0.0,0.0
286_G_U20,1,5,50.0,0.0,0.0
286_G_U20,1,6,50.0,0.0,0.0
286_G_U20,1,7,50.0,0.0,0.0
286_G_U20,1,8,50.0,0.0,0.0
286_G_U20,1,9,50.0,0.0,0.0
286_G_U20,1,10,32.9,17.1,12.899999999999999
286_G_U20,1,11,20.0,30.0,0.0
286_G_U20,1,12,32.9,17.100000000000062,0.0
286_G_U20,1,13,50.0,0.0,0.0
286_G_U20,1,14,50.0,0.0,0.0
286_G_U20,1,15,50.0,0.0,0.0
286_G_U20,1,16,50.0,0.0,0.0
286_G_U20,1,17,50.0,0.0,0.0
286_G_U20,1,18,50.0,0.0,0.0
286_G_U20,1,19,50.0,0.0,0.0
286_G_U20,1,20,50.0,0.0,0.0
286_G_U20,1,21,50.0,0.0,0.0
286_G_U20,1,22,50.0,0.0,0.0
286_G_U20,1,23,50.0,0.0,0.0
286_G_U20,1,24,50.0,0.0,0.0
286_G_U20,1,25,50.0,0.0,0.0
286_G_U5,1,1,45.0,0.0,20.072369879179725
286_G_U5,1,2,45.0,0.0,16.734785422897215
286_G_U5,1,3,45.0,0.0,16.077620473632873
286_G_U5,1,4,45.0,0.0,18.417458216044945
286_G_U5,1,5,45.0,0.0,25.773112569232477
286_G_U5,1,6,45.0,0.0,27.0
286_G_U5,1,7,45.0,0.0,27.0
286_G_U5,1,8,45.0,0.0,27.0
286_G_U5,1,9,45.0,0.0,27.0
286_G_U5,1,10,29.61,15.39,11.61
286_G_U5,1,11,45.0,0.0,27.0
286_G_U5,1,12,45.0,0.0,27.0
286_G_U5,1,13,45.0,0.0,27.0
286_G_U5,1,14,45.0,0.0,27.0
286_G_U5,1,15,45.0,0.0,27.0
286_G_U5,1,16,45.0,0.0,27.0
286_G_U5,1,17,45.0,0.0,27.0
286_G_U5,1,18,45.0,0.0,27.0
286_G_U5,1,19,45.0,0.0,27.0
286_G_U5,1,20,45.0,0.0,27.0
286_G_U5,1,21,45.0,0.0,27.0
286_G_U5,1,22,45.0,0.0,27.0
286_G_U5,1,23,45.0,0.0,27.0
286_G_U5,1,24,45.0,0.0,27.0
286_G_U5,1,25,45.0,0.0,21.01736987917972
286_G_U6,1,1,45.0,0.0,0.0
286_G_U6,1,2,45.0,0.0,0.0
286_G_U6,1,3,45.0,0.0,0.0
286_G_U6,1,4,45.0,0.0,0.0
286_G_U6,1,5,45.0,0.0,0.0
286_G_U6,1,6,45.0,0.0,0.0
286_G_U6,1,7,45.0,0.0,0.0
286_G_U6,1,8,45.0,0.0,0.0
286_G_U6,1,9,45.0,0.0,0.0
286_G_U6,1,10,29.61,0.0,0.0
286_G_U6,1,11,18.0,0.0,0.0
286_G_U6,1,12,29.61,0.0,0.0
286_G_U6,1,13,45.0,0.0,0.0
286_G_U6,1,14,45.0,0.0,0.0
286_G_U6,1,15,45.0,0.0,0.0
286_G_U6,1,16,45.0,0.0,0.0
286_G_U6,1,17,45.0,0.0,0.0
286_G_U6,1,18,45.0,0.0,0.0
286_G_U6,1,19,45.0,0.0,0.0
286_G_U6,1,20,45.0,0.0,0.0
286_G_U6,1,21,45.0,0.0,0.0
286_G_U6,1,22,45.0,0.0,0.0
286_G_U6,1,23,45.0,0.0,0.0
286_G_U6,1,24,45.0,0.0,0.0
286_G_U6,1,25,45.0,0.0,0.0
286_G_U7,1,1,40.0,0.0,24.0
286_G_U7,1,2,40.0,0.0,24.0
286_G_U7,1,3,40.0,0.0,24.0
286_G_U7,1,4,40.0,0.0,24.0
286_G_U7,1,5,40.0,0.0,24.0
286_G_U7,1,6,40.0,0.0,24.0
286_G_U7,1,7,40.0,0.0,24.0
286_G_U7,1,8,40.0,0.0,24.0
286_G_U7,1,9,40.0,0.0,24.0
286_G_U7,1,10,26.319999999999975,13.680000000000064,10.319999999999995
286_G_U7,1,11,40.0,0.0,24.0
286_G_U7,1,12,40.0,0.0,24.0
286_G_U7,1,13,40.0,0.0,24.0
286_G_U7,1,14,40.0,0.0,24.0
286_G_U7,1,15,40.0,0.0,24.0
286_G_U7,1,16,40.0,0.0,24.0
286_G_U7,1,17,40.0,0.0,24.0
286_G_U7,1,18,40.0,0.0,24.0
286_G_U7,1,19,40.0,0.0,23.999999999999993
286_G_U7,1,20,40.0,0.0,24.0
286_G_U7,1,21,40.0,0.0,24.0
286_G_U7,1,22,40.0,0.0,24.0
286_G_U7,1,23,40.0,0.0,24.0
286_G_U7,1,24,40.0,0.0,24.0
286_G_U7,1,25,40.0,0.0,24.0
286_G_U8,1,1,40.0,0.0,0.0
286_G_U8,1,2,40.0,0.0,0.0
286_G_U8,1,3,40.0,0.0,0.0
286_G_U8,1,4,40.0,0.0,0.0
286_G_U8,1,5,40.0,0.0,0.0
286_G_U8,1,6,40.0,0.0,0.0
286_G_U8,1,7,40.0,0.0,0.0
286_G_U8,1,8,40.0,0.0,0.0
286_G_U8,1,9,40.0,0.0,0.0
286_G_U8,1,10,26.32,0.0,0.0
286_G_U8,1,11,16.0,0.0,0.0
286_G_U8,1,12,26.32,0.0,0.0
286_G_U8,1,13,40.0,0.0,0.0
286_G_U8,1,14,40.0,0.0,0.0
286_G_U8,1,15,40.0,0.0,0.0
286_G_U8,1,16,40.0,0.0,0.0
286_G_U8,1,17,40.0,0.0,0.0
286_G_U8,1,18,40.0,0.0,0.0
286_G_U8,1,19,40.0,0.0,0.0
286_G_U8,1,20,40.0,0.0,0.0
286_G_U8,1,21,40.0,0.0,0.0
286_G_U8,1,22,40.0,0.0,0.0
286_G_U8,1,23,40.0,0.0,0.0
286_G_U8,1,24,40.0,0.0,0.0
286_G_U8,1,25,40.0,0.0,0.0
341_G_CT3,1,1,0.0,0.0,0.0
341_G_CT3,1,2,0.0,0.0,0.0
341_G_CT3,1,3,0.0,0.0,0.0
341_G_CT3,1,4,0.0,0.0,0.0
341_G_CT3,1,5,0.0,0.0,0.0
341_G_CT3,1,6,0.0,0.0,0.0
341_G_CT3,1,7,0.0,0.0,0.0
341_G_CT3,1,8,0.0,0.0,0.0
341_G_CT3,1,9,0.0,0.0,0.0
341_G_CT3,1,10,0.0,0.0,0.0
341_G_CT3,1,11,0.0,0.0,0.0
341_G_CT3,1,12,0.0,0.0,0.0
341_G_CT3,1,13,0.0,0.0,0.0
341_G_CT3,1,14,0.0,0.0,0.0
341_G_CT3,1,15,0.0,0.0,0.0
341_G_CT3,1,16,0.0,0.0,0.0
341_G_CT3,1,17,0.0,0.0,0.0
341_G_CT3,1,18,0.0,0.0,0.0
341_G_CT3,1,19,0.0,0.0,0.0
341_G_CT3,1,20,0.0,0.0,0.0
341_G_CT3,1,21,0.0,0.0,0.0
341_G_CT3,1,22,0.0,0.0,0.0
341_G_CT3,1,23,0.0,0.0,0.0
341_G_CT3,1,24,0.0,0.0,0.0
341_G_CT3,1,25,0.0,0.0,0.0
358_G_MV3A,1,1,59.599999999999994,0.0,0.0
358_G_MV3A,1,2,59.599999999999994,0.0,0.0
358_G_MV3A,1,3,59.599999999999994,0.0,0.0
358_G_MV3A,1,4,59.599999999999994,0.0,0.0
358_G_MV3A,1,5,101.618,0.0,0.0
358_G_MV3A,1,6,149.0,0.0,0.0
358_G_MV3A,1,7,106.982,0.0,0.0
358_G_MV3A,1,8,59.6,0.0,0.0
358_G_MV3A,1,9,59.599999999999994,0.0,0.0
358_G_MV3A,1,10,59.599999999999994,0.0,0.0
358_G_MV3A,1,11,59.6,0.0,0.0
358_G_MV3A,1,12,59.6,0.0,0.0
358_G_MV3A,1,13,59.599999999999994,0.0,0.0
358_G_MV3A,1,14,59.6,0.0,0.0
358_G_MV3A,1,15,59.6,0.0,0.0
358_G_MV3A,1,16,106.982,0.0,0.0
358_G_MV3A,1,17,149.0,0.0,0.0
358_G_MV3A,1,18,149.0,0.0,0.0
358_G_MV3A,1,19,149.0,0.0,0.0
358_G_MV3A,1,20,149.0,0.0,0.0
358_G_MV3A,1,21,149.0,0.0,0.0
358_G_MV3A,1,22,149.0,0.0,0.0
358_G_MV3A,1,23,149.0,0.0,0.0
358_G_MV3A,1,24,149.0,0.0,0.0
358_G_MV3A,1,25,59.599999999999994,0.0,0.0
358_G_MV3B,1,1,59.6,0.0,0.0
358_G_MV3B,1,2,59.6,0.0,0.0
358_G_MV3B,1,3,59.599999999999994,0.0,0.0
358_G_MV3B,1,4,59.6,0.0,0.0
358_G_MV3B,1,5,101.618,0.0,0.0
358_G_MV3B,1,6,149.0,0.0,0.0
358_G_MV3B,1,7,106.982,0.0,0.0
358_G_MV3B,1,8,59.599999999999994,0.0,0.0
358_G_MV3B,1,9,59.599999999999994,0.0,0.0
358_G_MV3B,1,10,59.599999999999994,0.0,0.0
358_G_MV3B,1,11,59.599999999999994,0.0,0.0
358_G_MV3B,1,12,59.6,0.0,0.0
358_G_MV3B,1,13,59.6,0.0,0.0
358_G_MV3B,1,14,59.599999999999994,0.0,0.0
358_G_MV3B,1,15,59.599999999999994,0.0,0.0
358_G_MV3B,1,16,106.982,0.0,0.0
358_G_MV3B,1,17,149.0,0.0,0.0
358_G_MV3B,1,18,149.0,0.0,0.0
358_G_MV3B,1,19,149.0,0.0,0.0
358_G_MV3B,1,20,149.0,0.0,0.0
358_G_MV3B,1,21,149.0,0.0,0.0
358_G_MV3B,1,22,149.0,0.0,0.0
358_G_MV3B,1,23,149.0,0.0,0.0
358_G_MV3B,1,24,149.0,0.0,0.0
358_G_MV3B,1,25,59.599999999999994,0.0,0.0
358_G_MV3C,1,1,75.2,0.0,0.0
358_G_MV3C,1,2,75.2,0.0,0.0
358_G_MV3C,1,3,75.2,0.0,0.0
358_G_MV3C,1,4,75.2,0.0,0.0
358_G_MV3C,1,5,128.216,0.0,0.0
358_G_MV3C,1,6,188.0,0.0,0.0
358_G_MV3C,1,7,134.984,0.0,0.0
358_G_MV3C,1,8,75.2,0.0,0.0
358_G_MV3C,1,9,75.2,0.0,0.0
358_G_MV3C,1,10,75.2,0.0,0.0
358_G_MV3C,1,11,75.2,0.0,0.0
358_G_MV3C,1,12,75.2,0.0,0.0
358_G_MV3C,1,13,75.2,0.0,0.0
358_G_MV3C,1,14,75.2,0.0,0.0
358_G_MV3C,1,15,75.2,0.0,0.0
358_G_MV3C,1,16,134.984,0.0,0.0
358_G_MV3C,1,17,188.0,0.0,0.0
358_G_MV3C,1,18,188.0,0.0,0.0
358_G_MV3C,1,19,188.0,0.0,0.0
358_G_MV3C,1,20,188.0,0.0,0.0
358_G_MV3C,1,21,188.0,0.0,0.0
358_G_MV3C,1,22,188.0,0.0,0.0
358_G_MV3C,1,23,188.0,0.0,0.0
358_G_MV3C,1,24,188.0,0.0,0.0
358_G_MV3C,1,25,75.2,0.0,0.0
358_G_MV4A,1,1,59.6,0.0,0.0
358_G_MV4A,1,2,59.6,0.0,0.0
358_G_MV4A,1,3,59.599999999999994,0.0,0.0
358_G_MV4A,1,4,59.6,0.0,0.0
358_G_MV4A,1,5,101.618,0.0,0.0
358_G_MV4A,1,6,149.0,0.0,0.0
358_G_MV4A,1,7,106.982,0.0,0.0
358_G_MV4A,1,8,59.599999999999994,0.0,0.0
358_G_MV4A,1,9,59.599999999999994,0.0,0.0
358_G_MV4A,1,10,59.599999999999994,0.0,0.0
358_G_MV4A,1,11,59.599999999999994,0.0,0.0
358_G_MV4A,1,12,59.599999999999994,0.0,0.0
358_G_MV4A,1,13,59.6,0.0,0.0
358_G_MV4A,1,14,59.6,0.0,0.0
358_G_MV4A,1,15,59.599999999999994,0.0,0.0
358_G_MV4A,1,16,106.982,0.0,0.0
358_G_MV4A,1,17,149.0,0.0,0.0
358_G_MV4A,1,18,149.0,0.0,0.0
358_G_MV4A,1,19,149.0,0.0,0.0
358_G_MV4A,1,20,149.0,0.0,0.0
358_G_MV4A,1,21,149.0,0.0,0.0
358_G_MV4A,1,22,149.0,0.0,0.0
358_G_MV4A,1,23,149.0,0.0,0.0
358_G_MV4A,1,24,149.0,0.0,0.0
358_G_MV4A,1,25,59.599999999999994,0.0,0.0
358_G_MV4B,1,1,59.6,0.0,0.0
358_G_MV4B,1,2,59.6,0.0,0.0
358_G_MV4B,1,3,59.599999999999994,0.0,0.0
358_G_MV4B,1,4,59.6,0.0,0.0
358_G_MV4B,1,5,59.599999999999994,0.0,0.0
358_G_MV4B,1,6,106.982,42.018,0.0
358_G_MV4B,1,7,106.982,0.0,0.0
358_G_MV4B,1,8,59.599999999999994,0.0,0.0
358_G_MV4B,1,9,59.6,0.0,0.0
358_G_MV4B,1,10,59.6,0.0,0.0
358_G_MV4B,1,11,59.599999999999994,0.0,0.0
358_G_MV4B,1,12,59.599999999999994,0.0,0.0
358_G_MV4B,1,13,59.599999999999994,0.0,0.0
358_G_MV4B,1,14,59.599999999999994,0.0,0.0
358_G_MV4B,1,15,59.6,0.0,0.0
358_G_MV4B,1,16,106.982,0.0,0.0
358_G_MV4B,1,17,149.0,0.0,0.0
358_G_MV4B,1,18,149.0,0.0,0.0
358_G_MV4B,1,19,149.0,0.0,0.0
358_G_MV4B,1,20,149.0,0.0,0.0
358_G_MV4B,1,21,149.0,0.0,0.0
358_G_MV4B,1,22,149.0,0.0,0.0
358_G_MV4B,1,23,149.0,0.0,0.0
358_G_MV4B,1,24,149.0,0.0,0.0
358_G_MV4B,1,25,59.599999999999994,0.0,0.0
358_G_MV4C,1,1,75.2,0.0,0.0
358_G_MV4C,1,2,75.2,0.0,0.0
358_G_MV4C,1,3,75.2,0.0,0.0
358_G_MV4C,1,4,75.2,0.0,0.0
358_G_MV4C,1,5,80.5201568184026,0.0,0.0
358_G_MV4C,1,6,140.3041568184026,47.69584318159741,0.0
358_G_MV4C,1,7,134.984,0.0,0.0
358_G_MV4C,1,8,75.2,0.0,0.0
358_G_MV4C,1,9,75.2,0.0,0.0
358_G_MV4C,1,10,75.2,0.0,0.0
358_G_MV4C,1,11,75.2,0.0,0.0
358_G_MV4C,1,12,75.2,0.0,0.0
358_G_MV4C,1,13,75.2,0.0,0.0
358_G_MV4C,1,14,75.2,0.0,0.0
358_G_MV4C,1,15,75.2,0.0,0.0
358_G_MV4C,1,16,134.98400000000012,0.0,0.0
358_G_MV4C,1,17,188.0,0.0,0.0
358_G_MV4C,1,18,188.0,0.0,0.0
358_G_MV4C,1,19,188.0,0.0,0.0
358_G_MV4C,1,20,188.0,0.0,0.0
358_G_MV4C,1,21,188.0,0.0,0.0
358_G_MV4C,1,22,188.0,0.0,0.0
358_G_MV4C,1,23,188.0,0.0,0.0
358_G_MV4C,1,24,188.0,0.0,0.0
358_G_MV4C,1,25,75.2,0.0,0.0
377_G_1,1,1,7.6,0.0,0.0
377_G_1,1,2,7.6,0.0,0.0
377_G_1,1,3,7.6,0.0,0.0
377_G_1,1,4,7.6,0.0,0.0
377_G_1,1,5,7.6,0.0,0.0
377_G_1,1,6,7.6,0.0,0.0
377_G_1,1,7,7.6,0.0,0.0
377_G_1,1,8,7.6,0.0,0.0
377_G_1,1,9,7.6,0.0,0.0
377_G_1,1,10,7.6,0.0,0.0
377_G_1,1,11,7.6,0.0,0.0
377_G_1,1,12,7.6,0.0,0.0
377_G_1,1,13,7.6,0.0,0.0
377_G_1,1,14,7.6,0.0,0.0
377_G_1,1,15,7.6,0.0,0.0
377_G_1,1,16,7.6,0.0,0.0
377_G_1,1,17,19.0,0.0,0.0
377_G_1,1,18,19.0,0.0,0.0
377_G_1,1,19,19.0,0.0,0.0
377_G_1,1,20,19.0,0.0,0.0
377_G_1,1,21,19.0,0.0,0.0
377_G_1,1,22,19.0,0.0,0.0
377_G_1,1,23,7.6,0.0,0.0
377_G_1,1,24,7.6,0.0,0.0
377_G_1,1,25,7.6,0.0,0.0
377_G_2,1,1,7.6,0.0,0.0
377_G_2,1,2,7.6,0.0,0.0
377_G_2,1,3,7.6,0.0,0.0
377_G_2,1,4,7.6,0.0,0.0
377_G_2,1,5,7.6,0.0,0.0
377_G_2,1,6,7.6,0.0,0.0
377_G_2,1,7,7.6,0.0,0.0
377_G_2,1,8,7.6,0.0,0.0
377_G_2,1,9,7.6,0.0,0.0
377_G_2,1,10,7.6,0.0,0.0
377_G_2,1,11,7.6,0.0,0.0
377_G_2,1,12,7.6,0.0,0.0
377_G_2,1,13,7.6,0.0,0.0
377_G_2,1,14,7.6,0.0,0.0
377_G_2,1,15,7.6,0.0,0.0
377_G_2,1,16,7.6,0.0,0.0
377_G_2,1,17,19.0,0.0,0.0
377_G_2,1,18,19.0,0.0,0.0
377_G_2,1,19,19.0,0.0,0.0
377_G_2,1,20,19.0,0.0,0.0
377_G_2,1,21,19.0,0.0,0.0
377_G_2,1,22,19.0,0.0,0.0
377_G_2,1,23,7.6,0.0,0.0
377_G_2,1,24,7.6,0.0,0.0
377_G_2,1,25,7.6,0.0,0.0
377_G_5,1,1,0.0,0.0,0.0
377_G_5,1,2,0.0,0.0,0.0
377_G_5,1,3,0.0,0.0,0.0
377_G_5,1,4,0.0,0.0,0.0
377_G_5,1,5,0.0,0.0,0.0
377_G_5,1,6,0.0,0.0,0.0
377_G_5,1,7,0.0,0.0,0.0
377_G_5,1,8,0.0,0.0,0.0
377_G_5,1,9,0.0,0.0,0.0
377_G_5,1,10,0.0,0.0,0.0
377_G_5,1,11,0.0,0.0,0.0
377_G_5,1,12,0.0,0.0,0.0
377_G_5,1,13,0.0,0.0,0.0
377_G_5,1,14,0.0,0.0,0.0
377_G_5,1,15,0.0,0.0,0.0
377_G_5,1,16,0.0,0.0,0.0
377_G_5,1,17,0.0,0.0,0.0
377_G_5,1,18,0.0,0.0,0.0
377_G_5,1,19,0.0,0.0,0.0
377_G_5,1,20,0.0,0.0,0.0
377_G_5,1,21,0.0,0.0,0.0
377_G_5,1,22,0.0,0.0,0.0
377_G_5,1,23,0.0,0.0,0.0
377_G_5,1,24,0.0,0.0,0.0
377_G_5,1,25,0.0,0.0,0.0
377_G_8A,1,1,10.4,0.0,0.0
377_G_8A,1,2,10.4,0.0,0.0
377_G_8A,1,3,10.4,0.0,0.0
377_G_8A,1,4,10.4,0.0,0.0
377_G_8A,1,5,10.4,0.0,0.0
377_G_8A,1,6,10.4,0.0,0.0
377_G_8A,1,7,10.4,0.0,0.0
377_G_8A,1,8,10.4,0.0,0.0
377_G_8A,1,9,10.4,0.0,0.0
377_G_8A,1,10,10.4,0.0,0.0
377_G_8A,1,11,10.4,0.0,0.0
377_G_8A,1,12,10.4,0.0,0.0
377_G_8A,1,13,10.4,0.0,0.0
377_G_8A,1,14,10.4,0.0,0.0
377_G_8A,1,15,10.4,0.0,0.0
377_G_8A,1,16,10.4,0.0,0.0
377_G_8A,1,17,26.0,0.0,0.0
377_G_8A,1,18,26.0,0.0,0.0
377_G_8A,1,19,26.0,0.0,0.0
377_G_8A,1,20,26.0,0.0,0.0
377_G_8A,1,21,26.0,0.0,0.0
377_G_8A,1,22,26.0,0.0,0.0
377_G_8A,1,23,10.4,0.0,0.0
377_G_8A,1,24,10.4,0.0,0.0
377_G_8A,1,25,10.4,0.0,0.0
377_G_8BC,1,1,18.4,0.0,0.0
377_G_8BC,1,2,18.4,0.0,0.0
377_G_8BC,1,3,18.4,0.0,0.0
377_G_8BC,1,4,18.4,0.0,0.0
377_G_8BC,1,5,18.4,0.0,0.0
377_G_8BC,1,6,18.4,0.0,0.0
377_G_8BC,1,7,18.4,0.0,0.0
377_G_8BC,1,8,18.4,0.0,0.0
377_G_8BC,1,9,18.4,0.0,0.0
377_G_8BC,1,10,18.4,0.0,0.0
377_G_8BC,1,11,18.4,0.0,0.0
377_G_8BC,1,12,18.4,0.0,0.0
377_G_8BC,1,13,18.4,0.0,0.0
377_G_8BC,1,14,18.4,0.0,0.0
377_G_8BC,1,15,18.4,0.0,0.0
377_G_8BC,1,16,18.4,0.0,0.0
377_G_8BC,1,17,46.0,0.0,0.0
377_G_8BC,1,18,46.0,0.0,0.0
377_G_8BC,1,19,46.0,0.0,0.0
377_G_8BC,1,20,46.0,0.0,0.0
377_G_8BC,1,21,46.0,0.0,0.0
377_G_8BC,1,22,46.0,0.0,0.0
377_G_8BC,1,23,18.4,0.0,0.0
377_G_8BC,1,24,18.4,0.0,0.0
377_G_8BC,1,25,18.4,0.0,0.0
389_G_2,1,1,12.399999999999999,0.0,0.0
389_G_2,1,2,12.399999999999999,0.0,0.0
389_G_2,1,3,12.399999999999999,0.0,0.0
389_G_2,1,4,12.399999999999999,0.0,0.0
389_G_2,1,5,12.399999999999999,0.0,0.0
389_G_2,1,6,12.4,0.0,0.0
389_G_2,1,7,12.4,0.0,0.0
389_G_2,1,8,12.399999999999999,0.0,0.0
389_G_2,1,9,12.4,0.0,0.0
389_G_2,1,10,12.4,0.0,0.0
389_G_2,1,11,12.399999999999999,0.0,0.0
389_G_2,1,12,12.4,0.0,0.0
389_G_2,1,13,12.4,0.0,0.0
389_G_2,1,14,12.4,0.0,0.0
389_G_2,1,15,12.399999999999999,0.0,0.0
389_G_2,1,16,12.399999999999999,0.0,0.0
389_G_2,1,17,31.0,0.0,0.0
389_G_2,1,18,31.0,0.0,0.0
389_G_2,1,19,31.0,0.0,0.0
389_G_2,1,20,31.0,0.0,0.0
389_G_2,1,21,31.0,0.0,0.0
389_G_2,1,22,31.0,0.0,0.0
389_G_2,1,23,12.4,0.0,0.0
389_G_2,1,24,12.4,0.0,0.0
389_G_2,1,25,12.399999999999999,0.0,0.0
389_G_2A,1,1,28.4,0.0,0.0
389_G_2A,1,2,28.4,0.0,0.0
389_G_2A,1,3,28.4,0.0,0.0
389_G_2A,1,4,28.4,0.0,0.0
389_G_2A,1,5,28.4,0.0,0.0
389_G_2A,1,6,28.4,0.0,0.0
389_G_2A,1,7,28.4,0.0,0.0
389_G_2A,1,8,28.4,0.0,0.0
389_G_2A,1,9,28.4,0.0,0.0
389_G_2A,1,10,28.4,0.0,0.0
389_G_2A,1,11,28.4,0.0,0.0
389_G_2A,1,12,28.4,0.0,0.0
389_G_2A,1,13,28.4,0.0,0.0
389_G_2A,1,14,28.4,0.0,0.0
389_G_2A,1,15,28.4,0.0,0.0
389_G_2A,1,16,28.4,0.0,0.0
389_G_2A,1,17,71.0,0.0,0.0
389_G_2A,1,18,71.0,0.0,0.0
389_G_2A,1,19,71.0,0.0,0.0
389_G_2A,1,20,71.0,0.0,0.0
389_G_2A,1,21,71.0,0.0,0.0
389_G_2A,1,22,71.0,0.0,0.0
389_G_2A,1,23,28.4,0.0,0.0
389_G_2A,1,24,28.4,0.0,0.0
389_G_2A,1,25,28.4,0.0,0.0
389_G_30,1,1,20.8,0.0,0.0
389_G_30,1,2,20.8,0.0,0.0
389_G_30,1,3,20.8,0.0,0.0
389_G_30,1,4,20.8,0.0,0.0
389_G_30,1,5,20.8,0.0,0.0
389_G_30,1,6,20.8,0.0,0.0
389_G_30,1,7,20.8,0.0,0.0
389_G_30,1,8,20.8,0.0,0.0
389_G_30,1,9,20.8,0.0,0.0
389_G_30,1,10,20.8,0.0,0.0
389_G_30,1,11,20.8,0.0,0.0
389_G_30,1,12,20.8,0.0,0.0
389_G_30,1,13,20.8,0.0,0.0
389_G_30,1,14,20.8,0.0,0.0
389_G_30,1,15,20.8,0.0,0.0
389_G_30,1,16,20.8,0.0,0.0
389_G_30,1,17,52.0,0.0,0.0
389_G_30,1,18,52.0,0.0,0.0
389_G_30,1,19,52.0,0.0,0.0
389_G_30,1,20,52.0,0.0,0.0
389_G_30,1,21,52.0,0.0,0.0
389_G_30,1,22,52.0,0.0,0.0
389_G_30,1,23,20.8,0.0,0.0
389_G_30,1,24,20.8,0.0,0.0
389_G_30,1,25,20.8,0.0,0.0
389_G_31,1,1,18.0,0.0,0.0
389_G_31,1,2,18.0,0.0,0.0
389_G_31,1,3,18.0,0.0,0.0
389_G_31,1,4,18.0,0.0,0.0
389_G_31,1,5,18.0,0.0,0.0
389_G_31,1,6,18.0,0.0,0.0
389_G_31,1,7,18.0,0.0,0.0
389_G_31,1,8,18.0,0.0,0.0
389_G_31,1,9,18.0,0.0,0.0
389_G_31,1,10,18.0,0.0,0.0
389_G_31,1,11,18.0,0.0,0.0
389_G_31,1,12,18.0,0.0,0.0
389_G_31,1,13,18.0,0.0,0.0
389_G_31,1,14,18.0,0.0,0.0
389_G_31,1,15,18.0,0.0,0.0
389_G_31,1,16,18.0,0.0,0.0
389_G_31,1,17,45.0,0.0,0.0
389_G_31,1,18,45.0,0.0,0.0
389_G_31,1,19,45.0,0.0,0.0
389_G_31,1,20,45.0,0.0,0.0
389_G_31,1,21,45.0,0.0,0.0
389_G_31,1,22,45.0,0.0,0.0
389_G_31,1,23,18.0,0.0,0.0
389_G_31,1,24,18.0,0.0,0.0
389_G_31,1,25,18.0,0.0,0.0
389_G_32,1,1,18.0,0.0,0.0
389_G_32,1,2,18.0,0.0,0.0
389_G_32,1,3,18.0,0.0,0.0
389_G_32,1,4,18.0,0.0,0.0
389_G_32,1,5,18.0,0.0,0.0
389_G_32,1,6,18.0,0.0,0.0
389_G_32,1,7,18.0,0.0,0.0
389_G_32,1,8,18.0,0.0,0.0
389_G_32,1,9,18.0,0.0,0.0
389_G_32,1,10,18.0,0.0,0.0
389_G_32,1,11,18.0,0.0,0.0
389_G_32,1,12,18.0,0.0,0.0
389_G_32,1,13,18.0,0.0,0.0
389_G_32,1,14,18.0,0.0,0.0
389_G_32,1,15,18.0,0.0,0.0
389_G_32,1,16,18.0,0.0,0.0
389_G_32,1,17,45.0,0.0,0.0
389_G_32,1,18,45.0,0.0,0.0
389_G_32,1,19,45.0,0.0,0.0
389_G_32,1,20,45.0,0.0,0.0
389_G_32,1,21,45.0,0.0,0.0
389_G_32,1,22,45.0,0.0,0.0
389_G_32,1,23,18.0,0.0,0.0
389_G_32,1,24,18.0,0.0,0.0
389_G_32,1,25,18.0,0.0,0.0
399_G_10A,1,1,0.0,0.0,0.0
399_G_10A,1,2,0.0,0.0,0.0
399_G_10A,1,3,0.0,0.0,0.0
399_G_10A,1,4,0.0,0.0,0.0
399_G_10A,1,5,0.0,0.0,0.0
399_G_10A,1,6,0.0,0.0,0.0
399_G_10A,1,7,0.0,0.0,0.0
399_G_10A,1,8,0.0,0.0,0.0
399_G_10A,1,9,0.0,0.0,0.0
399_G_10A,1,10,0.0,0.0,0.0
399_G_10A,1,11,0.0,0.0,0.0
399_G_10A,1,12,0.0,0.0,0.0
399_G_10A,1,13,0.0,0.0,0.0
399_G_10A,1,14,0.0,0.0,0.0
399_G_10A,1,15,0.0,0.0,0.0
399_G_10A,1,16,0.0,0.0,0.0
399_G_10A,1,17,72.0,0.0,0.0
399_G_10A,1,18,72.0,0.0,0.0
399_G_10A,1,19,72.0,0.0,0.0
399_G_10A,1,20,72.0,0.0,0.0
399_G_10A,1,21,54.209879703662686,17.79012029633736,0.0
399_G_10A,1,22,28.799999999999997,43.199999999267504,0.0
399_G_10A,1,23,0.0,0.0,0.0
399_G_10A,1,24,0.0,0.0,0.0
399_G_10A,1,25,0.0,0.0,0.0
399_G_10B,1,1,0.0,0.0,0.0
399_G_10B,1,2,0.0,0.0,0.0
399_G_10B,1,3,0.0,0.0,0.0
399_G_10B,1,4,0.0,0.0,0.0
399_G_10B,1,5,0.0,0.0,0.0
399_G_10B,1,6,0.0,0.0,0.0
399_G_10B,1,7,0.0,0.0,0.0
399_G_10B,1,8,0.0,0.0,0.0
399_G_10B,1,9,0.0,0.0,0.0
399_G_10B,1,10,0.0,0.0,0.0
399_G_10B,1,11,0.0,0.0,0.0
399_G_10B,1,12,0.0,0.0,0.0
399_G_10B,1,13,0.0,0.0,0.0
399_G_10B,1,14,0.0,0.0,0.0
399_G_10B,1,15,0.0,0.0,0.0
399_G_10B,1,16,0.0,0.0,0.0
399_G_10B,1,17,72.0,0.0,0.0
399_G_10B,1,18,72.0,0.0,0.0
399_G_10B,1,19,72.0,0.0,0.0
399_G_10B,1,20,72.0,0.0,0.0
399_G_10B,1,21,72.0,0.0,0.0
399_G_10B,1,22,28.823639797996663,43.17636020200334,0.0
399_G_10B,1,23,0.0,0.0,0.0
399_G_10B,1,24,0.0,0.0,0.0
399_G_10B,1,25,0.0,0.0,0.0
399_G_5,1,1,0.0,0.0,0.0
399_G_5,1,2,0.0,0.0,0.0
399_G_5,1,3,0.0,0.0,0.0
399_G_5,1,4,0.0,0.0,0.0
399_G_5,1,5,0.0,0.0,0.0
399_G_5,1,6,0.0,0.0,0.0
399_G_5,1,7,0.0,0.0,0.0
399_G_5,1,8,0.0,0.0,0.0
399_G_5,1,9,0.0,0.0,0.0
399_G_5,1,10,0.0,0.0,0.0
399_G_5,1,11,0.0,0.0,0.0
399_G_5,1,12,0.0,0.0,0.0
399_G_5,1,13,0.0,0.0,0.0
399_G_5,1,14,0.0,0.0,0.0
399_G_5,1,15,0.0,0.0,0.0
399_G_5,1,16,0.0,0.0,0.0
399_G_5,1,17,29.459261955938835,26.54073804406115,0.0
399_G_5,1,18,56.0,0.0,0.0
399_G_5,1,19,56.0,0.0,0.0
399_G_5,1,20,56.0,0.0,0.0
399_G_5,1,21,22.4,33.6,0.0
399_G_5,1,22,22.4,33.6,0.0
399_G_5,1,23,0.0,0.0,0.0
399_G_5,1,24,0.0,0.0,0.0
399_G_5,1,25,0.0,0.0,0.0
399_G_GT14,1,1,0.0,0.0,0.0
399_G_GT14,1,2,0.0,0.0,0.0
399_G_GT14,1,3,0.0,0.0,0.0
399_G_GT14,1,4,0.0,0.0,0.0
399_G_GT14,1,5,0.0,0.0,0.0
399_G_GT14,1,6,0.0,0.0,0.0
399_G_GT14,1,7,0.0,0.0,0.0
399_G_GT14,1,8,0.0,0.0,0.0
399_G_GT14,1,9,0.0,0.0,0.0
399_G_GT14,1,10,0.0,0.0,0.0
399_G_GT14,1,11,0.0,0.0,0.0
399_G_GT14,1,12,0.0,0.0,0.0
399_G_GT14,1,13,0.0,0.0,0.0
399_G_GT14,1,14,0.0,0.0,0.0
399_G_GT14,1,15,0.0,0.0,0.0
399_G_GT14,1,16,0.0,0.0,0.0
399_G_GT14,1,17,0.0,0.0,0.0
399_G_GT14,1,18,0.0,0.0,0.0
399_G_GT14,1,19,0.0,0.0,0.0
399_G_GT14,1,20,0.0,0.0,0.0
399_G_GT14,1,21,0.0,0.0,0.0
399_G_GT14,1,22,0.0,0.0,0.0
399_G_GT14,1,23,0.0,0.0,0.0
399_G_GT14,1,24,0.0,0.0,0.0
399_G_GT14,1,25,0.0,0.0,0.0
400_B_1,1,1,0.0,0.0,0.0
400_B_1,1,2,0.0,0.0,0.0
400_B_1,1,3,0.0,0.0,0.0
400_B_1,1,4,0.0,0.0,0.0
400_B_1,1,5,0.0,0.0,0.0
400_B_1,1,6,0.0,0.0,0.0
400_B_1,1,7,0.0,0.0,0.0
400_B_1,1,8,0.0,0.0,0.0
400_B_1,1,9,0.0,0.0,0.0
400_B_1,1,10,0.0,0.0,0.0
400_B_1,1,11,0.0,0.0,0.0
400_B_1,1,12,0.0,0.0,0.0
400_B_1,1,13,0.0,0.0,0.0
400_B_1,1,14,0.0,0.0,0.0
400_B_1,1,15,0.0,0.0,0.0
400_B_1,1,16,0.0,0.0,0.0
400_B_1,1,17,0.0,0.0,0.0
400_B_1,1,18,0.0,0.0,0.0
400_B_1,1,19,0.0,0.0,0.0
400_B_1,1,20,0.0,0.0,0.0
400_B_1,1,21,0.0,0.0,0.0
400_B_1,1,22,0.0,0.0,0.0
400_B_1,1,23,0.0,0.0,0.0
400_B_1,1,24,0.0,0.0,0.0
400_B_1,1,25,0.0,0.0,0.0
400_B_2,1,1,0.0,0.0,0.0
400_B_2,1,2,0.0,0.0,0.0
400_B_2,1,3,0.0,0.0,0.0
400_B_2,1,4,0.0,0.0,0.0
400_B_2,1,5,0.0,0.0,0.0
400_B_2,1,6,0.0,0.0,0.0
400_B_2,1,7,0.0,0.0,0.0
400_B_2,1,8,0.0,0.0,0.0
400_B_2,1,9,0.0,0.0,0.0
400_B_2,1,10,0.0,0.0,0.0
400_B_2,1,11,0.0,0.0,0.0
400_B_2,1,12,0.0,0.0,0.0
400_B_2,1,13,0.0,0.0,0.0
400_B_2,1,14,0.0,0.0,0.0
400_B_2,1,15,0.0,0.0,0.0
400_B_2,1,16,0.0,0.0,0.0
400_B_2,1,17,88.79999999999987,105.21796661497223,0.0
400_B_2,1,18,88.80000000000004,133.1999999999999,0.0
400_B_2,1,19,88.80000000000004,133.19999999999996,0.0
400_B_2,1,20,88.80000000000004,133.19999999999996,0.0
400_B_2,1,21,88.80000000000004,123.79493837551291,0.0
400_B_2,1,22,88.80000000000004,54.66806063643065,0.0
400_B_2,1,23,0.0,0.0,0.0
400_B_2,1,24,0.0,0.0,0.0
400_B_2,1,25,0.0,0.0,0.0
400_G_10,1,1,63.0,0.0,0.0
400_G_10,1,2,63.0,0.0,0.0
400_G_10,1,3,63.0,0.0,0.0
400_G_10,1,4,63.0,0.0,0.0
400_G_10,1,5,107.41499999999999,0.0,0.0
400_G_10,1,6,157.5,0.0,0.0
400_G_10,1,7,157.5,0.0,0.0
400_G_10,1,8,107.41499999999999,0.0,0.0
400_G_10,1,9,63.0,0.0,0.0
400_G_10,1,10,63.0,0.0,0.0
400_G_10,1,11,63.0,0.0,0.0
400_G_10,1,12,63.0,0.0,0.0
400_G_10,1,13,63.0,0.0,0.0
400_G_10,1,14,63.0,0.0,0.0
400_G_10,1,15,107.41499999999999,0.0,0.0
400_G_10,1,16,157.5,0.0,0.0
400_G_10,1,17,157.5,0.0,0.0
400_G_10,1,18,157.5,0.0,0.0
400_G_10,1,19,157.5,0.0,0.0
400_G_10,1,20,157.5,0.0,0.0
400_G_10,1,21,157.5,0.0,0.0
400_G_10,1,22,157.5,0.0,0.0
400_G_10,1,23,157.5,0.0,0.0
400_G_10,1,24,157.5,0.0,0.0
400_G_10,1,25,63.0,0.0,0.0
400_G_11,1,1,0.0,0.0,0.0
400_G_11,1,2,0.0,0.0,0.0
400_G_11,1,3,0.0,0.0,0.0
400_G_11,1,4,0.0,0.0,0.0
400_G_11,1,5,0.0,0.0,0.0
400_G_11,1,6,0.0,0.0,0.0
400_G_11,1,7,0.0,0.0,0.0
400_G_11,1,8,0.0,0.0,0.0
400_G_11,1,9,0.0,0.0,0.0
400_G_11,1,10,0.0,0.0,0.0
400_G_11,1,11,0.0,0.0,0.0
400_G_11,1,12,0.0,0.0,0.0
400_G_11,1,13,0.0,0.0,0.0
400_G_11,1,14,0.0,0.0,0.0
400_G_11,1,15,0.0,0.0,0.0
400_G_11,1,16,0.0,0.0,0.0
400_G_11,1,17,0.0,0.0,0.0
400_G_11,1,18,71.4546,0.0,0.0
400_G_11,1,19,0.0,0.0,0.0
400_G_11,1,20,0.0,0.0,0.0
400_G_11,1,21,0.0,0.0,0.0
400_G_11,1,22,0.0,0.0,0.0
400_G_11,1,23,0.0,0.0,0.0
400_G_11,1,24,0.0,0.0,0.0
400_G_11,1,25,0.0,0.0,0.0
400_G_12,1,1,0.0,0.0,0.0
400_G_12,1,2,0.0,0.0,0.0
400_G_12,1,3,0.0,0.0,0.0
400_G_12,1,4,0.0,0.0,0.0
400_G_12,1,5,0.0,0.0,0.0
400_G_12,1,6,0.0,0.0,0.0
400_G_12,1,7,0.0,0.0,0.0
400_G_12,1,8,0.0,0.0,0.0
400_G_12,1,9,0.0,0.0,0.0
400_G_12,1,10,0.0,0.0,0.0
400_G_12,1,11,0.0,0.0,0.0
400_G_12,1,12,0.0,0.0,0.0
400_G_12,1,13,0.0,0.0,0.0
400_G_12,1,14,0.0,0.0,0.0
400_G_12,1,15,0.0,0.0,0.0
400_G_12,1,16,0.0,0.0,0.0
400_G_12,1,17,63.365399999999994,0.0,0.0
400_G_12,1,18,96.3,0.0,0.0
400_G_12,1,19,71.45460000000003,0.0,0.0
400_G_12,1,20,0.0,0.0,0.0
400_G_12,1,21,0.0,0.0,0.0
400_G_12,1,22,0.0,0.0,0.0
400_G_12,1,23,0.0,0.0,0.0
400_G_12,1,24,0.0,0.0,0.0
400_G_12,1,25,0.0,0.0,0.0
400_G_13,1,1,0.0,0.0,0.0
400_G_13,1,2,0.0,0.0,0.0
400_G_13,1,3,0.0,0.0,0.0
400_G_13,1,4,0.0,0.0,0.0
400_G_13,1,5,0.0,0.0,0.0
400_G_13,1,6,0.0,0.0,0.0
400_G_13,1,7,0.0,0.0,0.0
400_G_13,1,8,0.0,0.0,0.0
400_G_13,1,9,0.0,0.0,0.0
400_G_13,1,10,0.0,0.0,0.0
400_G_13,1,11,0.0,0.0,0.0
400_G_13,1,12,0.0,0.0,0.0
400_G_13,1,13,0.0,0.0,0.0
400_G_13,1,14,0.0,0.0,0.0
400_G_13,1,15,0.0,0.0,0.0
400_G_13,1,16,0.0,0.0,0.0
400_G_13,1,17,0.0,0.0,0.0
400_G_13,1,18,0.0,0.0,0.0
400_G_13,1,19,0.0,0.0,0.0
400_G_13,1,20,0.0,0.0,0.0
400_G_13,1,21,0.0,0.0,0.0
400_G_13,1,22,0.0,0.0,0.0
400_G_13,1,23,0.0,0.0,0.0
400_G_13,1,24,0.0,0.0,0.0
400_G_13,1,25,0.0,0.0,0.0
400_G_14,1,1,0.0,0.0,0.0
400_G_14,1,2,0.0,0.0,0.0
400_G_14,1,3,0.0,0.0,0.0
400_G_14,1,4,0.0,0.0,0.0
400_G_14,1,5,0.0,0.0,0.0
400_G_14,1,6,0.0,0.0,0.0
400_G_14,1,7,0.0,0.0,0.0
400_G_14,1,8,0.0,0.0,0.0
400_G_14,1,9,0.0,0.0,0.0
400_G_14,1,10,0.0,0.0,0.0
400_G_14,1,11,0.0,0.0,0.0
400_G_14,1,12,0.0,0.0,0.0
400_G_14,1,13,0.0,0.0,0.0
400_G_14,1,14,0.0,0.0,0.0
400_G_14,1,15,0.0,0.0,0.0
400_G_14,1,16,0.0,0.0,0.0
400_G_14,1,17,0.0,0.0,0.0
400_G_14,1,18,0.0,0.0,0.0
400_G_14,1,19,0.0,0.0,0.0
400_G_14,1,20,0.0,0.0,0.0
400_G_14,1,21,0.0,0.0,0.0
400_G_14,1,22,0.0,0.0,0.0
400_G_14,1,23,0.0,0.0,0.0
400_G_14,1,24,0.0,0.0,0.0
400_G_14,1,25,0.0,0.0,0.0
400_G_15,1,1,0.0,0.0,0.0
400_G_15,1,2,0.0,0.0,0.0
400_G_15,1,3,0.0,0.0,0.0
400_G_15,1,4,0.0,0.0,0.0
400_G_15,1,5,0.0,0.0,0.0
400_G_15,1,6,0.0,0.0,0.0
400_G_15,1,7,0.0,0.0,0.0
400_G_15,1,8,0.0,0.0,0.0
400_G_15,1,9,0.0,0.0,0.0
400_G_15,1,10,0.0,0.0,0.0
400_G_15,1,11,0.0,0.0,0.0
400_G_15,1,12,0.0,0.0,0.0
400_G_15,1,13,0.0,0.0,0.0
400_G_15,1,14,0.0,0.0,0.0
400_G_15,1,15,0.0,0.0,0.0
400_G_15,1,16,0.0,0.0,0.0
400_G_15,1,17,0.0,0.0,0.0
400_G_15,1,18,71.45460000000003,0.0,0.0
400_G_15,1,19,0.0,0.0,0.0
400_G_15,1,20,0.0,0.0,0.0
400_G_15,1,21,0.0,0.0,0.0
400_G_15,1,22,0.0,0.0,0.0
400_G_15,1,23,0.0,0.0,0.0
400_G_15,1,24,0.0,0.0,0.0
400_G_15,1,25,0.0,0.0,0.0
400_G_16,1,1,0.0,0.0,0.0
400_G_16,1,2,0.0,0.0,0.0
400_G_16,1,3,0.0,0.0,0.0
400_G_16,1,4,0.0,0.0,0.0
400_G_16,1,5,0.0,0.0,0.0
400_G_16,1,6,0.0,0.0,0.0
400_G_16,1,7,0.0,0.0,0.0
400_G_16,1,8,0.0,0.0,0.0
400_G_16,1,9,0.0,0.0,0.0
400_G_16,1,10,0.0,0.0,0.0
400_G_16,1,11,0.0,0.0,0.0
400_G_16,1,12,0.0,0.0,0.0
400_G_16,1,13,0.0,0.0,0.0
400_G_16,1,14,0.0,0.0,0.0
400_G_16,1,15,0.0,0.0,0.0
400_G_16,1,16,0.0,0.0,0.0
400_G_16,1,17,0.0,0.0,0.0
400_G_16,1,18,71.4546,0.0,0.0
400_G_16,1,19,0.0,0.0,0.0
400_G_16,1,20,0.0,0.0,0.0
400_G_16,1,21,0.0,0.0,0.0
400_G_16,1,22,0.0,0.0,0.0
400_G_16,1,23,0.0,0.0,0.0
400_G_16,1,24,0.0,0.0,0.0
400_G_16,1,25,0.0,0.0,0.0
400_G_8,1,1,94.0,0.0,0.0
400_G_8,1,2,94.0,0.0,0.0
400_G_8,1,3,94.0,0.0,0.0
400_G_8,1,4,94.0,0.0,0.0
400_G_8,1,5,160.2699999999998,0.0,0.0
400_G_8,1,6,235.0,0.0,0.0
400_G_8,1,7,235.0,0.0,0.0
400_G_8,1,8,160.26999999999998,0.0,0.0
400_G_8,1,9,94.0,0.0,0.0
400_G_8,1,10,94.0,0.0,0.0
400_G_8,1,11,94.0,0.0,0.0
400_G_8,1,12,94.0,0.0,0.0
400_G_8,1,13,94.0,0.0,0.0
400_G_8,1,14,94.0,0.0,0.0
400_G_8,1,15,160.26999999999992,0.0,0.0
400_G_8,1,16,235.0,0.0,0.0
400_G_8,1,17,235.0,0.0,0.0
400_G_8,1,18,235.0,0.0,0.0
400_G_8,1,19,235.0,0.0,0.0
400_G_8,1,20,235.0,0.0,0.0
400_G_8,1,21,235.0,0.0,0.0
400_G_8,1,22,235.0,0.0,0.0
400_G_8,1,23,235.0,0.0,0.0
400_G_8,1,24,235.0,0.0,0.0
400_G_8,1,25,94.0,0.0,0.0
400_G_9,1,1,63.0,0.0,0.0
400_G_9,1,2,63.0,0.0,0.0
400_G_9,1,3,63.0,0.0,0.0
400_G_9,1,4,63.0,0.0,0.0
400_G_9,1,5,107.41499999999999,0.0,0.0
400_G_9,1,6,157.5,0.0,0.0
400_G_9,1,7,113.08500000000001,44.41499999999999,0.0
400_G_9,1,8,63.0,0.0,0.0
400_G_9,1,9,63.0,0.0,0.0
400_G_9,1,10,63.0,0.0,0.0
400_G_9,1,11,63.0,0.0,0.0
400_G_9,1,12,63.0,0.0,0.0
400_G_9,1,13,63.0,0.0,0.0
400_G_9,1,14,63.0,0.0,0.0
400_G_9,1,15,107.41499999999999,0.0,0.0
400_G_9,1,16,157.5,0.0,0.0
400_G_9,1,17,157.5,0.0,0.0
400_G_9,1,18,157.5,0.0,0.0
400_G_9,1,19,157.5,0.0,0.0
400_G_9,1,20,157.5,0.0,0.0
400_G_9,1,21,157.5,0.0,0.0
400_G_9,1,22,157.5,0.0,0.0
400_G_9,1,23,157.5,0.0,0.0
400_G_9,1,24,157.5,0.0,0.0
400_G_9,1,25,63.0,0.0,0.0
404_B_1,1,1,0.0,0.0,0.0
404_B_1,1,2,0.0,0.0,0.0
404_B_1,1,3,0.0,0.0,0.0
404_B_1,1,4,0.0,0.0,0.0
404_B_1,1,5,0.0,0.0,0.0
404_B_1,1,6,0.0,0.0,0.0
404_B_1,1,7,0.0,0.0,0.0
404_B_1,1,8,0.0,0.0,0.0
404_B_1,1,9,0.0,0.0,0.0
404_B_1,1,10,0.0,0.0,0.0
404_B_1,1,11,0.0,0.0,0.0
404_B_1,1,12,0.0,0.0,0.0
404_B_1,1,13,0.0,0.0,0.0
404_B_1,1,14,0.0,0.0,0.0
404_B_1,1,15,0.0,0.0,0.0
404_B_1,1,16,0.0,0.0,0.0
404_B_1,1,17,0.0,0.0,0.0
404_B_1,1,18,0.0,0.0,0.0
404_B_1,1,19,0.0,0.0,0.0
404_B_1,1,20,0.0,0.0,0.0
404_B_1,1,21,0.0,0.0,0.0
404_B_1,1,22,0.0,0.0,0.0
404_B_1,1,23,0.0,0.0,0.0
404_B_1,1,24,0.0,0.0,0.0
404_B_1,1,25,0.0,0.0,0.0
404_B_2,1,1,0.0,0.0,0.0
404_B_2,1,2,0.0,0.0,0.0
404_B_2,1,3,0.0,0.0,0.0
404_B_2,1,4,0.0,0.0,0.0
404_B_2,1,5,0.0,0.0,0.0
404_B_2,1,6,0.0,0.0,0.0
404_B_2,1,7,0.0,0.0,0.0
404_B_2,1,8,0.0,0.0,0.0
404_B_2,1,9,0.0,0.0,0.0
404_B_2,1,10,0.0,0.0,0.0
404_B_2,1,11,0.0,0.0,0.0
404_B_2,1,12,0.0,0.0,0.0
404_B_2,1,13,0.0,0.0,0.0
404_B_2,1,14,0.0,0.0,0.0
404_B_2,1,15,0.0,0.0,0.0
404_B_2,1,16,0.0,0.0,0.0
404_B_2,1,17,0.0,0.0,0.0
404_B_2,1,18,0.0,0.0,0.0
404_B_2,1,19,0.0,0.0,0.0
404_B_2,1,20,0.0,0.0,0.0
404_B_2,1,21,0.0,0.0,0.0
404_B_2,1,22,0.0,0.0,0.0
404_B_2,1,23,0.0,0.0,0.0
404_B_2,1,24,0.0,0.0,0.0
404_B_2,1,25,0.0,0.0,0.0
404_G_4,1,1,204.0,0.0,0.0
404_G_4,1,2,204.0,0.0,0.0
404_G_4,1,3,204.0,0.0,0.0
404_G_4,1,4,204.0,0.0,0.0
404_G_4,1,5,204.0,0.0,0.0
404_G_4,1,6,204.0,0.0,0.0
404_G_4,1,7,204.0,0.0,0.0
404_G_4,1,8,139.128,0.0,0.0
404_G_4,1,9,81.60000000000002,0.0,0.0
404_G_4,1,10,81.60000000000002,0.0,0.0
404_G_4,1,11,81.60000000000002,0.0,0.0
404_G_4,1,12,81.60000000000002,0.0,0.0
404_G_4,1,13,81.60000000000002,0.0,0.0
404_G_4,1,14,146.47200000000007,17.371874141609553,0.0
404_G_4,1,15,204.0,0.0,0.0
404_G_4,1,16,204.0,0.0,0.0
404_G_4,1,17,204.0,0.0,0.0
404_G_4,1,18,204.0,0.0,0.0
404_G_4,1,19,204.0,0.0,0.0
404_G_4,1,20,204.0,0.0,0.0
404_G_4,1,21,204.0,0.0,0.0
404_G_4,1,22,204.0,0.0,0.0
404_G_4,1,23,204.0,0.0,0.0
404_G_4,1,24,204.0,0.0,0.0
404_G_4,1,25,204.0,0.0,0.0
404_G_5,1,1,102.0,0.0,0.0
404_G_5,1,2,102.0,0.0,0.0
404_G_5,1,3,102.0,0.0,0.0
404_G_5,1,4,102.0,0.0,0.0
404_G_5,1,5,102.0,0.0,0.0
404_G_5,1,6,102.0,0.0,0.0
404_G_5,1,7,102.0,0.0,0.0
404_G_5,1,8,69.56400000000001,0.0,0.0
404_G_5,1,9,40.8,0.0,0.0
404_G_5,1,10,40.8,0.0,0.0
404_G_5,1,11,40.8,0.0,0.0
404_G_5,1,12,40.8,0.0,0.0
404_G_5,1,13,40.8,0.0,0.0
404_G_5,1,14,73.23599999999999,28.76400000000001,0.0
404_G_5,1,15,102.0,0.0,0.0
404_G_5,1,16,102.0,0.0,0.0
404_G_5,1,17,102.0,0.0,0.0
404_G_5,1,18,102.0,0.0,0.0
404_G_5,1,19,102.0,0.0,0.0
404_G_5,1,20,102.0,0.0,0.0
404_G_5,1,21,102.0,0.0,0.0
404_G_5,1,22,102.0,0.0,0.0
404_G_5,1,23,102.0,0.0,0.0
404_G_5,1,24,102.0,0.0,0.0
404_G_5,1,25,102.0,0.0,0.0
404_G_6,1,1,0.0,0.0,0.0
404_G_6,1,2,0.0,0.0,0.0
404_G_6,1,3,0.0,0.0,0.0
404_G_6,1,4,0.0,0.0,0.0
404_G_6,1,5,0.0,0.0,0.0
404_G_6,1,6,0.0,0.0,0.0
404_G_6,1,7,0.0,0.0,0.0
404_G_6,1,8,0.0,0.0,0.0
404_G_6,1,9,0.0,0.0,0.0
404_G_6,1,10,0.0,0.0,0.0
404_G_6,1,11,0.0,0.0,0.0
404_G_6,1,12,0.0,0.0,0.0
404_G_6,1,13,0.0,0.0,0.0
404_G_6,1,14,0.0,0.0,0.0
404_G_6,1,15,0.0,0.0,0.0
404_G_6,1,16,0.0,0.0,0.0
404_G_6,1,17,0.0,0.0,0.0
404_G_6,1,18,75.684,0.0,0.0
404_G_6,1,19,0.0,0.0,0.0
404_G_6,1,20,0.0,0.0,0.0
404_G_6,1,21,0.0,0.0,0.0
404_G_6,1,22,0.0,0.0,0.0
404_G_6,1,23,0.0,0.0,0.0
404_G_6,1,24,0.0,0.0,0.0
404_G_6,1,25,0.0,0.0,0.0
404_G_7,1,1,0.0,0.0,0.0
404_G_7,1,2,0.0,0.0,0.0
404_G_7,1,3,0.0,0.0,0.0
404_G_7,1,4,0.0,0.0,0.0
404_G_7,1,5,0.0,0.0,0.0
404_G_7,1,6,0.0,0.0,0.0
404_G_7,1,7,0.0,0.0,0.0
404_G_7,1,8,0.0,0.0,0.0
404_G_7,1,9,0.0,0.0,0.0
404_G_7,1,10,0.0,0.0,0.0
404_G_7,1,11,0.0,0.0,0.0
404_G_7,1,12,0.0,0.0,0.0
404_G_7,1,13,0.0,0.0,0.0
404_G_7,1,14,0.0,0.0,0.0
404_G_7,1,15,0.0,0.0,0.0
404_G_7,1,16,0.0,0.0,0.0
404_G_7,1,17,55.424603281166696,0.0,0.0
404_G_7,1,18,90.3086032811667,0.0,0.0
404_G_7,1,19,75.684,0.0,0.0
404_G_7,1,20,0.0,0.0,0.0
404_G_7,1,21,0.0,0.0,0.0
404_G_7,1,22,0.0,0.0,0.0
404_G_7,1,23,0.0,0.0,0.0
404_G_7,1,24,0.0,0.0,0.0
404_G_7,1,25,0.0,0.0,0.0
408_G_6,1,1,62.40000000000001,0.0,0.0
408_G_6,1,2,62.40000000000001,0.0,0.0
408_G_6,1,3,62.400000000000006,0.0,0.0
408_G_6,1,4,62.40000000000001,0.0,0.0
408_G_6,1,5,106.392,0.0,0.0
408_G_6,1,6,156.0,0.0,0.0
408_G_6,1,7,112.00800000000001,0.0,0.0
408_G_6,1,8,62.400000000000006,0.0,0.0
408_G_6,1,9,62.40000000000001,0.0,0.0
408_G_6,1,10,62.400000000000006,0.0,0.0
408_G_6,1,11,62.400000000000006,0.0,0.0
408_G_6,1,12,62.400000000000006,0.0,0.0
408_G_6,1,13,62.400000000000006,0.0,0.0
408_G_6,1,14,62.40000000000001,0.0,0.0
408_G_6,1,15,67.24379161164654,0.0,0.0
408_G_6,1,16,116.85179161164655,39.14820838835345,0.0
408_G_6,1,17,156.0,0.0,0.0
408_G_6,1,18,156.0,0.0,0.0
408_G_6,1,19,156.0,0.0,0.0
408_G_6,1,20,156.0,0.0,0.0
408_G_6,1,21,156.0,0.0,0.0
408_G_6,1,22,156.0,0.0,0.0
408_G_6,1,23,156.0,0.0,0.0
408_G_6,1,24,156.0,0.0,0.0
408_G_6,1,25,62.400000000000006,0.0,0.0
408_G_7,1,1,62.400000000000006,0.0,0.0
408_G_7,1,2,62.400000000000006,0.0,0.0
408_G_7,1,3,62.400000000000006,0.0,0.0
408_G_7,1,4,62.400000000000006,0.0,0.0
408_G_7,1,5,106.39199999999992,0.0,0.0
408_G_7,1,6,156.0,0.0,0.0
408_G_7,1,7,112.00800000000001,0.0,0.0
408_G_7,1,8,62.40000000000001,0.0,0.0
408_G_7,1,9,62.40000000000001,0.0,0.0
408_G_7,1,10,62.400000000000006,0.0,0.0
408_G_7,1,11,62.400000000000006,0.0,0.0
408_G_7,1,12,62.40000000000001,0.0,0.0
408_G_7,1,13,62.40000000000001,0.0,0.0
408_G_7,1,14,62.400000000000006,0.0,0.0
408_G_7,1,15,62.400000000000006,0.0,0.0
408_G_7,1,16,112.00800000000007,43.99199999999999,0.0
408_G_7,1,17,156.0,0.0,0.0
408_G_7,1,18,156.0,0.0,0.0
408_G_7,1,19,156.0,0.0,0.0
408_G_7,1,20,156.0,0.0,0.0
408_G_7,1,21,156.0,0.0,0.0
408_G_7,1,22,156.0,0.0,0.0
408_G_7,1,23,156.0,0.0,0.0
408_G_7,1,24,156.0,0.0,0.0
408_G_7,1,25,62.400000000000006,0.0,0.0
408_G_8,1,1,80.4,0.0,0.0
408_G_8,1,2,80.4,0.0,0.0
408_G_8,1,3,80.4,0.0,0.0
408_G_8,1,4,80.4,0.0,0.0
408_G_8,1,5,137.082,0.0,0.0
408_G_8,1,6,201.0,0.0,0.0
408_G_8,1,7,144.318,0.0,0.0
408_G_8,1,8,80.4,0.0,0.0
408_G_8,1,9,80.4,0.0,0.0
408_G_8,1,10,80.4,0.0,0.0
408_G_8,1,11,80.4,0.0,0.0
408_G_8,1,12,80.4,0.0,0.0
408_G_8,1,13,80.4,0.0,0.0
408_G_8,1,14,80.4,0.0,0.0
408_G_8,1,15,137.082,0.0,0.0
408_G_8,1,16,201.0,0.0,0.0
408_G_8,1,17,201.0,0.0,0.0
408_G_8,1,18,201.0,0.0,0.0
408_G_8,1,19,201.0,0.0,0.0
408_G_8,1,20,201.0,0.0,0.0
408_G_8,1,21,201.0,0.0,0.0
408_G_8,1,22,201.0,0.0,0.0
408_G_8,1,23,201.0,0.0,0.0
408_G_8,1,24,201.0,0.0,0.0
408_G_8,1,25,80.4,0.0,0.0
422_G_GT5,1,1,68.0,0.0,0.0
422_G_GT5,1,2,68.0,0.0,0.0
422_G_GT5,1,3,68.0,0.0,0.0
422_G_GT5,1,4,68.0,0.0,0.0
422_G_GT5,1,5,68.0,0.0,0.0
422_G_GT5,1,6,68.0,0.0,0.0
422_G_GT5,1,7,68.0,0.0,0.0
422_G_GT5,1,8,27.20000000000001,0.0,0.0
422_G_GT5,1,9,27.20000000000001,0.0,0.0
422_G_GT5,1,10,27.20000000000001,0.0,0.0
422_G_GT5,1,11,27.20000000000001,0.0,0.0
422_G_GT5,1,12,27.20000000000001,0.0,0.0
422_G_GT5,1,13,27.20000000000001,0.0,0.0
422_G_GT5,1,14,68.0,0.0,0.0
422_G_GT5,1,15,68.0,0.0,0.0
422_G_GT5,1,16,67.99999999999693,0.0,0.0
422_G_GT5,1,17,68.0,0.0,0.0
422_G_GT5,1,18,68.0,0.0,0.0
422_G_GT5,1,19,68.0,0.0,0.0
422_G_GT5,1,20,68.0,0.0,0.0
422_G_GT5,1,21,68.0,0.0,0.0
422_G_GT5,1,22,68.0,0.0,0.0
422_G_GT5,1,23,68.0,0.0,0.0
422_G_GT5,1,24,68.0,0.0,0.0
422_G_GT5,1,25,68.0,0.0,0.0
422_G_ST1,1,1,16.0,0.0,0.0
422_G_ST1,1,2,16.0,0.0,0.0
422_G_ST1,1,3,16.0,0.0,0.0
422_G_ST1,1,4,16.0,0.0,0.0
422_G_ST1,1,5,16.0,0.0,0.0
422_G_ST1,1,6,16.0,0.0,0.0
422_G_ST1,1,7,16.0,0.0,0.0
422_G_ST1,1,8,6.4,0.0,0.0
422_G_ST1,1,9,6.4,0.0,0.0
422_G_ST1,1,10,6.4,0.0,0.0
422_G_ST1,1,11,6.4,0.0,0.0
422_G_ST1,1,12,6.4,0.0,0.0
422_G_ST1,1,13,6.4,0.0,0.0
422_G_ST1,1,14,16.0,0.0,0.0
422_G_ST1,1,15,16.0,0.0,0.0
422_G_ST1,1,16,16.0,0.0,0.0
422_G_ST1,1,17,16.0,0.0,0.0
422_G_ST1,1,18,16.0,0.0,0.0
422_G_ST1,1,19,16.0,0.0,0.0
422_G_ST1,1,20,16.0,0.0,0.0
422_G_ST1,1,21,16.0,0.0,0.0
422_G_ST1,1,22,16.0,0.0,0.0
422_G_ST1,1,23,16.0,0.0,0.0
422_G_ST1,1,24,16.0,0.0,0.0
422_G_ST1,1,25,16.0,0.0,0.0
50049_B_BLRC,1,1,183.6,0.0,0.0
50049_B_BLRC,1,2,183.6,0.0,0.0
50049_B_BLRC,1,3,183.6,0.0,0.0
50049_B_BLRC,1,4,183.6,0.0,0.0
50049_B_BLRC,1,5,183.6,0.0,0.0
50049_B_BLRC,1,6,183.6,0.0,0.0
50049_B_BLRC,1,7,183.6,0.0,0.0
50049_B_BLRC,1,8,183.6,0.0,0.0
50049_B_BLRC,1,9,73.44,0.0,0.0
50049_B_BLRC,1,10,73.44,0.0,0.0
50049_B_BLRC,1,11,73.44,0.0,0.0
50049_B_BLRC,1,12,73.44,0.0,0.0
50049_B_BLRC,1,13,183.6,0.0,0.0
50049_B_BLRC,1,14,183.6,0.0,0.0
50049_B_BLRC,1,15,183.6,0.0,0.0
50049_B_BLRC,1,16,183.6,0.0,0.0
50049_B_BLRC,1,17,183.6,0.0,0.0
50049_B_BLRC,1,18,183.6,0.0,0.0
50049_B_BLRC,1,19,183.6,0.0,0.0
50049_B_BLRC,1,20,183.6,0.0,0.0
50049_B_BLRC,1,21,183.6,0.0,0.0
50049_B_BLRC,1,22,183.6,0.0,0.0
50049_B_BLRC,1,23,183.6,0.0,0.0
50049_B_BLRC,1,24,183.6,0.0,0.0
50049_B_BLRC,1,25,183.6,0.0,0.0
50066_G_UNT1,1,1,50.0,0.0,0.0
50066_G_UNT1,1,2,50.0,0.0,0.0
50066_G_UNT1,1,3,50.0,0.0,0.0
50066_G_UNT1,1,4,50.0,0.0,0.0
50066_G_UNT1,1,5,50.0,0.0,0.0
50066_G_UNT1,1,6,50.0,0.0,0.0
50066_G_UNT1,1,7,50.0,0.0,0.0
50066_G_UNT1,1,8,50.0,0.0,0.0
50066_G_UNT1,1,9,50.0,0.0,0.0
50066_G_UNT1,1,10,32.9,0.0,0.0
50066_G_UNT1,1,11,20.0,0.0,0.0
50066_G_UNT1,1,12,32.9,0.0,0.0
50066_G_UNT1,1,13,50.0,0.0,0.0
50066_G_UNT1,1,14,50.0,0.0,0.0
50066_G_UNT1,1,15,50.0,0.0,0.0
50066_G_UNT1,1,16,50.0,0.0,0.0
50066_G_UNT1,1,17,50.0,0.0,0.0
50066_G_UNT1,1,18,50.0,0.0,0.0
50066_G_UNT1,1,19,50.0,0.0,0.0
50066_G_UNT1,1,20,50.0,0.0,0.0
50066_G_UNT1,1,21,50.0,0.0,0.0
50066_G_UNT1,1,22,50.0,0.0,0.0
50066_G_UNT1,1,23,50.0,0.0,0.0
50066_G_UNT1,1,24,50.0,0.0,0.0
50066_G_UNT1,1,25,50.0,0.0,0.0
50066_G_UNT2,1,1,50.0,0.0,0.0
50066_G_UNT2,1,2,50.0,0.0,0.0
50066_G_UNT2,1,3,50.0,0.0,0.0
50066_G_UNT2,1,4,50.0,0.0,0.0
50066_G_UNT2,1,5,50.0,0.0,0.0
50066_G_UNT2,1,6,50.0,0.0,0.0
50066_G_UNT2,1,7,50.0,0.0,0.0
50066_G_UNT2,1,8,50.0,0.0,0.0
50066_G_UNT2,1,9,37.1,12.900000000000016,0.0
50066_G_UNT2,1,10,20.0,0.0,0.0
50066_G_UNT2,1,11,20.0,0.0,0.0
50066_G_UNT2,1,12,32.9,0.0,0.0
50066_G_UNT2,1,13,50.0,0.0,0.0
50066_G_UNT2,1,14,50.0,0.0,0.0
50066_G_UNT2,1,15,50.0,0.0,0.0
50066_G_UNT2,1,16,50.0,0.0,0.0
50066_G_UNT2,1,17,50.0,0.0,0.0
50066_G_UNT2,1,18,50.0,0.0,0.0
50066_G_UNT2,1,19,50.0,0.0,0.0
50066_G_UNT2,1,20,50.0,0.0,0.0
50066_G_UNT2,1,21,50.0,0.0,0.0
50066_G_UNT2,1,22,50.0,0.0,0.0
50066_G_UNT2,1,23,50.0,0.0,0.0
50066_G_UNT2,1,24,50.0,0.0,0.0
50066_G_UNT2,1,25,50.0,0.0,0.0
50119_G_GENA,1,1,45.6,0.0,0.0
50119_G_GENA,1,2,45.6,0.0,0.0
50119_G_GENA,1,3,45.6,0.0,0.0
50119_G_GENA,1,4,45.6,0.0,0.0
50119_G_GENA,1,5,45.6,0.0,0.0
50119_G_GENA,1,6,45.6,0.0,0.0
50119_G_GENA,1,7,45.6,0.0,0.0
50119_G_GENA,1,8,45.6,0.0,0.0
50119_G_GENA,1,9,25.080000000000002,0.0,0.0
50119_G_GENA,1,10,18.24,0.0,0.0
50119_G_GENA,1,11,18.24,0.0,0.0
50119_G_GENA,1,12,25.080000000000002,0.0,0.0
50119_G_GENA,1,13,45.6,0.0,0.0
50119_G_GENA,1,14,45.6,0.0,0.0
50119_G_GENA,1,15,45.6,0.0,0.0
50119_G_GENA,1,16,45.6,0.0,0.0
50119_G_GENA,1,17,45.6,0.0,0.0
50119_G_GENA,1,18,45.6,0.0,0.0
50119_G_GENA,1,19,45.6,0.0,0.0
50119_G_GENA,1,20,45.6,0.0,0.0
50119_G_GENA,1,21,45.6,0.0,0.0
50119_G_GENA,1,22,45.6,0.0,0.0
50119_G_GENA,1,23,45.6,0.0,0.0
50119_G_GENA,1,24,45.6,0.0,0.0
50119_G_GENA,1,25,45.6,0.0,0.0
50134_G_GTAG,1,1,0.0,0.0,0.0
50134_G_GTAG,1,2,0.0,0.0,0.0
50134_G_GTAG,1,3,0.0,0.0,0.0
50134_G_GTAG,1,4,0.0,0.0,0.0
50134_G_GTAG,1,5,0.0,0.0,0.0
50134_G_GTAG,1,6,0.0,0.0,0.0
50134_G_GTAG,1,7,0.0,0.0,0.0
50134_G_GTAG,1,8,0.0,0.0,0.0
50134_G_GTAG,1,9,0.0,0.0,0.0
50134_G_GTAG,1,10,0.0,0.0,0.0
50134_G_GTAG,1,11,0.0,0.0,0.0
50134_G_GTAG,1,12,0.0,0.0,0.0
50134_G_GTAG,1,13,0.0,0.0,0.0
50134_G_GTAG,1,14,0.0,0.0,0.0
50134_G_GTAG,1,15,0.0,0.0,0.0
50134_G_GTAG,1,16,0.0,0.0,0.0
50134_G_GTAG,1,17,49.35,0.0,0.0
50134_G_GTAG,1,18,75.0,0.0,0.0
50134_G_GTAG,1,19,75.0,0.0,0.0
50134_G_GTAG,1,20,55.65,0.0,0.0
50134_G_GTAG,1,21,0.0,0.0,0.0
50134_G_GTAG,1,22,0.0,0.0,0.0
50134_G_GTAG,1,23,0.0,0.0,0.0
50134_G_GTAG,1,24,0.0,0.0,0.0
50134_G_GTAG,1,25,0.0,0.0,0.0
50134_G_GTBG,1,1,0.0,0.0,0.0
50134_G_GTBG,1,2,0.0,0.0,0.0
50134_G_GTBG,1,3,0.0,0.0,0.0
50134_G_GTBG,1,4,0.0,0.0,0.0
50134_G_GTBG,1,5,0.0,0.0,0.0
50134_G_GTBG,1,6,0.0,0.0,0.0
50134_G_GTBG,1,7,0.0,0.0,0.0
50134_G_GTBG,1,8,0.0,0.0,0.0
50134_G_GTBG,1,9,0.0,0.0,0.0
50134_G_GTBG,1,10,0.0,0.0,0.0
50134_G_GTBG,1,11,0.0,0.0,0.0
50134_G_GTBG,1,12,0.0,0.0,0.0
50134_G_GTBG,1,13,0.0,0.0,0.0
50134_G_GTBG,1,14,0.0,0.0,0.0
50134_G_GTBG,1,15,0.0,0.0,0.0
50134_G_GTBG,1,16,0.0,0.0,0.0
50134_G_GTBG,1,17,49.35,0.0,0.0
50134_G_GTBG,1,18,75.0,0.0,0.0
50134_G_GTBG,1,19,75.0,0.0,0.0
50134_G_GTBG,1,20,55.65,0.0,0.0
50134_G_GTBG,1,21,0.0,0.0,0.0
50134_G_GTBG,1,22,0.0,0.0,0.0
50134_G_GTBG,1,23,0.0,0.0,0.0
50134_G_GTBG,1,24,0.0,0.0,0.0
50134_G_GTBG,1,25,0.0,0.0,0.0
50134_G_GTCG,1,1,0.0,0.0,0.0
50134_G_GTCG,1,2,0.0,0.0,0.0
50134_G_GTCG,1,3,0.0,0.0,0.0
50134_G_GTCG,1,4,0.0,0.0,0.0
50134_G_GTCG,1,5,0.0,0.0,0.0
50134_G_GTCG,1,6,0.0,0.0,0.0
50134_G_GTCG,1,7,0.0,0.0,0.0
50134_G_GTCG,1,8,0.0,0.0,0.0
50134_G_GTCG,1,9,0.0,0.0,0.0
50134_G_GTCG,1,10,0.0,0.0,0.0
50134_G_GTCG,1,11,0.0,0.0,0.0
50134_G_GTCG,1,12,0.0,0.0,0.0
50134_G_GTCG,1,13,0.0,0.0,0.0
50134_G_GTCG,1,14,0.0,0.0,0.0
50134_G_GTCG,1,15,0.0,0.0,0.0
50134_G_GTCG,1,16,0.0,0.0,0.0
50134_G_GTCG,1,17,49.35,0.0,0.0
50134_G_GTCG,1,18,75.0,0.0,0.0
50134_G_GTCG,1,19,75.0,0.0,0.0
50134_G_GTCG,1,20,55.65,0.0,0.0
50134_G_GTCG,1,21,0.0,0.0,0.0
50134_G_GTCG,1,22,0.0,0.0,0.0
50134_G_GTCG,1,23,0.0,0.0,0.0
50134_G_GTCG,1,24,0.0,0.0,0.0
50134_G_GTCG,1,25,0.0,0.0,0.0
50134_G_GTDG,1,1,0.0,0.0,0.0
50134_G_GTDG,1,2,0.0,0.0,0.0
50134_G_GTDG,1,3,0.0,0.0,0.0
50134_G_GTDG,1,4,0.0,0.0,0.0
50134_G_GTDG,1,5,0.0,0.0,0.0
50134_G_GTDG,1,6,0.0,0.0,0.0
50134_G_GTDG,1,7,0.0,0.0,0.0
50134_G_GTDG,1,8,0.0,0.0,0.0
50134_G_GTDG,1,9,0.0,0.0,0.0
50134_G_GTDG,1,10,0.0,0.0,0.0
50134_G_GTDG,1,11,0.0,0.0,0.0
50134_G_GTDG,1,12,0.0,0.0,0.0
50134_G_GTDG,1,13,0.0,0.0,0.0
50134_G_GTDG,1,14,0.0,0.0,0.0
50134_G_GTDG,1,15,0.0,0.0,0.0
50134_G_GTDG,1,16,0.0,0.0,0.0
50134_G_GTDG,1,17,49.35,0.0,0.0
50134_G_GTDG,1,18,75.0,0.0,0.0
50134_G_GTDG,1,19,75.0,0.0,0.0
50134_G_GTDG,1,20,55.64999999996403,0.0,0.0
50134_G_GTDG,1,21,0.0,0.0,0.0
50134_G_GTDG,1,22,0.0,0.0,0.0
50134_G_GTDG,1,23,0.0,0.0,0.0
50134_G_GTDG,1,24,0.0,0.0,0.0
50134_G_GTDG,1,25,0.0,0.0,0.0
50210_G_GEN1,1,1,23.5,0.0,0.0
50210_G_GEN1,1,2,23.5,0.0,0.0
50210_G_GEN1,1,3,23.5,0.0,0.0
50210_G_GEN1,1,4,23.5,0.0,0.0
50210_G_GEN1,1,5,23.5,0.0,0.0
50210_G_GEN1,1,6,23.5,0.0,0.0
50210_G_GEN1,1,7,23.5,0.0,0.0
50210_G_GEN1,1,8,23.5,0.0,0.0
50210_G_GEN1,1,9,23.5,0.0,0.0
50210_G_GEN1,1,10,15.463,0.0,0.0
50210_G_GEN1,1,11,9.4,0.0,0.0
50210_G_GEN1,1,12,15.463,0.0,0.0
50210_G_GEN1,1,13,23.5,0.0,0.0
50210_G_GEN1,1,14,23.5,0.0,0.0
50210_G_GEN1,1,15,23.5,0.0,0.0
50210_G_GEN1,1,16,23.5,0.0,0.0
50210_G_GEN1,1,17,23.5,0.0,0.0
50210_G_GEN1,1,18,23.5,0.0,0.0
50210_G_GEN1,1,19,23.5,0.0,0.0
50210_G_GEN1,1,20,23.5,0.0,0.0
50210_G_GEN1,1,21,23.5,0.0,0.0
50210_G_GEN1,1,22,23.5,0.0,0.0
50210_G_GEN1,1,23,23.5,0.0,0.0
50210_G_GEN1,1,24,23.5,0.0,0.0
50210_G_GEN1,1,25,23.5,0.0,0.0
50210_G_GEN2,1,1,6.0,0.0,0.0
50210_G_GEN2,1,2,6.0,0.0,0.0
50210_G_GEN2,1,3,6.0,0.0,0.0
50210_G_GEN2,1,4,6.0,0.0,0.0
50210_G_GEN2,1,5,6.0,0.0,0.0
50210_G_GEN2,1,6,6.0,0.0,0.0
50210_G_GEN2,1,7,6.0,0.0,0.0
50210_G_GEN2,1,8,6.0,0.0,0.0
50210_G_GEN2,1,9,6.0,0.0,0.0
50210_G_GEN2,1,10,3.9479999999999946,0.0,0.0
50210_G_GEN2,1,11,2.4000000000000004,0.0,0.0
50210_G_GEN2,1,12,3.948,2.0520000000000076,0.0
50210_G_GEN2,1,13,6.0,0.0,0.0
50210_G_GEN2,1,14,6.0,0.0,0.0
50210_G_GEN2,1,15,6.0,0.0,0.0
50210_G_GEN2,1,16,6.0,0.0,0.0
50210_G_GEN2,1,17,6.0,0.0,0.0
50210_G_GEN2,1,18,6.0,0.0,0.0
50210_G_GEN2,1,19,6.0,0.0,0.0
50210_G_GEN2,1,20,6.0,0.0,0.0
50210_G_GEN2,1,21,6.0,0.0,0.0
50210_G_GEN2,1,22,6.0,0.0,0.0
50210_G_GEN2,1,23,6.0,0.0,0.0
50210_G_GEN2,1,24,6.0,0.0,0.0
50210_G_GEN2,1,25,6.0,0.0,0.0
50216_G_GN91,1,1,32.800000000000004,0.0,0.0
50216_G_GN91,1,2,32.800000000000004,0.0,0.0
50216_G_GN91,1,3,32.800000000000004,0.0,0.0
50216_G_GN91,1,4,32.800000000000004,0.0,0.0
50216_G_GN91,1,5,32.800000000000004,0.0,0.0
50216_G_GN91,1,6,32.800000000000004,0.0,0.0
50216_G_GN91,1,7,32.800000000000004,0.0,0.0
50216_G_GN91,1,8,32.800000000000004,0.0,0.0
50216_G_GN91,1,9,32.800000000000004,0.0,0.0
50216_G_GN91,1,10,32.800000000000004,0.0,0.0
50216_G_GN91,1,11,32.800000000000004,0.0,0.0
50216_G_GN91,1,12,32.800000000000004,0.0,0.0
50216_G_GN91,1,13,32.800000000000004,0.0,0.0
50216_G_GN91,1,14,32.800000000000004,0.0,0.0
50216_G_GN91,1,15,32.800000000000004,0.0,0.0
50216_G_GN91,1,16,32.800000000000004,0.0,0.0
50216_G_GN91,1,17,82.0,0.0,0.0
50216_G_GN91,1,18,82.0,0.0,0.0
50216_G_GN91,1,19,82.0,0.0,0.0
50216_G_GN91,1,20,82.0,0.0,0.0
50216_G_GN91,1,21,82.0,0.0,0.0
50216_G_GN91,1,22,82.0,0.0,0.0
50216_G_GN91,1,23,32.800000000000004,0.0,0.0
50216_G_GN91,1,24,32.800000000000004,0.0,0.0
50216_G_GN91,1,25,32.800000000000004,0.0,0.0
50216_G_GN92,1,1,32.800000000000004,0.0,0.0
50216_G_GN92,1,2,32.800000000000004,0.0,0.0
50216_G_GN92,1,3,32.800000000000004,0.0,0.0
50216_G_GN92,1,4,32.800000000000004,0.0,0.0
50216_G_GN92,1,5,32.800000000000004,0.0,0.0
50216_G_GN92,1,6,32.800000000000004,0.0,0.0
50216_G_GN92,1,7,32.800000000000004,0.0,0.0
50216_G_GN92,1,8,32.800000000000004,0.0,0.0
50216_G_GN92,1,9,32.800000000000004,0.0,0.0
50216_G_GN92,1,10,32.800000000000004,0.0,0.0
50216_G_GN92,1,11,32.800000000000004,0.0,0.0
50216_G_GN92,1,12,32.800000000000004,0.0,0.0
50216_G_GN92,1,13,32.800000000000004,0.0,0.0
50216_G_GN92,1,14,32.800000000000004,0.0,0.0
50216_G_GN92,1,15,32.800000000000004,0.0,0.0
50216_G_GN92,1,16,32.800000000000004,0.0,0.0
50216_G_GN92,1,17,82.0,0.0,0.0
50216_G_GN92,1,18,82.0,0.0,0.0
50216_G_GN92,1,19,82.0,0.0,0.0
50216_G_GN92,1,20,82.0,0.0,0.0
50216_G_GN92,1,21,82.0,0.0,0.0
50216_G_GN92,1,22,82.0,0.0,0.0
50216_G_GN92,1,23,32.800000000000004,0.0,0.0
50216_G_GN92,1,24,32.800000000000004,0.0,0.0
50216_G_GN92,1,25,32.800000000000004,0.0,0.0
50216_G_GN93,1,1,32.800000000000004,0.0,0.0
50216_G_GN93,1,2,32.800000000000004,0.0,0.0
50216_G_GN93,1,3,32.800000000000004,0.0,0.0
50216_G_GN93,1,4,32.800000000000004,0.0,0.0
50216_G_GN93,1,5,32.800000000000004,0.0,0.0
50216_G_GN93,1,6,32.800000000000004,0.0,0.0
50216_G_GN93,1,7,32.800000000000004,0.0,0.0
50216_G_GN93,1,8,32.800000000000004,0.0,0.0
50216_G_GN93,1,9,32.800000000000004,0.0,0.0
50216_G_GN93,1,10,32.800000000000004,0.0,0.0
50216_G_GN93,1,11,32.800000000000004,0.0,0.0
50216_G_GN93,1,12,32.800000000000004,0.0,0.0
50216_G_GN93,1,13,32.800000000000004,0.0,0.0
50216_G_GN93,1,14,32.800000000000004,0.0,0.0
50216_G_GN93,1,15,32.800000000000004,0.0,0.0
50216_G_GN93,1,16,32.800000000000004,0.0,0.0
50216_G_GN93,1,17,57.15459999999425,0.0,0.0
50216_G_GN93,1,18,82.0,0.0,0.0
50216_G_GN93,1,19,82.0,0.0,0.0
50216_G_GN93,1,20,82.0,0.0,0.0
50216_G_GN93,1,21,82.0,0.0,0.0
50216_G_GN93,1,22,82.0,0.0,0.0
50216_G_GN93,1,23,32.800000000000004,0.0,0.0
50216_G_GN93,1,24,32.800000000000004,0.0,0.0
50216_G_GN93,1,25,32.800000000000004,0.0,0.0
50216_G_GN94,1,1,32.800000000000004,0.0,0.0
50216_G_GN94,1,2,32.800000000000004,0.0,0.0
50216_G_GN94,1,3,32.800000000000004,0.0,0.0
50216_G_GN94,1,4,32.800000000000004,0.0,0.0
50216_G_GN94,1,5,32.800000000000004,0.0,0.0
50216_G_GN94,1,6,32.800000000000004,0.0,0.0
50216_G_GN94,1,7,32.800000000000004,0.0,0.0
50216_G_GN94,1,8,32.800000000000004,0.0,0.0
50216_G_GN94,1,9,32.800000000000004,0.0,0.0
50216_G_GN94,1,10,32.800000000000004,0.0,0.0
50216_G_GN94,1,11,32.800000000000004,0.0,0.0
50216_G_GN94,1,12,32.800000000000004,0.0,0.0
50216_G_GN94,1,13,32.800000000000004,0.0,0.0
50216_G_GN94,1,14,32.800000000000004,0.0,0.0
50216_G_GN94,1,15,32.800000000000004,0.0,0.0
50216_G_GN94,1,16,32.800000000000004,0.0,0.0
50216_G_GN94,1,17,82.0,0.0,0.0
50216_G_GN94,1,18,82.0,0.0,0.0
50216_G_GN94,1,19,82.0,0.0,0.0
50216_G_GN94,1,20,82.0,0.0,0.0
50216_G_GN94,1,21,82.0,0.0,0.0
50216_G_GN94,1,22,82.0,0.0,0.0
50216_G_GN94,1,23,32.800000000000004,0.0,0.0
50216_G_GN94,1,24,32.800000000000004,0.0,0.0
50216_G_GN94,1,25,32.800000000000004,0.0,0.0
50216_G_GN95,1,1,14.0,0.0,0.0
50216_G_GN95,1,2,14.0,0.0,0.0
50216_G_GN95,1,3,14.0,0.0,0.0
50216_G_GN95,1,4,14.0,0.0,0.0
50216_G_GN95,1,5,14.0,0.0,0.0
50216_G_GN95,1,6,14.0,0.0,0.0
50216_G_GN95,1,7,14.0,0.0,0.0
50216_G_GN95,1,8,14.0,0.0,0.0
50216_G_GN95,1,9,14.0,0.0,0.0
50216_G_GN95,1,10,14.0,0.0,0.0
50216_G_GN95,1,11,14.0,0.0,0.0
50216_G_GN95,1,12,14.0,0.0,0.0
50216_G_GN95,1,13,14.0,0.0,0.0
50216_G_GN95,1,14,14.0,0.0,0.0
50216_G_GN95,1,15,14.0,0.0,0.0
50216_G_GN95,1,16,14.0,0.0,0.0
50216_G_GN95,1,17,35.0,0.0,0.0
50216_G_GN95,1,18,35.0,0.0,0.0
50216_G_GN95,1,19,35.0,0.0,0.0
50216_G_GN95,1,20,35.0,0.0,0.0
50216_G_GN95,1,21,35.0,0.0,0.0
50216_G_GN95,1,22,35.0,0.0,0.0
50216_G_GN95,1,23,14.0,0.0,0.0
50216_G_GN95,1,24,14.0,0.0,0.0
50216_G_GN95,1,25,14.0,0.0,0.0
50216_G_GN96,1,1,14.0,0.0,0.0
50216_G_GN96,1,2,14.0,0.0,0.0
50216_G_GN96,1,3,14.0,0.0,0.0
50216_G_GN96,1,4,14.0,0.0,0.0
50216_G_GN96,1,5,14.0,0.0,0.0
50216_G_GN96,1,6,14.0,0.0,0.0
50216_G_GN96,1,7,14.0,0.0,0.0
50216_G_GN96,1,8,14.0,0.0,0.0
50216_G_GN96,1,9,14.0,0.0,0.0
50216_G_GN96,1,10,14.0,0.0,0.0
50216_G_GN96,1,11,14.0,0.0,0.0
50216_G_GN96,1,12,14.0,0.0,0.0
50216_G_GN96,1,13,14.0,0.0,0.0
50216_G_GN96,1,14,14.0,0.0,0.0
50216_G_GN96,1,15,14.0,0.0,0.0
50216_G_GN96,1,16,14.0,0.0,0.0
50216_G_GN96,1,17,35.0,0.0,0.0
50216_G_GN96,1,18,35.0,0.0,0.0
50216_G_GN96,1,19,35.0,0.0,0.0
50216_G_GN96,1,20,35.0,0.0,0.0
50216_G_GN96,1,21,35.0,0.0,0.0
50216_G_GN96,1,22,35.0,0.0,0.0
50216_G_GN96,1,23,14.000000000000284,0.0,0.0
50216_G_GN96,1,24,14.0,0.0,0.0
50216_G_GN96,1,25,14.0,0.0,0.0
50299_G_GEN1,1,1,0.0,0.0,0.0
50299_G_GEN1,1,2,0.0,0.0,0.0
50299_G_GEN1,1,3,0.0,0.0,0.0
50299_G_GEN1,1,4,0.0,0.0,0.0
50299_G_GEN1,1,5,0.0,0.0,0.0
50299_G_GEN1,1,6,0.0,0.0,0.0
50299_G_GEN1,1,7,0.0,0.0,0.0
50299_G_GEN1,1,8,0.0,0.0,0.0
50299_G_GEN1,1,9,0.0,0.0,0.0
50299_G_GEN1,1,10,0.0,0.0,0.0
50299_G_GEN1,1,11,0.0,0.0,0.0
50299_G_GEN1,1,12,0.0,0.0,0.0
50299_G_GEN1,1,13,0.0,0.0,0.0
50299_G_GEN1,1,14,0.0,0.0,0.0
50299_G_GEN1,1,15,0.0,0.0,0.0
50299_G_GEN1,1,16,0.0,0.0,0.0
50299_G_GEN1,1,17,0.0,0.0,0.0
50299_G_GEN1,1,18,0.0,0.0,0.0
50299_G_GEN1,1,19,0.0,0.0,0.0
50299_G_GEN1,1,20,0.0,0.0,0.0
50299_G_GEN1,1,21,0.0,0.0,0.0
50299_G_GEN1,1,22,0.0,0.0,0.0
50299_G_GEN1,1,23,0.0,0.0,0.0
50299_G_GEN1,1,24,0.0,0.0,0.0
50299_G_GEN1,1,25,0.0,0.0,0.0
50388_B_K1,1,1,8.5,0.0,0.0
50388_B_K1,1,2,8.5,0.0,0.0
50388_B_K1,1,3,8.5,0.0,0.0
50388_B_K1,1,4,8.5,0.0,0.0
50388_B_K1,1,5,8.5,0.0,0.0
50388_B_K1,1,6,8.5,0.0,0.0
50388_B_K1,1,7,8.5,0.0,0.0
50388_B_K1,1,8,6.375000000000011,2.1249999999999987,0.0
50388_B_K1,1,9,3.4000000000000004,5.1,0.0
50388_B_K1,1,10,3.4000000000000004,0.0,0.0
50388_B_K1,1,11,3.4000000000000004,0.0,0.0
50388_B_K1,1,12,3.4000000000000004,0.0,0.0
50388_B_K1,1,13,6.3750000000000036,2.125,0.0
50388_B_K1,1,14,8.5,0.0,0.0
50388_B_K1,1,15,8.5,0.0,0.0
50388_B_K1,1,16,8.5,0.0,0.0
50388_B_K1,1,17,8.5,0.0,0.0
50388_B_K1,1,18,8.5,0.0,0.0
50388_B_K1,1,19,8.5,0.0,0.0
50388_B_K1,1,20,8.5,0.0,0.0
50388_B_K1,1,21,8.5,0.0,0.0
50388_B_K1,1,22,8.5,0.0,0.0
50388_B_K1,1,23,8.5,0.0,0.0
50388_B_K1,1,24,8.5,0.0,0.0
50388_B_K1,1,25,8.5,0.0,0.0
50388_B_K2,1,1,8.5,0.0,0.0
50388_B_K2,1,2,8.5,0.0,0.0
50388_B_K2,1,3,8.5,0.0,0.0
50388_B_K2,1,4,8.5,0.0,0.0
50388_B_K2,1,5,8.5,0.0,0.0
50388_B_K2,1,6,8.5,0.0,0.0
50388_B_K2,1,7,8.5,0.0,0.0
50388_B_K2,1,8,6.375,2.125,0.0
50388_B_K2,1,9,3.4000000000000004,5.1,0.0
50388_B_K2,1,10,3.4000000000000004,0.0,0.0
50388_B_K2,1,11,3.4000000000000004,0.0,0.0
50388_B_K2,1,12,3.4000000000000004,0.0,0.0
50388_B_K2,1,13,6.375,2.125,0.0
50388_B_K2,1,14,8.5,0.0,0.0
50388_B_K2,1,15,8.5,0.0,0.0
50388_B_K2,1,16,8.5,0.0,0.0
50388_B_K2,1,17,8.5,0.0,0.0
50388_B_K2,1,18,8.5,0.0,0.0
50388_B_K2,1,19,8.5,0.0,0.0
50388_B_K2,1,20,8.5,0.0,0.0
50388_B_K2,1,21,8.5,0.0,0.0
50388_B_K2,1,22,8.5,0.0,0.0
50388_B_K2,1,23,8.5,0.0,0.0
50388_B_K2,1,24,8.5,0.0,0.0
50388_B_K2,1,25,8.5,0.0,0.0
50541_G_GEN1,1,1,0.0,0.0,0.0
50541_G_GEN1,1,2,0.0,0.0,0.0
50541_G_GEN1,1,3,0.0,0.0,0.0
50541_G_GEN1,1,4,0.0,0.0,0.0
50541_G_GEN1,1,5,0.0,0.0,0.0
50541_G_GEN1,1,6,0.0,0.0,0.0
50541_G_GEN1,1,7,0.0,0.0,0.0
50541_G_GEN1,1,8,0.0,0.0,0.0
50541_G_GEN1,1,9,0.0,0.0,0.0
50541_G_GEN1,1,10,0.0,0.0,0.0
50541_G_GEN1,1,11,0.0,0.0,0.0
50541_G_GEN1,1,12,0.0,0.0,0.0
50541_G_GEN1,1,13,0.0,0.0,0.0
50541_G_GEN1,1,14,0.0,0.0,0.0
50541_G_GEN1,1,15,0.0,0.0,0.0
50541_G_GEN1,1,16,0.0,0.0,0.0
50541_G_GEN1,1,17,32.32,48.48,0.0
50541_G_GEN1,1,18,34.4115531671507,46.38844683284935,0.0
50541_G_GEN1,1,19,36.15224247581857,44.64775752418143,0.0
50541_G_GEN1,1,20,45.68832104084805,35.11167895915196,0.0
50541_G_GEN1,1,21,0.0,0.0,0.0
50541_G_GEN1,1,22,0.0,0.0,0.0
50541_G_GEN1,1,23,0.0,0.0,0.0
50541_G_GEN1,1,24,0.0,0.0,0.0
50541_G_GEN1,1,25,0.0,0.0,0.0
50541_G_ST1,1,1,0.0,0.0,0.0
50541_G_ST1,1,2,0.0,0.0,0.0
50541_G_ST1,1,3,0.0,0.0,0.0
50541_G_ST1,1,4,0.0,0.0,0.0
50541_G_ST1,1,5,0.0,0.0,0.0
50541_G_ST1,1,6,0.0,0.0,0.0
50541_G_ST1,1,7,0.0,0.0,0.0
50541_G_ST1,1,8,0.0,0.0,0.0
50541_G_ST1,1,9,0.0,0.0,0.0
50541_G_ST1,1,10,0.0,0.0,0.0
50541_G_ST1,1,11,0.0,0.0,0.0
50541_G_ST1,1,12,0.0,0.0,0.0
50541_G_ST1,1,13,0.0,0.0,0.0
50541_G_ST1,1,14,0.0,0.0,0.0
50541_G_ST1,1,15,0.0,0.0,0.0
50541_G_ST1,1,16,0.0,0.0,0.0
50541_G_ST1,1,17,3.96,5.94,0.0
50541_G_ST1,1,18,3.96,5.94,0.0
50541_G_ST1,1,19,3.96,5.94,0.0
50541_G_ST1,1,20,3.96,5.94,0.0
50541_G_ST1,1,21,0.0,0.0,0.0
50541_G_ST1,1,22,0.0,0.0,0.0
50541_G_ST1,1,23,0.0,0.0,0.0
50541_G_ST1,1,24,0.0,0.0,0.0
50541_G_ST1,1,25,0.0,0.0,0.0
50541_G_ST2,1,1,0.0,0.0,0.0
50541_G_ST2,1,2,0.0,0.0,0.0
50541_G_ST2,1,3,0.0,0.0,0.0
50541_G_ST2,1,4,0.0,0.0,0.0
50541_G_ST2,1,5,0.0,0.0,0.0
50541_G_ST2,1,6,0.0,0.0,0.0
50541_G_ST2,1,7,0.0,0.0,0.0
50541_G_ST2,1,8,0.0,0.0,0.0
50541_G_ST2,1,9,0.0,0.0,0.0
50541_G_ST2,1,10,0.0,0.0,0.0
50541_G_ST2,1,11,0.0,0.0,0.0
50541_G_ST2,1,12,0.0,0.0,0.0
50541_G_ST2,1,13,0.0,0.0,0.0
50541_G_ST2,1,14,0.0,0.0,0.0
50541_G_ST2,1,15,0.0,0.0,0.0
50541_G_ST2,1,16,0.0,0.0,0.0
50541_G_ST2,1,17,4.4,6.6,0.0
50541_G_ST2,1,18,4.4,6.6,0.0
50541_G_ST2,1,19,4.4,6.6,0.0
50541_G_ST2,1,20,4.4,6.6,0.0
50541_G_ST2,1,21,0.0,0.0,0.0
50541_G_ST2,1,22,0.0,0.0,0.0
50541_G_ST2,1,23,0.0,0.0,0.0
50541_G_ST2,1,24,0.0,0.0,0.0
50541_G_ST2,1,25,0.0,0.0,0.0
50571_G_GEN1,1,1,60.9,0.0,0.0
50571_G_GEN1,1,2,60.9,0.0,0.0
50571_G_GEN1,1,3,60.9,0.0,0.0
50571_G_GEN1,1,4,60.9,0.0,0.0
50571_G_GEN1,1,5,60.9,0.0,0.0
50571_G_GEN1,1,6,60.9,0.0,0.0
50571_G_GEN1,1,7,60.9,0.0,0.0
50571_G_GEN1,1,8,60.9,0.0,0.0
50571_G_GEN1,1,9,24.36,0.0,0.0
50571_G_GEN1,1,10,24.36,0.0,0.0
50571_G_GEN1,1,11,24.36,0.0,0.0
50571_G_GEN1,1,12,24.36,0.0,0.0
50571_G_GEN1,1,13,60.9,0.0,0.0
50571_G_GEN1,1,14,60.9,0.0,0.0
50571_G_GEN1,1,15,60.9,0.0,0.0
50571_G_GEN1,1,16,60.9,0.0,0.0
50571_G_GEN1,1,17,60.9,0.0,0.0
50571_G_GEN1,1,18,60.9,0.0,0.0
50571_G_GEN1,1,19,60.9,0.0,0.0
50571_G_GEN1,1,20,60.9,0.0,0.0
50571_G_GEN1,1,21,60.9,0.0,0.0
50571_G_GEN1,1,22,60.9,0.0,0.0
50571_G_GEN1,1,23,60.9,0.0,0.0
50571_G_GEN1,1,24,60.9,0.0,0.0
50571_G_GEN1,1,25,60.9,0.0,0.0
50632_B_1,1,1,47.90000000000001,0.0,0.0
50632_B_1,1,2,47.90000000000001,0.0,0.0
50632_B_1,1,3,47.90000000000001,0.0,0.0
50632_B_1,1,4,47.90000000000001,0.0,0.0
50632_B_1,1,5,47.90000000000001,0.0,0.0
50632_B_1,1,6,47.90000000000001,0.0,0.0
50632_B_1,1,7,47.90000000000001,0.0,0.0
50632_B_1,1,8,47.90000000000001,0.0,0.0
50632_B_1,1,9,19.160000000000004,0.0,0.0
50632_B_1,1,10,19.160000000000004,0.0,0.0
50632_B_1,1,11,19.160000000000004,0.0,0.0
50632_B_1,1,12,19.160000000000004,0.0,0.0
50632_B_1,1,13,47.90000000000001,0.0,0.0
50632_B_1,1,14,47.900000000000006,0.0,0.0
50632_B_1,1,15,47.90000000000001,0.0,0.0
50632_B_1,1,16,47.90000000000001,0.0,0.0
50632_B_1,1,17,47.90000000000001,0.0,0.0
50632_B_1,1,18,47.90000000000001,0.0,0.0
50632_B_1,1,19,47.90000000000001,0.0,0.0
50632_B_1,1,20,47.90000000000001,0.0,0.0
50632_B_1,1,21,47.90000000000001,0.0,0.0
50632_B_1,1,22,47.90000000000001,0.0,0.0
50632_B_1,1,23,47.90000000000001,0.0,0.0
50632_B_1,1,24,47.90000000000001,0.0,0.0
50632_B_1,1,25,47.90000000000001,0.0,0.0
50748_G_GEN1,1,1,9.76,0.0,0.0
50748_G_GEN1,1,2,9.76,0.0,0.0
50748_G_GEN1,1,3,9.76,0.0,0.0
50748_G_GEN1,1,4,9.76,0.0,0.0
50748_G_GEN1,1,5,9.76,0.0,0.0
50748_G_GEN1,1,6,9.76,0.0,0.0
50748_G_GEN1,1,7,9.76,0.0,0.0
50748_G_GEN1,1,8,9.76,0.0,0.0
50748_G_GEN1,1,9,9.76,0.0,0.0
50748_G_GEN1,1,10,9.76,0.0,0.0
50748_G_GEN1,1,11,9.76,0.0,0.0
50748_G_GEN1,1,12,9.76,0.0,0.0
50748_G_GEN1,1,13,9.76,0.0,0.0
50748_G_GEN1,1,14,9.76,0.0,0.0
50748_G_GEN1,1,15,9.76,0.0,0.0
50748_G_GEN1,1,16,9.76,0.0,0.0
50748_G_GEN1,1,17,24.4,0.0,0.0
50748_G_GEN1,1,18,24.4,0.0,0.0
50748_G_GEN1,1,19,24.4,0.0,0.0
50748_G_GEN1,1,20,24.4,0.0,0.0
50748_G_GEN1,1,21,24.4,0.0,0.0
50748_G_GEN1,1,22,24.4,0.0,0.0
50748_G_GEN1,1,23,9.76,0.0,0.0
50748_G_GEN1,1,24,9.76,0.0,0.0
50748_G_GEN1,1,25,9.76,0.0,0.0
50748_G_GEN2,1,1,2.92,0.0,0.0
50748_G_GEN2,1,2,2.92,0.0,0.0
50748_G_GEN2,1,3,2.92,0.0,0.0
50748_G_GEN2,1,4,2.92,0.0,0.0
50748_G_GEN2,1,5,2.92,0.0,0.0
50748_G_GEN2,1,6,2.92,0.0,0.0
50748_G_GEN2,1,7,2.92,0.0,0.0
50748_G_GEN2,1,8,2.92,0.0,0.0
50748_G_GEN2,1,9,2.92,0.0,0.0
50748_G_GEN2,1,10,2.92,0.0,0.0
50748_G_GEN2,1,11,2.92,0.0,0.0
50748_G_GEN2,1,12,2.92,0.0,0.0
50748_G_GEN2,1,13,2.92,0.0,0.0
50748_G_GEN2,1,14,2.92,0.0,0.0
50748_G_GEN2,1,15,2.92,0.0,0.0
50748_G_GEN2,1,16,2.92,0.0,0.0
50748_G_GEN2,1,17,7.3,0.0,0.0
50748_G_GEN2,1,18,7.3,0.0,0.0
50748_G_GEN2,1,19,7.3,0.0,0.0
50748_G_GEN2,1,20,7.3,0.0,0.0
50748_G_GEN2,1,21,7.3,0.0,0.0
50748_G_GEN2,1,22,7.3,0.0,0.0
50748_G_GEN2,1,23,2.92,0.0,0.0
50748_G_GEN2,1,24,2.92,0.0,0.0
50748_G_GEN2,1,25,2.92,0.0,0.0
50750_G_GEN1,1,1,0.0,0.0,0.0
50750_G_GEN1,1,2,0.0,0.0,0.0
50750_G_GEN1,1,3,0.0,0.0,0.0
50750_G_GEN1,1,4,0.0,0.0,0.0
50750_G_GEN1,1,5,0.0,0.0,0.0
50750_G_GEN1,1,6,0.0,0.0,0.0
50750_G_GEN1,1,7,0.0,0.0,0.0
50750_G_GEN1,1,8,0.0,0.0,0.0
50750_G_GEN1,1,9,0.0,0.0,0.0
50750_G_GEN1,1,10,0.0,0.0,0.0
50750_G_GEN1,1,11,0.0,0.0,0.0
50750_G_GEN1,1,12,0.0,0.0,0.0
50750_G_GEN1,1,13,0.0,0.0,0.0
50750_G_GEN1,1,14,0.0,0.0,0.0
50750_G_GEN1,1,15,0.0,0.0,0.0
50750_G_GEN1,1,16,0.0,0.0,0.0
50750_G_GEN1,1,17,0.0,0.0,0.0
50750_G_GEN1,1,18,0.0,0.0,0.0
50750_G_GEN1,1,19,0.0,0.0,0.0
50750_G_GEN1,1,20,0.0,0.0,0.0
50750_G_GEN1,1,21,0.0,0.0,0.0
50750_G_GEN1,1,22,0.0,0.0,0.0
50750_G_GEN1,1,23,0.0,0.0,0.0
50750_G_GEN1,1,24,0.0,0.0,0.0
50750_G_GEN1,1,25,0.0,0.0,0.0
50766_G_ITLU1,1,1,11.5,0.0,0.0
50766_G_ITLU1,1,2,11.5,0.0,0.0
50766_G_ITLU1,1,3,11.5,0.0,0.0
50766_G_ITLU1,1,4,11.5,0.0,0.0
50766_G_ITLU1,1,5,11.5,0.0,0.0
50766_G_ITLU1,1,6,11.5,0.0,0.0
50766_G_ITLU1,1,7,11.5,0.0,0.0
50766_G_ITLU1,1,8,11.5,0.0,0.0
50766_G_ITLU1,1,9,8.533000000000001,2.9670000000000045,0.0
50766_G_ITLU1,1,10,4.6000000000000005,0.0,0.0
50766_G_ITLU1,1,11,4.6000000000000005,0.0,0.0
50766_G_ITLU1,1,12,7.567,0.0,0.0
50766_G_ITLU1,1,13,11.5,0.0,0.0
50766_G_ITLU1,1,14,11.5,0.0,0.0
50766_G_ITLU1,1,15,11.5,0.0,0.0
50766_G_ITLU1,1,16,11.5,0.0,0.0
50766_G_ITLU1,1,17,11.5,0.0,0.0
50766_G_ITLU1,1,18,11.5,0.0,0.0
50766_G_ITLU1,1,19,11.5,0.0,0.0
50766_G_ITLU1,1,20,11.5,0.0,0.0
50766_G_ITLU1,1,21,11.5,0.0,0.0
50766_G_ITLU1,1,22,11.5,0.0,0.0
50766_G_ITLU1,1,23,11.5,0.0,0.0
50766_G_ITLU1,1,24,11.5,0.0,0.0
50766_G_ITLU1,1,25,11.5,0.0,0.0
50766_G_ITLU2,1,1,8.5,0.0,0.0
50766_G_ITLU2,1,2,8.5,0.0,0.0
50766_G_ITLU2,1,3,8.5,0.0,0.0
50766_G_ITLU2,1,4,8.5,0.0,0.0
50766_G_ITLU2,1,5,8.5,0.0,0.0
50766_G_ITLU2,1,6,8.5,0.0,0.0
50766_G_ITLU2,1,7,8.5,0.0,0.0
50766_G_ITLU2,1,8,8.5,0.0,0.0
50766_G_ITLU2,1,9,6.307,2.193000000000002,0.0
50766_G_ITLU2,1,10,3.4000000000000004,0.0,0.0
50766_G_ITLU2,1,11,3.4000000000000004,0.0,0.0
50766_G_ITLU2,1,12,5.593,0.0,0.0
50766_G_ITLU2,1,13,8.5,0.0,0.0
50766_G_ITLU2,1,14,8.5,0.0,0.0
50766_G_ITLU2,1,15,8.5,0.0,0.0
50766_G_ITLU2,1,16,8.5,0.0,0.0
50766_G_ITLU2,1,17,8.5,0.0,0.0
50766_G_ITLU2,1,18,8.5,0.0,0.0
50766_G_ITLU2,1,19,8.5,0.0,0.0
50766_G_ITLU2,1,20,8.5,0.0,0.0
50766_G_ITLU2,1,21,8.5,0.0,0.0
50766_G_ITLU2,1,22,8.5,0.0,0.0
50766_G_ITLU2,1,23,8.5,0.0,0.0
50766_G_ITLU2,1,24,8.5,0.0,0.0
50766_G_ITLU2,1,25,8.5,0.0,0.0
50766_G_OE31,1,1,0.7,0.0,0.0
50766_G_OE31,1,2,0.7,0.0,0.0
50766_G_OE31,1,3,0.7,0.0,0.0
50766_G_OE31,1,4,0.7,0.0,0.0
50766_G_OE31,1,5,0.7,0.0,0.0
50766_G_OE31,1,6,0.7,0.0,0.0
50766_G_OE31,1,7,0.7,0.0,0.0
50766_G_OE31,1,8,0.7,0.0,0.0
50766_G_OE31,1,9,0.7,0.0,0.0
50766_G_OE31,1,10,0.4605999999999999,0.0,0.0
50766_G_OE31,1,11,0.28,0.0,0.0
50766_G_OE31,1,12,0.46059999999999995,0.0,0.0
50766_G_OE31,1,13,0.7,0.0,0.0
50766_G_OE31,1,14,0.7,0.0,0.0
50766_G_OE31,1,15,0.7,0.0,0.0
50766_G_OE31,1,16,0.7,0.0,0.0
50766_G_OE31,1,17,0.7,0.0,0.0
50766_G_OE31,1,18,0.7,0.0,0.0
50766_G_OE31,1,19,0.7,0.0,0.0
50766_G_OE31,1,20,0.7,0.0,0.0
50766_G_OE31,1,21,0.7,0.0,0.0
50766_G_OE31,1,22,0.7,0.0,0.0
50766_G_OE31,1,23,0.7,0.0,0.0
50766_G_OE31,1,24,0.7,0.0,0.0
50766_G_OE31,1,25,0.7,0.0,0.0
50766_G_OE32,1,1,0.7,0.0,0.0
50766_G_OE32,1,2,0.7,0.0,0.0
50766_G_OE32,1,3,0.7,0.0,0.0
50766_G_OE32,1,4,0.7,0.0,0.0
50766_G_OE32,1,5,0.7,0.0,0.0
50766_G_OE32,1,6,0.7,0.0,0.0
50766_G_OE32,1,7,0.7,0.0,0.0
50766_G_OE32,1,8,0.7,0.0,0.0
50766_G_OE32,1,9,0.7,0.0,0.0
50766_G_OE32,1,10,0.4605999999999999,0.0,0.0
50766_G_OE32,1,11,0.28,0.0,0.0
50766_G_OE32,1,12,0.46059999999999995,0.0,0.0
50766_G_OE32,1,13,0.7,0.0,0.0
50766_G_OE32,1,14,0.7,0.0,0.0
50766_G_OE32,1,15,0.7,0.0,0.0
50766_G_OE32,1,16,0.7,0.0,0.0
50766_G_OE32,1,17,0.7,0.0,0.0
50766_G_OE32,1,18,0.7,0.0,0.0
50766_G_OE32,1,19,0.7,0.0,0.0
50766_G_OE32,1,20,0.7,0.0,0.0
50766_G_OE32,1,21,0.7,0.0,0.0
50766_G_OE32,1,22,0.7,0.0,0.0
50766_G_OE32,1,23,0.7,0.0,0.0
50766_G_OE32,1,24,0.7,0.0,0.0
50766_G_OE32,1,25,0.7,0.0,0.0
50831_G_GEN1,1,1,2.0,0.0,0.0
50831_G_GEN1,1,2,2.0,0.0,0.0
50831_G_GEN1,1,3,2.0,0.0,0.0
50831_G_GEN1,1,4,2.0,0.0,0.0
50831_G_GEN1,1,5,2.0,0.0,0.0
50831_G_GEN1,1,6,2.0,0.0,0.0
50831_G_GEN1,1,7,2.0,0.0,0.0
50831_G_GEN1,1,8,2.0,0.0,0.0
50831_G_GEN1,1,9,0.8,0.0,0.0
50831_G_GEN1,1,10,0.8,0.0,0.0
50831_G_GEN1,1,11,0.8,0.0,0.0
50831_G_GEN1,1,12,0.8,0.0,0.0
50831_G_GEN1,1,13,2.0,0.0,0.0
50831_G_GEN1,1,14,2.0,0.0,0.0
50831_G_GEN1,1,15,2.0,0.0,0.0
50831_G_GEN1,1,16,2.0,0.0,0.0
50831_G_GEN1,1,17,2.0,0.0,0.0
50831_G_GEN1,1,18,2.0,0.0,0.0
50831_G_GEN1,1,19,2.0,0.0,0.0
50831_G_GEN1,1,20,2.0,0.0,0.0
50831_G_GEN1,1,21,2.0,0.0,0.0
50831_G_GEN1,1,22,2.0,0.0,0.0
50831_G_GEN1,1,23,2.0,0.0,0.0
50831_G_GEN1,1,24,2.0,0.0,0.0
50831_G_GEN1,1,25,2.0,0.0,0.0
50849_G_GEN1,1,1,8.4,0.0,0.0
50849_G_GEN1,1,2,8.4,0.0,0.0
50849_G_GEN1,1,3,8.4,0.0,0.0
50849_G_GEN1,1,4,8.4,0.0,0.0
50849_G_GEN1,1,5,8.4,0.0,0.0
50849_G_GEN1,1,6,8.4,0.0,0.0
50849_G_GEN1,1,7,8.4,0.0,0.0
50849_G_GEN1,1,8,8.4,0.0,0.0
50849_G_GEN1,1,9,8.4,0.0,0.0
50849_G_GEN1,1,10,8.4,0.0,0.0
50849_G_GEN1,1,11,8.4,0.0,0.0
50849_G_GEN1,1,12,8.4,0.0,0.0
50849_G_GEN1,1,13,8.4,0.0,0.0
50849_G_GEN1,1,14,8.4,0.0,0.0
50849_G_GEN1,1,15,8.4,0.0,0.0
50849_G_GEN1,1,16,8.4,0.0,0.0
50849_G_GEN1,1,17,21.0,0.0,0.0
50849_G_GEN1,1,18,21.0,0.0,0.0
50849_G_GEN1,1,19,21.0,0.0,0.0
50849_G_GEN1,1,20,21.0,0.0,0.0
50849_G_GEN1,1,21,21.0,0.0,0.0
50849_G_GEN1,1,22,21.0,0.0,0.0
50849_G_GEN1,1,23,8.4,0.0,0.0
50849_G_GEN1,1,24,8.4,0.0,0.0
50849_G_GEN1,1,25,8.4,0.0,0.0
50849_G_GEN2,1,1,0.8,0.0,0.0
50849_G_GEN2,1,2,0.8,0.0,0.0
50849_G_GEN2,1,3,0.8,0.0,0.0
50849_G_GEN2,1,4,0.8,0.0,0.0
50849_G_GEN2,1,5,0.8,0.0,0.0
50849_G_GEN2,1,6,0.8,0.0,0.0
50849_G_GEN2,1,7,0.8,0.0,0.0
50849_G_GEN2,1,8,0.8,0.0,0.0
50849_G_GEN2,1,9,0.8,0.0,0.0
50849_G_GEN2,1,10,0.8,0.0,0.0
50849_G_GEN2,1,11,0.8,0.0,0.0
50849_G_GEN2,1,12,0.8,0.0,0.0
50849_G_GEN2,1,13,0.8,0.0,0.0
50849_G_GEN2,1,14,0.8,0.0,0.0
50849_G_GEN2,1,15,0.8,0.0,0.0
50849_G_GEN2,1,16,0.8,0.0,0.0
50849_G_GEN2,1,17,2.0,0.0,0.0
50849_G_GEN2,1,18,2.0,0.0,0.0
50849_G_GEN2,1,19,2.0,0.0,0.0
50849_G_GEN2,1,20,2.0,0.0,0.0
50849_G_GEN2,1,21,2.0,0.0,0.0
50849_G_GEN2,1,22,2.0,0.0,0.0
50849_G_GEN2,1,23,0.8,0.0,0.0
50849_G_GEN2,1,24,0.8,0.0,0.0
50849_G_GEN2,1,25,0.8,0.0,0.0
50850_G_GEN1,1,1,22.5,0.0,0.0
50850_G_GEN1,1,2,22.5,0.0,0.0
50850_G_GEN1,1,3,22.5,0.0,0.0
50850_G_GEN1,1,4,22.5,0.0,0.0
50850_G_GEN1,1,5,22.5,0.0,0.0
50850_G_GEN1,1,6,22.5,0.0,0.0
50850_G_GEN1,1,7,22.5,0.0,0.0
50850_G_GEN1,1,8,9.0,0.0,0.0
50850_G_GEN1,1,9,9.0,0.0,0.0
50850_G_GEN1,1,10,9.0,0.0,0.0
50850_G_GEN1,1,11,9.0,0.0,0.0
50850_G_GEN1,1,12,9.0,0.0,0.0
50850_G_GEN1,1,13,9.0,0.0,0.0
50850_G_GEN1,1,14,22.5,0.0,0.0
50850_G_GEN1,1,15,9.0,0.0,0.0
50850_G_GEN1,1,16,22.5,0.0,0.0
50850_G_GEN1,1,17,22.5,0.0,0.0
50850_G_GEN1,1,18,22.5,0.0,0.0
50850_G_GEN1,1,19,22.5,0.0,0.0
50850_G_GEN1,1,20,22.5,0.0,0.0
50850_G_GEN1,1,21,22.5,0.0,0.0
50850_G_GEN1,1,22,22.5,0.0,0.0
50850_G_GEN1,1,23,22.5,0.0,0.0
50850_G_GEN1,1,24,22.5,0.0,0.0
50850_G_GEN1,1,25,22.5,0.0,0.0
50850_G_GEN2,1,1,6.5,0.0,0.0
50850_G_GEN2,1,2,6.5,0.0,0.0
50850_G_GEN2,1,3,6.5,0.0,0.0
50850_G_GEN2,1,4,6.5,0.0,0.0
50850_G_GEN2,1,5,6.5,0.0,0.0
50850_G_GEN2,1,6,6.5,0.0,0.0
50850_G_GEN2,1,7,6.5,0.0,0.0
50850_G_GEN2,1,8,2.6,0.0,0.0
50850_G_GEN2,1,9,2.6,0.0,0.0
50850_G_GEN2,1,10,2.6,0.0,0.0
50850_G_GEN2,1,11,2.6,0.0,0.0
50850_G_GEN2,1,12,2.6,0.0,0.0
50850_G_GEN2,1,13,2.6,0.0,0.0
50850_G_GEN2,1,14,2.6,0.0,0.0
50850_G_GEN2,1,15,2.6,0.0,0.0
50850_G_GEN2,1,16,6.5,0.0,0.0
50850_G_GEN2,1,17,6.5,0.0,0.0
50850_G_GEN2,1,18,6.5,0.0,0.0
50850_G_GEN2,1,19,6.5,0.0,0.0
50850_G_GEN2,1,20,6.5,0.0,0.0
50850_G_GEN2,1,21,6.5,0.0,0.0
50850_G_GEN2,1,22,6.5,0.0,0.0
50850_G_GEN2,1,23,6.5,0.0,0.0
50850_G_GEN2,1,24,6.5,0.0,0.0
50850_G_GEN2,1,25,6.5,0.0,0.0
50851_G_GEN1,1,1,8.6,0.0,0.0
50851_G_GEN1,1,2,8.6,0.0,0.0
50851_G_GEN1,1,3,8.6,0.0,0.0
50851_G_GEN1,1,4,8.6,0.0,0.0
50851_G_GEN1,1,5,8.6,0.0,0.0
50851_G_GEN1,1,6,8.6,0.0,0.0
50851_G_GEN1,1,7,21.5,0.0,0.0
50851_G_GEN1,1,8,8.6,0.0,0.0
50851_G_GEN1,1,9,8.6,0.0,0.0
50851_G_GEN1,1,10,8.6,0.0,0.0
50851_G_GEN1,1,11,8.6,0.0,0.0
50851_G_GEN1,1,12,8.6,0.0,0.0
50851_G_GEN1,1,13,8.6,0.0,0.0
50851_G_GEN1,1,14,8.6,0.0,0.0
50851_G_GEN1,1,15,8.6,0.0,0.0
50851_G_GEN1,1,16,8.6,0.0,0.0
50851_G_GEN1,1,17,21.5,0.0,0.0
50851_G_GEN1,1,18,21.5,0.0,0.0
50851_G_GEN1,1,19,21.5,0.0,0.0
50851_G_GEN1,1,20,21.5,0.0,0.0
50851_G_GEN1,1,21,21.5,0.0,0.0
50851_G_GEN1,1,22,21.5,0.0,0.0
50851_G_GEN1,1,23,21.5,0.0,0.0
50851_G_GEN1,1,24,8.6,12.899999999999986,0.0
50851_G_GEN1,1,25,8.6,0.0,0.0
50851_G_GEN2,1,1,2.7199999999999998,0.0,0.0
50851_G_GEN2,1,2,2.7199999999999998,0.0,0.0
50851_G_GEN2,1,3,2.72,0.0,0.0
50851_G_GEN2,1,4,2.72,0.0,0.0
50851_G_GEN2,1,5,2.7199999999999998,0.0,0.0
50851_G_GEN2,1,6,2.7199999999999998,0.0,0.0
50851_G_GEN2,1,7,6.8,0.0,0.0
50851_G_GEN2,1,8,2.7199999999999998,0.0,0.0
50851_G_GEN2,1,9,2.72,0.0,0.0
50851_G_GEN2,1,10,2.7199999999999998,0.0,0.0
50851_G_GEN2,1,11,2.72,0.0,0.0
50851_G_GEN2,1,12,2.72,0.0,0.0
50851_G_GEN2,1,13,2.72,0.0,0.0
50851_G_GEN2,1,14,2.72,0.0,0.0
50851_G_GEN2,1,15,2.72,0.0,0.0
50851_G_GEN2,1,16,2.72,0.0,0.0
50851_G_GEN2,1,17,6.8,0.0,0.0
50851_G_GEN2,1,18,6.8,0.0,0.0
50851_G_GEN2,1,19,6.8,0.0,0.0
50851_G_GEN2,1,20,6.8,0.0,0.0
50851_G_GEN2,1,21,6.8,0.0,0.0
50851_G_GEN2,1,22,6.8,0.0,0.0
50851_G_GEN2,1,23,6.8,0.0,0.0
50851_G_GEN2,1,24,2.7199999999999998,4.08,0.0
50851_G_GEN2,1,25,2.7199999999999998,0.0,0.0
50964_G_IND,1,1,1.1,0.0,0.0
50964_G_IND,1,2,1.1,0.0,0.0
50964_G_IND,1,3,1.1,0.0,0.0
50964_G_IND,1,4,1.1,0.0,0.0
50964_G_IND,1,5,1.1,0.0,0.0
50964_G_IND,1,6,1.1,0.0,0.0
50964_G_IND,1,7,1.1,0.0,0.0
50964_G_IND,1,8,1.1,0.0,0.0
50964_G_IND,1,9,1.1,0.0,0.0
50964_G_IND,1,10,0.7238000000000002,0.0,0.0
50964_G_IND,1,11,0.4400000000000001,0.0,0.0
50964_G_IND,1,12,0.7238000000000001,0.3762,0.0
50964_G_IND,1,13,1.1,0.0,0.0
50964_G_IND,1,14,1.1,0.0,0.0
50964_G_IND,1,15,1.1,0.0,0.0
50964_G_IND,1,16,1.1,0.0,0.0
50964_G_IND,1,17,1.1,0.0,0.0
50964_G_IND,1,18,1.1,0.0,0.0
50964_G_IND,1,19,1.1,0.0,0.0
50964_G_IND,1,20,1.1,0.0,0.0
50964_G_IND,1,21,1.1,0.0,0.0
50964_G_IND,1,22,1.1,0.0,0.0
50964_G_IND,1,23,1.1,0.0,0.0
50964_G_IND,1,24,1.1,0.0,0.0
50964_G_IND,1,25,1.1,0.0,0.0
50964_G_SYN,1,1,1.1,0.0,0.0
50964_G_SYN,1,2,1.1,0.0,0.0
50964_G_SYN,1,3,1.1,0.0,0.0
50964_G_SYN,1,4,1.1,0.0,0.0
50964_G_SYN,1,5,1.1,0.0,0.0
50964_G_SYN,1,6,1.1,0.0,0.0
50964_G_SYN,1,7,1.1,0.0,0.0
50964_G_SYN,1,8,1.1,0.0,0.0
50964_G_SYN,1,9,1.1,0.0,0.0
50964_G_SYN,1,10,0.7238000000000002,0.37619999999999987,0.2838000000000001
50964_G_SYN,1,11,0.4400000000000001,0.6599999999999999,0.0
50964_G_SYN,1,12,0.7238000000000001,0.3762,0.0
50964_G_SYN,1,13,1.1,0.0,0.0
50964_G_SYN,1,14,1.1,0.0,0.0
50964_G_SYN,1,15,1.1,0.0,0.0
50964_G_SYN,1,16,1.1,0.0,0.0
50964_G_SYN,1,17,1.1,0.0,0.0
50964_G_SYN,1,18,1.1,0.0,0.0
50964_G_SYN,1,19,1.1,0.0,0.0
50964_G_SYN,1,20,1.1,0.0,0.0
50964_G_SYN,1,21,1.1,0.0,0.0
50964_G_SYN,1,22,1.1,0.0,0.0
50964_G_SYN,1,23,1.1,0.0,0.0
50964_G_SYN,1,24,1.1,0.0,0.0
50964_G_SYN,1,25,1.1,0.0,0.0
510_G_1,1,1,50.0,0.0,0.0
510_G_1,1,2,50.0,0.0,0.0
510_G_1,1,3,50.0,0.0,0.0
510_G_1,1,4,50.0,0.0,0.0
510_G_1,1,5,50.0,0.0,0.0
510_G_1,1,6,50.0,0.0,0.0
510_G_1,1,7,50.0,0.0,0.0
510_G_1,1,8,50.0,0.0,0.0
510_G_1,1,9,50.0,0.0,0.0
510_G_1,1,10,32.9,0.0,0.0
510_G_1,1,11,20.0,0.0,0.0
510_G_1,1,12,32.9,0.0,0.0
510_G_1,1,13,50.0,0.0,0.0
510_G_1,1,14,50.0,0.0,0.0
510_G_1,1,15,50.0,0.0,0.0
510_G_1,1,16,50.0,0.0,0.0
510_G_1,1,17,50.0,0.0,0.0
510_G_1,1,18,50.0,0.0,0.0
510_G_1,1,19,50.0,0.0,0.0
510_G_1,1,20,50.0,0.0,0.0
510_G_1,1,21,50.0,0.0,0.0
510_G_1,1,22,50.0,0.0,0.0
510_G_1,1,23,50.0,0.0,0.0
510_G_1,1,24,50.0,0.0,0.0
510_G_1,1,25,50.0,0.0,0.0
52073_G_GEN1,1,1,5.0,0.0,0.0
52073_G_GEN1,1,2,5.0,0.0,0.0
52073_G_GEN1,1,3,5.0,0.0,0.0
52073_G_GEN1,1,4,5.0,0.0,0.0
52073_G_GEN1,1,5,5.0,0.0,0.0
52073_G_GEN1,1,6,12.5,0.0,0.0
52073_G_GEN1,1,7,12.5,0.0,0.0
52073_G_GEN1,1,8,5.0,0.0,0.0
52073_G_GEN1,1,9,5.0,0.0,0.0
52073_G_GEN1,1,10,5.0,0.0,0.0
52073_G_GEN1,1,11,5.0,0.0,0.0
52073_G_GEN1,1,12,5.0,0.0,0.0
52073_G_GEN1,1,13,5.0,0.0,0.0
52073_G_GEN1,1,14,5.0,0.0,0.0
52073_G_GEN1,1,15,5.0,0.0,0.0
52073_G_GEN1,1,16,12.5,0.0,0.0
52073_G_GEN1,1,17,12.5,0.0,0.0
52073_G_GEN1,1,18,12.5,0.0,0.0
52073_G_GEN1,1,19,12.5,0.0,0.0
52073_G_GEN1,1,20,12.5,0.0,0.0
52073_G_GEN1,1,21,12.5,0.0,0.0
52073_G_GEN1,1,22,12.5,0.0,0.0
52073_G_GEN1,1,23,12.5,0.0,0.0
52073_G_GEN1,1,24,12.5,0.0,0.0
52073_G_GEN1,1,25,5.0,0.0,0.0
52073_G_GEN2,1,1,5.0,0.0,0.0
52073_G_GEN2,1,2,5.0,0.0,0.0
52073_G_GEN2,1,3,5.0,0.0,0.0
52073_G_GEN2,1,4,5.0,0.0,0.0
52073_G_GEN2,1,5,5.0,0.0,0.0
52073_G_GEN2,1,6,12.5,0.0,0.0
52073_G_GEN2,1,7,12.5,0.0,0.0
52073_G_GEN2,1,8,5.0,0.0,0.0
52073_G_GEN2,1,9,5.0,0.0,0.0
52073_G_GEN2,1,10,5.0,0.0,0.0
52073_G_GEN2,1,11,5.0,0.0,0.0
52073_G_GEN2,1,12,5.0,0.0,0.0
52073_G_GEN2,1,13,5.0,0.0,0.0
52073_G_GEN2,1,14,5.0,0.0,0.0
52073_G_GEN2,1,15,5.0,0.0,0.0
52073_G_GEN2,1,16,12.5,0.0,0.0
52073_G_GEN2,1,17,12.5,0.0,0.0
52073_G_GEN2,1,18,12.5,0.0,0.0
52073_G_GEN2,1,19,12.5,0.0,0.0
52073_G_GEN2,1,20,12.5,0.0,0.0
52073_G_GEN2,1,21,12.5,0.0,0.0
52073_G_GEN2,1,22,12.5,0.0,0.0
52073_G_GEN2,1,23,12.5,0.0,0.0
52073_G_GEN2,1,24,12.5,0.0,0.0
52073_G_GEN2,1,25,5.0,0.0,0.0
52073_G_GEN3,1,1,4.4,0.0,0.0
52073_G_GEN3,1,2,4.4,0.0,0.0
52073_G_GEN3,1,3,4.4,0.0,0.0
52073_G_GEN3,1,4,4.4,0.0,0.0
52073_G_GEN3,1,5,4.4,0.0,0.0
52073_G_GEN3,1,6,11.0,0.0,0.0
52073_G_GEN3,1,7,11.0,0.0,0.0
52073_G_GEN3,1,8,4.4,0.0,0.0
52073_G_GEN3,1,9,4.4,0.0,0.0
52073_G_GEN3,1,10,4.4,0.0,0.0
52073_G_GEN3,1,11,4.4,0.0,0.0
52073_G_GEN3,1,12,4.4,0.0,0.0
52073_G_GEN3,1,13,4.4,0.0,0.0
52073_G_GEN3,1,14,4.4,0.0,0.0
52073_G_GEN3,1,15,4.4,0.0,0.0
52073_G_GEN3,1,16,11.0,0.0,0.0
52073_G_GEN3,1,17,11.0,0.0,0.0
52073_G_GEN3,1,18,11.0,0.0,0.0
52073_G_GEN3,1,19,11.0,0.0,0.0
52073_G_GEN3,1,20,11.0,0.0,0.0
52073_G_GEN3,1,21,11.0,0.0,0.0
52073_G_GEN3,1,22,11.0,0.0,0.0
52073_G_GEN3,1,23,11.0,0.0,0.0
52073_G_GEN3,1,24,11.0,0.0,0.0
52073_G_GEN3,1,25,4.4,0.0,0.0
52158_G_GEN1,1,1,9.0,0.0,0.0
52158_G_GEN1,1,2,9.0,0.0,0.0
52158_G_GEN1,1,3,9.0,0.0,0.0
52158_G_GEN1,1,4,9.0,0.0,0.0
52158_G_GEN1,1,5,9.0,0.0,0.0
52158_G_GEN1,1,6,9.0,0.0,0.0
52158_G_GEN1,1,7,9.0,0.0,0.0
52158_G_GEN1,1,8,9.0,0.0,0.0
52158_G_GEN1,1,9,9.0,0.0,0.0
52158_G_GEN1,1,10,5.921999999999997,0.0,0.0
52158_G_GEN1,1,11,3.6,0.0,0.0
52158_G_GEN1,1,12,5.922,0.0,0.0
52158_G_GEN1,1,13,9.0,0.0,0.0
52158_G_GEN1,1,14,9.0,0.0,0.0
52158_G_GEN1,1,15,9.0,0.0,0.0
52158_G_GEN1,1,16,9.0,0.0,0.0
52158_G_GEN1,1,17,9.0,0.0,0.0
52158_G_GEN1,1,18,9.0,0.0,0.0
52158_G_GEN1,1,19,9.0,0.0,0.0
52158_G_GEN1,1,20,9.0,0.0,0.0
52158_G_GEN1,1,21,9.0,0.0,0.0
52158_G_GEN1,1,22,9.0,0.0,0.0
52158_G_GEN1,1,23,9.0,0.0,0.0
52158_G_GEN1,1,24,9.0,0.0,0.0
52158_G_GEN1,1,25,9.0,0.0,0.0
52158_G_GEN2,1,1,9.0,0.0,0.0
52158_G_GEN2,1,2,9.0,0.0,0.0
52158_G_GEN2,1,3,9.0,0.0,0.0
52158_G_GEN2,1,4,9.0,0.0,0.0
52158_G_GEN2,1,5,9.0,0.0,0.0
52158_G_GEN2,1,6,9.0,0.0,0.0
52158_G_GEN2,1,7,9.0,0.0,0.0
52158_G_GEN2,1,8,9.0,0.0,0.0
52158_G_GEN2,1,9,9.0,0.0,0.0
52158_G_GEN2,1,10,5.921999999999999,3.078000000000001,2.3219999999999987
52158_G_GEN2,1,11,3.6,5.4,0.0
52158_G_GEN2,1,12,5.922,3.078000000000003,0.0
52158_G_GEN2,1,13,9.0,0.0,0.0
52158_G_GEN2,1,14,9.0,0.0,0.0
52158_G_GEN2,1,15,9.0,0.0,0.0
52158_G_GEN2,1,16,9.0,0.0,0.0
52158_G_GEN2,1,17,9.0,0.0,0.0
52158_G_GEN2,1,18,9.0,0.0,0.0
52158_G_GEN2,1,19,9.0,0.0,0.0
52158_G_GEN2,1,20,9.0,0.0,0.0
52158_G_GEN2,1,21,9.0,0.0,0.0
52158_G_GEN2,1,22,9.0,0.0,0.0
52158_G_GEN2,1,23,9.0,0.0,0.0
52158_G_GEN2,1,24,9.0,0.0,0.0
52158_G_GEN2,1,25,9.0,0.0,0.0
52169_G_B,1,1,0.0,0.0,0.0
52169_G_B,1,2,0.0,0.0,0.0
52169_G_B,1,3,0.0,0.0,0.0
52169_G_B,1,4,0.0,0.0,0.0
52169_G_B,1,5,0.0,0.0,0.0
52169_G_B,1,6,0.0,0.0,0.0
52169_G_B,1,7,0.0,0.0,0.0
52169_G_B,1,8,0.0,0.0,0.0
52169_G_B,1,9,0.0,0.0,0.0
52169_G_B,1,10,0.0,0.0,0.0
52169_G_B,1,11,0.0,0.0,0.0
52169_G_B,1,12,0.0,0.0,0.0
52169_G_B,1,13,0.0,0.0,0.0
52169_G_B,1,14,0.0,0.0,0.0
52169_G_B,1,15,0.0,0.0,0.0
52169_G_B,1,16,0.0,0.0,0.0
52169_G_B,1,17,0.0,0.0,0.0
52169_G_B,1,18,0.0,0.0,0.0
52169_G_B,1,19,0.0,0.0,0.0
52169_G_B,1,20,0.0,0.0,0.0
52169_G_B,1,21,0.0,0.0,0.0
52169_G_B,1,22,0.0,0.0,0.0
52169_G_B,1,23,0.0,0.0,0.0
52169_G_B,1,24,0.0,0.0,0.0
52169_G_B,1,25,0.0,0.0,0.0
535_G_1,1,1,0.0,0.0,0.0
535_G_1,1,2,0.0,0.0,0.0
535_G_1,1,3,0.0,0.0,0.0
535_G_1,1,4,0.0,0.0,0.0
535_G_1,1,5,0.0,0.0,0.0
535_G_1,1,6,0.0,0.0,0.0
535_G_1,1,7,0.0,0.0,0.0
535_G_1,1,8,0.0,0.0,0.0
535_G_1,1,9,0.0,0.0,0.0
535_G_1,1,10,0.0,0.0,0.0
535_G_1,1,11,0.0,0.0,0.0
535_G_1,1,12,0.0,0.0,0.0
535_G_1,1,13,0.0,0.0,0.0
535_G_1,1,14,0.0,0.0,0.0
535_G_1,1,15,0.0,0.0,0.0
535_G_1,1,16,0.0,0.0,0.0
535_G_1,1,17,0.0,0.0,0.0
535_G_1,1,18,0.0,0.0,0.0
535_G_1,1,19,0.0,0.0,0.0
535_G_1,1,20,0.0,0.0,0.0
535_G_1,1,21,0.0,0.0,0.0
535_G_1,1,22,0.0,0.0,0.0
535_G_1,1,23,0.0,0.0,0.0
535_G_1,1,24,0.0,0.0,0.0
535_G_1,1,25,0.0,0.0,0.0
54038_G_GEN1,1,1,13.5,0.0,0.0
54038_G_GEN1,1,2,13.5,0.0,0.0
54038_G_GEN1,1,3,13.5,0.0,0.0
54038_G_GEN1,1,4,13.5,0.0,0.0
54038_G_GEN1,1,5,13.5,0.0,0.0
54038_G_GEN1,1,6,13.5,0.0,0.0
54038_G_GEN1,1,7,13.5,0.0,0.0
54038_G_GEN1,1,8,13.5,0.0,0.0
54038_G_GEN1,1,9,13.5,0.0,0.0
54038_G_GEN1,1,10,8.883000000000001,0.0,0.0
54038_G_GEN1,1,11,5.4,0.0,0.0
54038_G_GEN1,1,12,8.883,0.0,0.0
54038_G_GEN1,1,13,13.5,0.0,0.0
54038_G_GEN1,1,14,13.5,0.0,0.0
54038_G_GEN1,1,15,13.5,0.0,0.0
54038_G_GEN1,1,16,13.5,0.0,0.0
54038_G_GEN1,1,17,13.5,0.0,0.0
54038_G_GEN1,1,18,13.5,0.0,0.0
54038_G_GEN1,1,19,13.5,0.0,0.0
54038_G_GEN1,1,20,13.5,0.0,0.0
54038_G_GEN1,1,21,13.5,0.0,0.0
54038_G_GEN1,1,22,13.5,0.0,0.0
54038_G_GEN1,1,23,13.5,0.0,0.0
54038_G_GEN1,1,24,13.5,0.0,0.0
54038_G_GEN1,1,25,13.5,0.0,0.0
54111_G_GE10,1,1,3.8,0.0,0.0
54111_G_GE10,1,2,3.8,0.0,0.0
54111_G_GE10,1,3,3.8,0.0,0.0
54111_G_GE10,1,4,3.8,0.0,0.0
54111_G_GE10,1,5,3.8,0.0,0.0
54111_G_GE10,1,6,3.8,0.0,0.0
54111_G_GE10,1,7,3.8,0.0,0.0
54111_G_GE10,1,8,3.8,0.0,0.0
54111_G_GE10,1,9,3.8,0.0,0.0
54111_G_GE10,1,10,2.5003999999999995,0.0,0.0
54111_G_GE10,1,11,1.52,0.0,0.0
54111_G_GE10,1,12,2.5004,0.0,0.0
54111_G_GE10,1,13,3.8,0.0,0.0
54111_G_GE10,1,14,3.8,0.0,0.0
54111_G_GE10,1,15,3.8,0.0,0.0
54111_G_GE10,1,16,3.8,0.0,0.0
54111_G_GE10,1,17,3.8,0.0,0.0
54111_G_GE10,1,18,3.8,0.0,0.0
54111_G_GE10,1,19,3.8,0.0,0.0
54111_G_GE10,1,20,3.8,0.0,0.0
54111_G_GE10,1,21,3.8,0.0,0.0
54111_G_GE10,1,22,3.8,0.0,0.0
54111_G_GE10,1,23,3.8,0.0,0.0
54111_G_GE10,1,24,3.8,0.0,0.0
54111_G_GE10,1,25,3.8,0.0,0.0
54111_G_GE11,1,1,3.8,0.0,0.0
54111_G_GE11,1,2,3.8,0.0,0.0
54111_G_GE11,1,3,3.8,0.0,0.0
54111_G_GE11,1,4,3.8,0.0,0.0
54111_G_GE11,1,5,3.8,0.0,0.0
54111_G_GE11,1,6,3.8,0.0,0.0
54111_G_GE11,1,7,3.8,0.0,0.0
54111_G_GE11,1,8,3.8,0.0,0.0
54111_G_GE11,1,9,3.8,0.0,0.0
54111_G_GE11,1,10,2.5003999999999995,1.2996000000000028,0.9804000000000015
54111_G_GE11,1,11,1.52,2.28,0.0
54111_G_GE11,1,12,2.8196000000000003,0.9804000000000006,0.0
54111_G_GE11,1,13,3.8,0.0,0.0
54111_G_GE11,1,14,3.8,0.0,0.0
54111_G_GE11,1,15,3.8,0.0,0.0
54111_G_GE11,1,16,3.8,0.0,0.0
54111_G_GE11,1,17,3.8,0.0,0.0
54111_G_GE11,1,18,3.8,0.0,0.0
54111_G_GE11,1,19,3.8,0.0,0.0
54111_G_GE11,1,20,3.8,0.0,0.0
54111_G_GE11,1,21,3.8,0.0,0.0
54111_G_GE11,1,22,3.8,0.0,0.0
54111_G_GE11,1,23,3.8,0.0,0.0
54111_G_GE11,1,24,3.8,0.0,0.0
54111_G_GE11,1,25,3.8,0.0,0.0
54111_G_GE12,1,1,3.8,0.0,0.0
54111_G_GE12,1,2,3.8,0.0,0.0
54111_G_GE12,1,3,3.8,0.0,0.0
54111_G_GE12,1,4,3.8,0.0,0.0
54111_G_GE12,1,5,3.8,0.0,0.0
54111_G_GE12,1,6,3.8,0.0,0.0
54111_G_GE12,1,7,3.8,0.0,0.0
54111_G_GE12,1,8,3.8,0.0,0.0
54111_G_GE12,1,9,3.8,0.0,0.0
54111_G_GE12,1,10,2.5003999999999955,0.0,0.0
54111_G_GE12,1,11,1.52,0.0,0.0
54111_G_GE12,1,12,2.5004,0.0,0.0
54111_G_GE12,1,13,3.8,0.0,0.0
54111_G_GE12,1,14,3.8,0.0,0.0
54111_G_GE12,1,15,3.8,0.0,0.0
54111_G_GE12,1,16,3.8,0.0,0.0
54111_G_GE12,1,17,3.8,0.0,0.0
54111_G_GE12,1,18,3.8,0.0,0.0
54111_G_GE12,1,19,3.8,0.0,0.0
54111_G_GE12,1,20,3.8,0.0,0.0
54111_G_GE12,1,21,3.8,0.0,0.0
54111_G_GE12,1,22,3.8,0.0,0.0
54111_G_GE12,1,23,3.8,0.0,0.0
54111_G_GE12,1,24,3.8,0.0,0.0
54111_G_GE12,1,25,3.8,0.0,0.0
54111_G_GE13,1,1,2.0,0.0,0.0
54111_G_GE13,1,2,2.0,0.0,0.0
54111_G_GE13,1,3,2.0,0.0,0.0
54111_G_GE13,1,4,2.0,0.0,0.0
54111_G_GE13,1,5,2.0,0.0,0.0
54111_G_GE13,1,6,2.0,0.0,0.0
54111_G_GE13,1,7,2.0,0.0,0.0
54111_G_GE13,1,8,2.0,0.0,0.0
54111_G_GE13,1,9,2.0,0.0,0.0
54111_G_GE13,1,10,1.316,0.0,0.0
54111_G_GE13,1,11,0.8,0.0,0.0
54111_G_GE13,1,12,1.3159999999999998,0.6840000000000007,0.0
54111_G_GE13,1,13,2.0,0.0,0.0
54111_G_GE13,1,14,2.0,0.0,0.0
54111_G_GE13,1,15,2.0,0.0,0.0
54111_G_GE13,1,16,2.0,0.0,0.0
54111_G_GE13,1,17,2.0,0.0,0.0
54111_G_GE13,1,18,2.0,0.0,0.0
54111_G_GE13,1,19,2.0,0.0,0.0
54111_G_GE13,1,20,2.0,0.0,0.0
54111_G_GE13,1,21,2.0,0.0,0.0
54111_G_GE13,1,22,2.0,0.0,0.0
54111_G_GE13,1,23,2.0,0.0,0.0
54111_G_GE13,1,24,2.0,0.0,0.0
54111_G_GE13,1,25,2.0,0.0,0.0
54111_G_GEN1,1,1,3.0,0.0,0.0
54111_G_GEN1,1,2,3.0,0.0,0.0
54111_G_GEN1,1,3,3.0,0.0,0.0
54111_G_GEN1,1,4,3.0,0.0,0.0
54111_G_GEN1,1,5,3.0,0.0,0.0
54111_G_GEN1,1,6,3.0,0.0,0.0
54111_G_GEN1,1,7,3.0,0.0,0.0
54111_G_GEN1,1,8,3.0,0.0,0.0
54111_G_GEN1,1,9,3.0,0.0,0.0
54111_G_GEN1,1,10,1.9740000000000002,0.0,0.0
54111_G_GEN1,1,11,1.2000000000000002,0.0,0.0
54111_G_GEN1,1,12,1.974,0.0,0.0
54111_G_GEN1,1,13,3.0,0.0,0.0
54111_G_GEN1,1,14,3.0,0.0,0.0
54111_G_GEN1,1,15,3.0,0.0,0.0
54111_G_GEN1,1,16,3.0,0.0,0.0
54111_G_GEN1,1,17,3.0,0.0,0.0
54111_G_GEN1,1,18,3.0,0.0,0.0
54111_G_GEN1,1,19,3.0,0.0,0.0
54111_G_GEN1,1,20,3.0,0.0,0.0
54111_G_GEN1,1,21,3.0,0.0,0.0
54111_G_GEN1,1,22,3.0,0.0,0.0
54111_G_GEN1,1,23,3.0,0.0,0.0
54111_G_GEN1,1,24,3.0,0.0,0.0
54111_G_GEN1,1,25,3.0,0.0,0.0
54111_G_GEN14,1,1,12.0,0.0,0.0
54111_G_GEN14,1,2,12.0,0.0,0.0
54111_G_GEN14,1,3,12.0,0.0,0.0
54111_G_GEN14,1,4,12.0,0.0,0.0
54111_G_GEN14,1,5,12.0,0.0,0.0
54111_G_GEN14,1,6,12.0,0.0,0.0
54111_G_GEN14,1,7,12.0,0.0,0.0
54111_G_GEN14,1,8,12.0,0.0,0.0
54111_G_GEN14,1,9,12.0,0.0,0.0
54111_G_GEN14,1,10,7.896,0.0,3.0959999999999983
54111_G_GEN14,1,11,4.800000000000002,6.611813479783068,0.0
54111_G_GEN14,1,12,7.896,4.1040000000000045,0.0
54111_G_GEN14,1,13,12.0,0.0,0.0
54111_G_GEN14,1,14,12.0,0.0,0.0
54111_G_GEN14,1,15,12.0,0.0,0.0
54111_G_GEN14,1,16,12.0,0.0,0.0
54111_G_GEN14,1,17,12.0,0.0,0.0
54111_G_GEN14,1,18,12.0,0.0,0.0
54111_G_GEN14,1,19,12.0,0.0,0.0
54111_G_GEN14,1,20,12.0,0.0,0.0
54111_G_GEN14,1,21,12.0,0.0,0.0
54111_G_GEN14,1,22,12.0,0.0,0.0
54111_G_GEN14,1,23,12.0,0.0,0.0
54111_G_GEN14,1,24,12.0,0.0,0.0
54111_G_GEN14,1,25,12.0,0.0,0.0
54111_G_GEN2,1,1,3.0,0.0,0.0
54111_G_GEN2,1,2,3.0,0.0,0.0
54111_G_GEN2,1,3,3.0,0.0,0.0
54111_G_GEN2,1,4,3.0,0.0,0.0
54111_G_GEN2,1,5,3.0,0.0,0.0
54111_G_GEN2,1,6,3.0,0.0,0.0
54111_G_GEN2,1,7,3.0,0.0,0.0
54111_G_GEN2,1,8,3.0,0.0,0.0
54111_G_GEN2,1,9,3.0,0.0,0.0
54111_G_GEN2,1,10,1.9740000000000002,0.0,0.0
54111_G_GEN2,1,11,1.2000000000000002,0.0,0.0
54111_G_GEN2,1,12,1.974,0.0,0.0
54111_G_GEN2,1,13,3.0,0.0,0.0
54111_G_GEN2,1,14,3.0,0.0,0.0
54111_G_GEN2,1,15,3.0,0.0,0.0
54111_G_GEN2,1,16,3.0,0.0,0.0
54111_G_GEN2,1,17,3.0,0.0,0.0
54111_G_GEN2,1,18,3.0,0.0,0.0
54111_G_GEN2,1,19,3.0,0.0,0.0
54111_G_GEN2,1,20,3.0,0.0,0.0
54111_G_GEN2,1,21,3.0,0.0,0.0
54111_G_GEN2,1,22,3.0,0.0,0.0
54111_G_GEN2,1,23,3.0,0.0,0.0
54111_G_GEN2,1,24,3.0,0.0,0.0
54111_G_GEN2,1,25,3.0,0.0,0.0
54111_G_GEN3,1,1,3.0,0.0,0.0
54111_G_GEN3,1,2,3.0,0.0,0.0
54111_G_GEN3,1,3,3.0,0.0,0.0
54111_G_GEN3,1,4,3.0,0.0,0.0
54111_G_GEN3,1,5,3.0,0.0,0.0
54111_G_GEN3,1,6,3.0,0.0,0.0
54111_G_GEN3,1,7,3.0,0.0,0.0
54111_G_GEN3,1,8,3.0,0.0,0.0
54111_G_GEN3,1,9,3.0,0.0,0.0
54111_G_GEN3,1,10,1.9740000000000002,0.0,0.0
54111_G_GEN3,1,11,1.2000000000000002,0.0,0.0
54111_G_GEN3,1,12,1.974,0.0,0.0
54111_G_GEN3,1,13,3.0,0.0,0.0
54111_G_GEN3,1,14,3.0,0.0,0.0
54111_G_GEN3,1,15,3.0,0.0,0.0
54111_G_GEN3,1,16,3.0,0.0,0.0
54111_G_GEN3,1,17,3.0,0.0,0.0
54111_G_GEN3,1,18,3.0,0.0,0.0
54111_G_GEN3,1,19,3.0,0.0,0.0
54111_G_GEN3,1,20,3.0,0.0,0.0
54111_G_GEN3,1,21,3.0,0.0,0.0
54111_G_GEN3,1,22,3.0,0.0,0.0
54111_G_GEN3,1,23,3.0,0.0,0.0
54111_G_GEN3,1,24,3.0,0.0,0.0
54111_G_GEN3,1,25,3.0,0.0,0.0
54111_G_GEN4,1,1,3.0,0.0,0.0
54111_G_GEN4,1,2,3.0,0.0,0.0
54111_G_GEN4,1,3,3.0,0.0,0.0
54111_G_GEN4,1,4,3.0,0.0,0.0
54111_G_GEN4,1,5,3.0,0.0,0.0
54111_G_GEN4,1,6,3.0,0.0,0.0
54111_G_GEN4,1,7,3.0,0.0,0.0
54111_G_GEN4,1,8,3.0,0.0,0.0
54111_G_GEN4,1,9,3.0,0.0,0.0
54111_G_GEN4,1,10,1.9740000000000002,0.0,0.0
54111_G_GEN4,1,11,1.2000000000000002,0.0,0.0
54111_G_GEN4,1,12,1.974,0.0,0.0
54111_G_GEN4,1,13,3.0,0.0,0.0
54111_G_GEN4,1,14,3.0,0.0,0.0
54111_G_GEN4,1,15,3.0,0.0,0.0
54111_G_GEN4,1,16,3.0,0.0,0.0
54111_G_GEN4,1,17,3.0,0.0,0.0
54111_G_GEN4,1,18,3.0,0.0,0.0
54111_G_GEN4,1,19,3.0,0.0,0.0
54111_G_GEN4,1,20,3.0,0.0,0.0
54111_G_GEN4,1,21,3.0,0.0,0.0
54111_G_GEN4,1,22,3.0,0.0,0.0
54111_G_GEN4,1,23,3.0,0.0,0.0
54111_G_GEN4,1,24,3.0,0.0,0.0
54111_G_GEN4,1,25,3.0,0.0,0.0
54111_G_GEN5,1,1,3.0,0.0,0.0
54111_G_GEN5,1,2,3.0,0.0,0.0
54111_G_GEN5,1,3,3.0,0.0,0.0
54111_G_GEN5,1,4,3.0,0.0,0.0
54111_G_GEN5,1,5,3.0,0.0,0.0
54111_G_GEN5,1,6,3.0,0.0,0.0
54111_G_GEN5,1,7,3.0,0.0,0.0
54111_G_GEN5,1,8,3.0,0.0,0.0
54111_G_GEN5,1,9,3.0,0.0,0.0
54111_G_GEN5,1,10,1.9740000000000002,0.0,0.0
54111_G_GEN5,1,11,1.2000000000000002,0.0,0.0
54111_G_GEN5,1,12,1.974,1.026,0.0
54111_G_GEN5,1,13,3.0,0.0,0.0
54111_G_GEN5,1,14,3.0,0.0,0.0
54111_G_GEN5,1,15,3.0,0.0,0.0
54111_G_GEN5,1,16,3.0,0.0,0.0
54111_G_GEN5,1,17,3.0,0.0,0.0
54111_G_GEN5,1,18,3.0,0.0,0.0
54111_G_GEN5,1,19,3.0,0.0,0.0
54111_G_GEN5,1,20,3.0,0.0,0.0
54111_G_GEN5,1,21,3.0,0.0,0.0
54111_G_GEN5,1,22,3.0,0.0,0.0
54111_G_GEN5,1,23,3.0,0.0,0.0
54111_G_GEN5,1,24,3.0,0.0,0.0
54111_G_GEN5,1,25,3.0,0.0,0.0
54111_G_GEN6,1,1,3.0,0.0,0.0
54111_G_GEN6,1,2,3.0,0.0,0.0
54111_G_GEN6,1,3,3.0,0.0,0.0
54111_G_GEN6,1,4,3.0,0.0,0.0
54111_G_GEN6,1,5,3.0,0.0,0.0
54111_G_GEN6,1,6,3.0,0.0,0.0
54111_G_GEN6,1,7,3.0,0.0,0.0
54111_G_GEN6,1,8,3.0,0.0,0.0
54111_G_GEN6,1,9,3.0,0.0,0.0
54111_G_GEN6,1,10,1.9740000000000002,0.0,0.0
54111_G_GEN6,1,11,1.2000000000000002,0.0,0.0
54111_G_GEN6,1,12,1.974,0.0,0.0
54111_G_GEN6,1,13,3.0,0.0,0.0
54111_G_GEN6,1,14,3.0,0.0,0.0
54111_G_GEN6,1,15,3.0,0.0,0.0
54111_G_GEN6,1,16,3.0,0.0,0.0
54111_G_GEN6,1,17,3.0,0.0,0.0
54111_G_GEN6,1,18,3.0,0.0,0.0
54111_G_GEN6,1,19,3.0,0.0,0.0
54111_G_GEN6,1,20,3.0,0.0,0.0
54111_G_GEN6,1,21,3.0,0.0,0.0
54111_G_GEN6,1,22,3.0,0.0,0.0
54111_G_GEN6,1,23,3.0,0.0,0.0
54111_G_GEN6,1,24,3.0,0.0,0.0
54111_G_GEN6,1,25,3.0,0.0,0.0
54111_G_GEN7,1,1,3.8,0.0,0.0
54111_G_GEN7,1,2,3.8,0.0,0.0
54111_G_GEN7,1,3,3.8,0.0,0.0
54111_G_GEN7,1,4,3.8,0.0,0.0
54111_G_GEN7,1,5,3.8,0.0,0.0
54111_G_GEN7,1,6,3.8,0.0,0.0
54111_G_GEN7,1,7,3.8,0.0,0.0
54111_G_GEN7,1,8,3.8,0.0,0.0
54111_G_GEN7,1,9,3.8,0.0,0.0
54111_G_GEN7,1,10,2.5003999999999995,0.0,0.0
54111_G_GEN7,1,11,1.52,0.0,0.0
54111_G_GEN7,1,12,2.5004,1.2995999999999999,0.0
54111_G_GEN7,1,13,3.8,0.0,0.0
54111_G_GEN7,1,14,3.8,0.0,0.0
54111_G_GEN7,1,15,3.8,0.0,0.0
54111_G_GEN7,1,16,3.8,0.0,0.0
54111_G_GEN7,1,17,3.8,0.0,0.0
54111_G_GEN7,1,18,3.8,0.0,0.0
54111_G_GEN7,1,19,3.8,0.0,0.0
54111_G_GEN7,1,20,3.8,0.0,0.0
54111_G_GEN7,1,21,3.8,0.0,0.0
54111_G_GEN7,1,22,3.8,0.0,0.0
54111_G_GEN7,1,23,3.8,0.0,0.0
54111_G_GEN7,1,24,3.8,0.0,0.0
54111_G_GEN7,1,25,3.8,0.0,0.0
54111_G_GEN8,1,1,3.8,0.0,0.0
54111_G_GEN8,1,2,3.8,0.0,0.0
54111_G_GEN8,1,3,3.8,0.0,0.0
54111_G_GEN8,1,4,3.8,0.0,0.0
54111_G_GEN8,1,5,3.8,0.0,0.0
54111_G_GEN8,1,6,3.8,0.0,0.6118772540121196
54111_G_GEN8,1,7,3.8,0.0,2.28
54111_G_GEN8,1,8,3.8,0.0,2.28
54111_G_GEN8,1,9,3.8,0.0,2.28
54111_G_GEN8,1,10,2.5003999999999995,1.2996000000000003,0.9803999999999995
54111_G_GEN8,1,11,2.5004,1.2995999999999999,0.9804000000000006
54111_G_GEN8,1,12,3.8,0.0,2.28
54111_G_GEN8,1,13,3.8,0.0,2.28
54111_G_GEN8,1,14,3.8,0.0,2.28
54111_G_GEN8,1,15,3.8,0.0,2.28
54111_G_GEN8,1,16,3.8,0.0,2.28
54111_G_GEN8,1,17,3.8,0.0,2.28
54111_G_GEN8,1,18,3.8,0.0,2.28
54111_G_GEN8,1,19,3.8,0.0,2.28
54111_G_GEN8,1,20,3.8,0.0,2.28
54111_G_GEN8,1,21,3.8,0.0,2.28
54111_G_GEN8,1,22,3.8,0.0,2.28
54111_G_GEN8,1,23,3.8,0.0,2.28
54111_G_GEN8,1,24,3.8,0.0,2.28
54111_G_GEN8,1,25,3.8,0.0,0.0
54111_G_GEN9,1,1,3.8,0.0,0.0
54111_G_GEN9,1,2,3.8,0.0,0.0
54111_G_GEN9,1,3,3.8,0.0,0.0
54111_G_GEN9,1,4,3.8,0.0,0.0
54111_G_GEN9,1,5,3.8,0.0,0.0
54111_G_GEN9,1,6,3.8,0.0,0.0
54111_G_GEN9,1,7,3.8,0.0,0.0
54111_G_GEN9,1,8,3.8,0.0,0.0
54111_G_GEN9,1,9,3.8,0.0,0.0
54111_G_GEN9,1,10,2.5003999999999995,0.0,0.0
54111_G_GEN9,1,11,1.52,0.0,0.0
54111_G_GEN9,1,12,2.5004,0.0,0.0
54111_G_GEN9,1,13,3.8,0.0,0.0
54111_G_GEN9,1,14,3.8,0.0,0.0
54111_G_GEN9,1,15,3.8,0.0,0.0
54111_G_GEN9,1,16,3.8,0.0,0.0
54111_G_GEN9,1,17,3.8,0.0,0.0
54111_G_GEN9,1,18,3.8,0.0,0.0
54111_G_GEN9,1,19,3.8,0.0,0.0
54111_G_GEN9,1,20,3.8,0.0,0.0
54111_G_GEN9,1,21,3.8,0.0,0.0
54111_G_GEN9,1,22,3.8,0.0,0.0
54111_G_GEN9,1,23,3.8,0.0,0.0
54111_G_GEN9,1,24,3.8,0.0,0.0
54111_G_GEN9,1,25,3.8,0.0,0.0
54238_B_BIOMS1,1,1,111.1,0.0,0.0
54238_B_BIOMS1,1,2,111.1,0.0,0.0
54238_B_BIOMS1,1,3,111.1,0.0,0.0
54238_B_BIOMS1,1,4,111.1,0.0,0.0
54238_B_BIOMS1,1,5,111.1,0.0,0.0
54238_B_BIOMS1,1,6,111.1,0.0,0.0
54238_B_BIOMS1,1,7,111.1,0.0,0.0
54238_B_BIOMS1,1,8,111.1,0.0,0.0
54238_B_BIOMS1,1,9,44.44,0.0,0.0
54238_B_BIOMS1,1,10,44.44,0.0,0.0
54238_B_BIOMS1,1,11,44.44,0.0,0.0
54238_B_BIOMS1,1,12,44.44,0.0,0.0
54238_B_BIOMS1,1,13,111.1,0.0,0.0
54238_B_BIOMS1,1,14,111.1,0.0,0.0
54238_B_BIOMS1,1,15,111.1,0.0,0.0
54238_B_BIOMS1,1,16,111.1,0.0,0.0
54238_B_BIOMS1,1,17,111.1,0.0,0.0
54238_B_BIOMS1,1,18,111.1,0.0,0.0
54238_B_BIOMS1,1,19,111.1,0.0,0.0
54238_B_BIOMS1,1,20,111.1,0.0,0.0
54238_B_BIOMS1,1,21,111.1,0.0,0.0
54238_B_BIOMS1,1,22,111.1,0.0,0.0
54238_B_BIOMS1,1,23,111.1,0.0,0.0
54238_B_BIOMS1,1,24,111.1,0.0,0.0
54238_B_BIOMS1,1,25,111.1,0.0,0.0
54689_G_1,1,1,38.0,0.0,22.8
54689_G_1,1,2,38.0,0.0,22.8
54689_G_1,1,3,38.0,0.0,22.8
54689_G_1,1,4,38.0,0.0,22.8
54689_G_1,1,5,38.0,0.0,22.8
54689_G_1,1,6,38.0,0.0,22.8
54689_G_1,1,7,38.0,0.0,22.8
54689_G_1,1,8,38.0,0.0,22.8
54689_G_1,1,9,38.0,0.0,22.8
54689_G_1,1,10,25.004,12.995999999999999,9.804000000000002
54689_G_1,1,11,38.0,0.0,22.8
54689_G_1,1,12,38.0,0.0,22.8
54689_G_1,1,13,38.0,0.0,22.8
54689_G_1,1,14,38.0,0.0,22.8
54689_G_1,1,15,38.0,0.0,22.8
54689_G_1,1,16,38.0,0.0,22.8
54689_G_1,1,17,38.0,0.0,22.8
54689_G_1,1,18,38.0,0.0,22.8
54689_G_1,1,19,38.0,0.0,22.8
54689_G_1,1,20,38.0,0.0,22.8
54689_G_1,1,21,38.0,0.0,22.8
54689_G_1,1,22,38.0,0.0,22.8
54689_G_1,1,23,38.0,0.0,22.8
54689_G_1,1,24,38.0,0.0,22.8
54689_G_1,1,25,38.0,0.0,22.8
54689_G_2,1,1,5.0,0.0,0.0
54689_G_2,1,2,5.0,0.0,0.0
54689_G_2,1,3,5.0,0.0,0.0
54689_G_2,1,4,5.0,0.0,0.0
54689_G_2,1,5,5.0,0.0,0.0
54689_G_2,1,6,5.0,0.0,0.0
54689_G_2,1,7,5.0,0.0,0.0
54689_G_2,1,8,5.0,0.0,0.0
54689_G_2,1,9,3.71,1.29,0.0
54689_G_2,1,10,2.0,0.0,0.0
54689_G_2,1,11,2.0,0.0,0.0
54689_G_2,1,12,3.29,0.0,0.0
54689_G_2,1,13,5.0,0.0,0.0
54689_G_2,1,14,5.0,0.0,0.0
54689_G_2,1,15,5.0,0.0,0.0
54689_G_2,1,16,5.0,0.0,0.0
54689_G_2,1,17,5.0,0.0,0.0
54689_G_2,1,18,5.0,0.0,0.0
54689_G_2,1,19,5.0,0.0,0.0
54689_G_2,1,20,5.0,0.0,0.0
54689_G_2,1,21,5.0,0.0,0.0
54689_G_2,1,22,5.0,0.0,0.0
54689_G_2,1,23,5.0,0.0,0.0
54689_G_2,1,24,5.0,0.0,0.0
54689_G_2,1,25,5.0,0.0,0.0
54689_G_3,1,1,2.5,0.0,0.0
54689_G_3,1,2,2.5,0.0,0.0
54689_G_3,1,3,2.5,0.0,0.0
54689_G_3,1,4,2.5,0.0,0.0
54689_G_3,1,5,2.5,0.0,0.0
54689_G_3,1,6,2.5,0.0,0.0
54689_G_3,1,7,2.5,0.0,0.0
54689_G_3,1,8,2.5,0.0,0.0
54689_G_3,1,9,2.5,0.0,0.0
54689_G_3,1,10,1.645,0.0,0.0
54689_G_3,1,11,1.0,0.0,0.0
54689_G_3,1,12,1.645,0.855,0.0
54689_G_3,1,13,2.5,0.0,0.0
54689_G_3,1,14,2.5,0.0,0.0
54689_G_3,1,15,2.5,0.0,0.0
54689_G_3,1,16,2.5,0.0,0.0
54689_G_3,1,17,2.5,0.0,0.0
54689_G_3,1,18,2.5,0.0,0.0
54689_G_3,1,19,2.5,0.0,0.0
54689_G_3,1,20,2.5,0.0,0.0
54689_G_3,1,21,2.5,0.0,0.0
54689_G_3,1,22,2.5,0.0,0.0
54689_G_3,1,23,2.5,0.0,0.0
54689_G_3,1,24,2.5,0.0,0.0
54689_G_3,1,25,2.5,0.0,0.0
54724_G_OEC21,1,1,11.5,0.0,0.0
54724_G_OEC21,1,2,11.5,0.0,0.0
54724_G_OEC21,1,3,11.5,0.0,0.0
54724_G_OEC21,1,4,11.5,0.0,0.0
54724_G_OEC21,1,5,11.5,0.0,0.0
54724_G_OEC21,1,6,11.5,0.0,0.0
54724_G_OEC21,1,7,11.5,0.0,6.8999999999999995
54724_G_OEC21,1,8,11.5,0.0,0.0
54724_G_OEC21,1,9,11.5,0.0,6.8999999999999995
54724_G_OEC21,1,10,7.566999999999999,3.9330000000000007,2.9669999999999987
54724_G_OEC21,1,11,7.567,3.933,2.9669999999999996
54724_G_OEC21,1,12,11.5,0.0,0.0
54724_G_OEC21,1,13,11.5,0.0,0.0
54724_G_OEC21,1,14,11.5,0.0,6.859722303068752
54724_G_OEC21,1,15,11.5,0.0,6.899999999999999
54724_G_OEC21,1,16,11.5,0.0,6.8999999999999995
54724_G_OEC21,1,17,11.5,0.0,6.8999999999999995
54724_G_OEC21,1,18,11.5,0.0,6.8999999999999995
54724_G_OEC21,1,19,11.5,0.0,6.8999999999999995
54724_G_OEC21,1,20,11.5,0.0,0.0
54724_G_OEC21,1,21,11.5,0.0,0.0
54724_G_OEC21,1,22,11.5,0.0,0.0
54724_G_OEC21,1,23,11.5,0.0,0.0
54724_G_OEC21,1,24,11.5,0.0,0.0
54724_G_OEC21,1,25,11.5,0.0,0.0
54724_G_OEC22,1,1,8.5,0.0,0.0
54724_G_OEC22,1,2,8.5,0.0,0.0
54724_G_OEC22,1,3,8.5,0.0,0.0
54724_G_OEC22,1,4,8.5,0.0,0.0
54724_G_OEC22,1,5,8.5,0.0,0.0
54724_G_OEC22,1,6,8.5,0.0,0.0
54724_G_OEC22,1,7,8.5,0.0,0.0
54724_G_OEC22,1,8,8.5,0.0,0.0
54724_G_OEC22,1,9,8.5,0.0,0.0
54724_G_OEC22,1,10,5.593,2.907,2.1929999999999996
54724_G_OEC22,1,11,3.4000000000000004,5.1,0.0
54724_G_OEC22,1,12,5.593,2.9070000000000022,0.0
54724_G_OEC22,1,13,8.5,0.0,0.0
54724_G_OEC22,1,14,8.5,0.0,0.0
54724_G_OEC22,1,15,8.5,0.0,0.0
54724_G_OEC22,1,16,8.5,0.0,0.0
54724_G_OEC22,1,17,8.5,0.0,0.0
54724_G_OEC22,1,18,8.5,0.0,0.0
54724_G_OEC22,1,19,8.5,0.0,0.0
54724_G_OEC22,1,20,8.5,0.0,0.0
54724_G_OEC22,1,21,8.5,0.0,0.0
54724_G_OEC22,1,22,8.5,0.0,0.0
54724_G_OEC22,1,23,8.5,0.0,0.0
54724_G_OEC22,1,24,8.5,0.0,0.0
54724_G_OEC22,1,25,8.5,0.0,0.0
54749_G_CTG,1,1,16.0,0.0,0.0
54749_G_CTG,1,2,16.0,0.0,0.0
54749_G_CTG,1,3,16.0,0.0,0.0
54749_G_CTG,1,4,16.0,0.0,0.0
54749_G_CTG,1,5,16.0,0.0,0.0
54749_G_CTG,1,6,16.0,0.0,0.0
54749_G_CTG,1,7,40.0,0.0,0.0
54749_G_CTG,1,8,16.0,0.0,0.0
54749_G_CTG,1,9,16.0,0.0,0.0
54749_G_CTG,1,10,16.0,0.0,0.0
54749_G_CTG,1,11,16.0,0.0,0.0
54749_G_CTG,1,12,16.0,0.0,0.0
54749_G_CTG,1,13,16.0,0.0,0.0
54749_G_CTG,1,14,16.0,0.0,0.0
54749_G_CTG,1,15,16.0,0.0,0.0
54749_G_CTG,1,16,16.0,0.0,0.0
54749_G_CTG,1,17,40.0,0.0,0.0
54749_G_CTG,1,18,40.0,0.0,0.0
54749_G_CTG,1,19,40.0,0.0,0.0
54749_G_CTG,1,20,40.0,0.0,0.0
54749_G_CTG,1,21,40.0,0.0,0.0
54749_G_CTG,1,22,40.0,0.0,0.0
54749_G_CTG,1,23,40.0,0.0,0.0
54749_G_CTG,1,24,40.0,0.0,0.0
54749_G_CTG,1,25,16.0,0.0,0.0
54749_G_STG,1,1,3.76,0.0,0.0
54749_G_STG,1,2,3.76,0.0,0.0
54749_G_STG,1,3,3.76,0.0,0.0
54749_G_STG,1,4,3.76,0.0,0.0
54749_G_STG,1,5,3.76,0.0,0.0
54749_G_STG,1,6,3.76,0.0,0.0
54749_G_STG,1,7,9.4,0.0,0.0
54749_G_STG,1,8,3.76,0.0,0.0
54749_G_STG,1,9,3.76,0.0,0.0
54749_G_STG,1,10,3.76,0.0,0.0
54749_G_STG,1,11,3.76,0.0,0.0
54749_G_STG,1,12,3.76,0.0,0.0
54749_G_STG,1,13,3.76,0.0,0.0
54749_G_STG,1,14,3.76,0.0,0.0
54749_G_STG,1,15,3.76,0.0,0.0
54749_G_STG,1,16,3.76,0.0,0.0
54749_G_STG,1,17,9.4,0.0,0.0
54749_G_STG,1,18,9.4,0.0,0.0
54749_G_STG,1,19,9.4,0.0,0.0
54749_G_STG,1,20,9.4,0.0,0.0
54749_G_STG,1,21,9.4,0.0,0.0
54749_G_STG,1,22,9.4,0.0,0.0
54749_G_STG,1,23,9.4,0.0,0.0
54749_G_STG,1,24,9.4,0.0,0.0
54749_G_STG,1,25,3.76,0.0,0.0
54996_G_4100,1,1,44.0,0.0,0.0
54996_G_4100,1,2,44.0,0.0,0.0
54996_G_4100,1,3,44.0,0.0,0.0
54996_G_4100,1,4,44.0,0.0,0.0
54996_G_4100,1,5,44.0,0.0,0.0
54996_G_4100,1,6,44.0,0.0,0.0
54996_G_4100,1,7,44.0,0.0,26.4
54996_G_4100,1,8,44.0,0.0,4.2096719310453405
54996_G_4100,1,9,44.0,0.0,26.4
54996_G_4100,1,10,28.951999999999998,15.048000000000012,11.352000000000016
54996_G_4100,1,11,28.95199999999999,15.048000000000048,11.35200000000001
54996_G_4100,1,12,44.0,0.0,16.74888325237314
54996_G_4100,1,13,44.0,0.0,24.48153456357992
54996_G_4100,1,14,44.0,0.0,26.4
54996_G_4100,1,15,44.0,0.0,26.4
54996_G_4100,1,16,44.0,0.0,26.4
54996_G_4100,1,17,44.0,0.0,26.4
54996_G_4100,1,18,44.0,0.0,26.4
54996_G_4100,1,19,44.0,0.0,26.4
54996_G_4100,1,20,44.0,0.0,24.983625452343865
54996_G_4100,1,21,44.0,0.0,21.610068450491987
54996_G_4100,1,22,44.0,0.0,24.761074311506356
54996_G_4100,1,23,44.0,0.0,18.842705910905728
54996_G_4100,1,24,44.0,0.0,15.368097925966199
54996_G_4100,1,25,44.0,0.0,0.0
55084_G_GE1,1,1,247.4,0.0,0.0
55084_G_GE1,1,2,247.4,0.0,0.0
55084_G_GE1,1,3,247.4,0.0,0.0
55084_G_GE1,1,4,247.4,0.0,0.0
55084_G_GE1,1,5,247.4,0.0,0.0
55084_G_GE1,1,6,247.4,0.0,0.0
55084_G_GE1,1,7,247.4,0.0,0.0
55084_G_GE1,1,8,177.63320000000002,69.76679999999999,0.0
55084_G_GE1,1,9,98.96000000000001,84.43790376576516,0.0
55084_G_GE1,1,10,98.96,0.0,0.0
55084_G_GE1,1,11,98.96,0.0,0.0
55084_G_GE1,1,12,98.96000000000001,0.0,0.0
55084_G_GE1,1,13,177.6332000000002,69.76679999999992,0.0
55084_G_GE1,1,14,247.4,0.0,0.0
55084_G_GE1,1,15,247.4,0.0,0.0
55084_G_GE1,1,16,247.4,0.0,0.0
55084_G_GE1,1,17,247.4,0.0,0.0
55084_G_GE1,1,18,247.4,0.0,0.0
55084_G_GE1,1,19,247.4,0.0,0.0
55084_G_GE1,1,20,247.4,0.0,0.0
55084_G_GE1,1,21,247.4,0.0,0.0
55084_G_GE1,1,22,247.4,0.0,0.0
55084_G_GE1,1,23,247.4,0.0,0.0
55084_G_GE1,1,24,247.4,0.0,0.0
55084_G_GE1,1,25,247.4,0.0,0.0
55112_G_CT01,1,1,70.0,0.0,0.0
55112_G_CT01,1,2,70.0,0.0,0.0
55112_G_CT01,1,3,70.0,0.0,0.0
55112_G_CT01,1,4,70.0,0.0,0.0
55112_G_CT01,1,5,70.0,0.0,0.0
55112_G_CT01,1,6,125.65,8.724623036127241,0.0
55112_G_CT01,1,7,125.65,0.0,0.0
55112_G_CT01,1,8,70.0,0.0,0.0
55112_G_CT01,1,9,70.0,0.0,0.0
55112_G_CT01,1,10,70.0,0.0,0.0
55112_G_CT01,1,11,70.0,0.0,0.0
55112_G_CT01,1,12,70.0,0.0,0.0
55112_G_CT01,1,13,70.0,0.0,0.0
55112_G_CT01,1,14,70.0,0.0,0.0
55112_G_CT01,1,15,70.0,0.0,0.0
55112_G_CT01,1,16,119.35,0.0,0.0
55112_G_CT01,1,17,175.0,0.0,0.0
55112_G_CT01,1,18,175.0,0.0,0.0
55112_G_CT01,1,19,175.0,0.0,0.0
55112_G_CT01,1,20,175.0,0.0,0.0
55112_G_CT01,1,21,175.0,0.0,0.0
55112_G_CT01,1,22,175.0,0.0,0.0
55112_G_CT01,1,23,175.0,0.0,0.0
55112_G_CT01,1,24,175.0,0.0,0.0
55112_G_CT01,1,25,70.0,0.0,0.0
55112_G_CT02,1,1,70.0,0.0,0.0
55112_G_CT02,1,2,70.0,0.0,0.0
55112_G_CT02,1,3,70.0,0.0,0.0
55112_G_CT02,1,4,70.0,0.0,0.0
55112_G_CT02,1,5,70.0,0.0,0.0
55112_G_CT02,1,6,125.65000000000005,0.0,0.0
55112_G_CT02,1,7,125.65,0.0,0.0
55112_G_CT02,1,8,70.0,0.0,0.0
55112_G_CT02,1,9,70.0,0.0,0.0
55112_G_CT02,1,10,70.0,0.0,0.0
55112_G_CT02,1,11,70.0,0.0,0.0
55112_G_CT02,1,12,70.0,0.0,0.0
55112_G_CT02,1,13,70.0,0.0,0.0
55112_G_CT02,1,14,70.0,0.0,0.0
55112_G_CT02,1,15,70.0,0.0,0.0
55112_G_CT02,1,16,119.35,0.0,0.0
55112_G_CT02,1,17,175.0,0.0,0.0
55112_G_CT02,1,18,175.0,0.0,0.0
55112_G_CT02,1,19,175.0,0.0,0.0
55112_G_CT02,1,20,175.0,0.0,0.0
55112_G_CT02,1,21,175.0,0.0,0.0
55112_G_CT02,1,22,175.0,0.0,0.0
55112_G_CT02,1,23,175.0,0.0,0.0
55112_G_CT02,1,24,175.0,0.0,0.0
55112_G_CT02,1,25,70.0,0.0,0.0
55112_G_ST01,1,1,72.0,0.0,0.0
55112_G_ST01,1,2,72.0,0.0,0.0
55112_G_ST01,1,3,72.0,0.0,0.0
55112_G_ST01,1,4,72.0,0.0,0.0
55112_G_ST01,1,5,72.0,0.0,0.0
55112_G_ST01,1,6,129.24,50.75999999999999,0.0
55112_G_ST01,1,7,129.24,0.0,0.0
55112_G_ST01,1,8,72.0,0.0,0.0
55112_G_ST01,1,9,72.0,0.0,0.0
55112_G_ST01,1,10,72.0,0.0,0.0
55112_G_ST01,1,11,72.0,0.0,0.0
55112_G_ST01,1,12,72.0,0.0,0.0
55112_G_ST01,1,13,72.0,0.0,0.0
55112_G_ST01,1,14,72.0,0.0,0.0
55112_G_ST01,1,15,72.0,0.0,0.0
55112_G_ST01,1,16,122.75999999999999,0.0,0.0
55112_G_ST01,1,17,180.0,0.0,0.0
55112_G_ST01,1,18,180.0,0.0,0.0
55112_G_ST01,1,19,180.0,0.0,0.0
55112_G_ST01,1,20,180.0,0.0,0.0
55112_G_ST01,1,21,180.0,0.0,0.0
55112_G_ST01,1,22,180.0,0.0,0.0
55112_G_ST01,1,23,180.0,0.0,0.0
55112_G_ST01,1,24,180.0,0.0,0.0
55112_G_ST01,1,25,72.0,0.0,0.0
55151_G_GEN1,1,1,174.97660000000002,68.72339999999997,0.0
55151_G_GEN1,1,2,97.48000000000002,0.0,0.0
55151_G_GEN1,1,3,97.48000000000002,0.0,0.0
55151_G_GEN1,1,4,174.97660000000016,68.72339999999997,0.0
55151_G_GEN1,1,5,237.25245825525104,6.447541744745308,0.0
55151_G_GEN1,1,6,243.69999999999635,0.0,0.0
55151_G_GEN1,1,7,243.7,0.0,0.0
55151_G_GEN1,1,8,166.2034,0.0,0.0
55151_G_GEN1,1,9,97.48000000000002,0.0,0.0
55151_G_GEN1,1,10,97.48,0.0,0.0
55151_G_GEN1,1,11,97.48,0.0,0.0
55151_G_GEN1,1,12,97.48000000000002,0.0,0.0
55151_G_GEN1,1,13,97.48,0.0,0.0
55151_G_GEN1,1,14,97.48000000000002,0.0,0.0
55151_G_GEN1,1,15,166.2033999999999,0.0,0.0
55151_G_GEN1,1,16,243.7,0.0,0.0
55151_G_GEN1,1,17,243.7,0.0,0.0
55151_G_GEN1,1,18,243.7,0.0,0.0
55151_G_GEN1,1,19,243.7,0.0,0.0
55151_G_GEN1,1,20,243.7,0.0,0.0
55151_G_GEN1,1,21,243.6999999999927,0.0,0.0
55151_G_GEN1,1,22,243.69999999999635,0.0,0.0
55151_G_GEN1,1,23,243.7,0.0,0.0
55151_G_GEN1,1,24,243.7,0.0,0.0
55151_G_GEN1,1,25,97.48000000000002,0.0,0.0
55151_G_GEN2,1,1,241.6,0.0,0.0
55151_G_GEN2,1,2,164.77120000000002,0.0,0.0
55151_G_GEN2,1,3,164.7712,0.0,0.0
55151_G_GEN2,1,4,241.6,0.0,0.0
55151_G_GEN2,1,5,241.6,0.0,0.0
55151_G_GEN2,1,6,241.6,0.0,0.0
55151_G_GEN2,1,7,241.6,0.0,0.0
55151_G_GEN2,1,8,164.77120000000002,0.0,0.0
55151_G_GEN2,1,9,96.64000000000001,0.0,0.0
55151_G_GEN2,1,10,96.64,0.0,0.0
55151_G_GEN2,1,11,96.64,0.0,0.0
55151_G_GEN2,1,12,96.64000000000001,0.0,0.0
55151_G_GEN2,1,13,96.64,0.0,0.0
55151_G_GEN2,1,14,96.64000000000001,0.0,0.0
55151_G_GEN2,1,15,164.7712,0.0,0.0
55151_G_GEN2,1,16,241.6,0.0,0.0
55151_G_GEN2,1,17,241.6,0.0,0.0
55151_G_GEN2,1,18,241.6,0.0,0.0
55151_G_GEN2,1,19,241.6,0.0,0.0
55151_G_GEN2,1,20,241.6,0.0,0.0
55151_G_GEN2,1,21,241.6,0.0,0.0
55151_G_GEN2,1,22,241.6,0.0,0.0
55151_G_GEN2,1,23,241.6,0.0,0.0
55151_G_GEN2,1,24,241.6,0.0,0.0
55151_G_GEN2,1,25,96.64000000000001,0.0,0.0
55151_G_GEN3,1,1,94.96000000000001,0.0,0.0
55151_G_GEN3,1,2,94.96,0.0,0.0
55151_G_GEN3,1,3,94.96000000000001,0.0,0.0
55151_G_GEN3,1,4,94.96000000000001,0.0,0.0
55151_G_GEN3,1,5,161.90679999999986,4.1937690288825,0.0
55151_G_GEN3,1,6,237.4,0.0,0.0
55151_G_GEN3,1,7,237.4,0.0,0.0
55151_G_GEN3,1,8,161.90680000000003,0.0,0.0
55151_G_GEN3,1,9,94.96000000000001,0.0,0.0
55151_G_GEN3,1,10,94.96,0.0,0.0
55151_G_GEN3,1,11,94.96,0.0,0.0
55151_G_GEN3,1,12,94.96000000000001,0.0,0.0
55151_G_GEN3,1,13,94.96,0.0,0.0
55151_G_GEN3,1,14,94.96000000000001,0.0,0.0
55151_G_GEN3,1,15,161.9068,0.0,0.0
55151_G_GEN3,1,16,237.4,0.0,0.0
55151_G_GEN3,1,17,237.4,0.0,0.0
55151_G_GEN3,1,18,237.4,0.0,0.0
55151_G_GEN3,1,19,237.4,0.0,0.0
55151_G_GEN3,1,20,237.4,0.0,0.0
55151_G_GEN3,1,21,237.4,0.0,0.0
55151_G_GEN3,1,22,237.4,0.0,0.0
55151_G_GEN3,1,23,237.4,0.0,0.0
55151_G_GEN3,1,24,237.4,0.0,0.0
55151_G_GEN3,1,25,94.96000000000001,0.0,0.0
55151_G_GEN4,1,1,242.7,0.0,0.0
55151_G_GEN4,1,2,165.52139999999997,0.0,0.0
55151_G_GEN4,1,3,165.52139999999997,0.0,0.0
55151_G_GEN4,1,4,242.7,0.0,0.0
55151_G_GEN4,1,5,242.7,0.0,0.0
55151_G_GEN4,1,6,242.7,0.0,0.0
55151_G_GEN4,1,7,242.7,0.0,0.0
55151_G_GEN4,1,8,165.52139999999997,0.0,0.0
55151_G_GEN4,1,9,97.08,0.0,0.0
55151_G_GEN4,1,10,97.07999999999998,0.0,0.0
55151_G_GEN4,1,11,97.08,0.0,0.0
55151_G_GEN4,1,12,97.07999999999998,0.0,0.0
55151_G_GEN4,1,13,97.07999999999998,0.0,0.0
55151_G_GEN4,1,14,97.07999999999998,0.0,0.0
55151_G_GEN4,1,15,165.52139999999997,0.0,0.0
55151_G_GEN4,1,16,242.7,0.0,0.0
55151_G_GEN4,1,17,242.7,0.0,0.0
55151_G_GEN4,1,18,242.7,0.0,0.0
55151_G_GEN4,1,19,242.7,0.0,0.0
55151_G_GEN4,1,20,242.7,0.0,0.0
55151_G_GEN4,1,21,242.7,0.0,0.0
55151_G_GEN4,1,22,242.7,0.0,0.0
55151_G_GEN4,1,23,242.7,0.0,0.0
55151_G_GEN4,1,24,242.7,0.0,0.0
55151_G_GEN4,1,25,97.07999999999998,0.0,0.0
55182_G_STG,1,1,134.1488145983575,18.54755989643978,0.0
55182_G_STG,1,2,98.0,0.0,0.0
55182_G_STG,1,3,98.0,0.0,0.0
55182_G_STG,1,4,98.0,12.227237880600228,0.0
55182_G_STG,1,5,167.09,77.91,0.0
55182_G_STG,1,6,245.0,0.0,0.0
55182_G_STG,1,7,245.0,0.0,0.0
55182_G_STG,1,8,167.09,0.0,0.0
55182_G_STG,1,9,98.0,0.0,0.0
55182_G_STG,1,10,98.0,0.0,0.0
55182_G_STG,1,11,98.0,0.0,0.0
55182_G_STG,1,12,98.0,0.0,0.0
55182_G_STG,1,13,98.0,0.0,0.0
55182_G_STG,1,14,98.0,0.0,0.0
55182_G_STG,1,15,167.09,0.0,0.0
55182_G_STG,1,16,245.0,0.0,0.0
55182_G_STG,1,17,245.0,0.0,0.0
55182_G_STG,1,18,245.0,0.0,0.0
55182_G_STG,1,19,245.0,0.0,0.0
55182_G_STG,1,20,245.0,0.0,0.0
55182_G_STG,1,21,245.0,0.0,0.0
55182_G_STG,1,22,245.0,0.0,0.0
55182_G_STG,1,23,245.0,0.0,0.0
55182_G_STG,1,24,245.0,0.0,0.0
55182_G_STG,1,25,98.0,0.0,0.0
55182_G_X718,1,1,107.7,42.3,0.0
55182_G_X718,1,2,60.0,0.0,0.0
55182_G_X718,1,3,60.0,0.0,0.0
55182_G_X718,1,4,103.25867369541882,46.74132630458118,0.0
55182_G_X718,1,5,102.30000000000001,47.7,0.0
55182_G_X718,1,6,150.0,0.0,0.0
55182_G_X718,1,7,150.0,0.0,0.0
55182_G_X718,1,8,102.29999999999997,0.0,0.0
55182_G_X718,1,9,60.0,0.0,0.0
55182_G_X718,1,10,60.0,0.0,0.0
55182_G_X718,1,11,60.0,0.0,0.0
55182_G_X718,1,12,60.0,0.0,0.0
55182_G_X718,1,13,60.0,0.0,0.0
55182_G_X718,1,14,60.0,0.0,0.0
55182_G_X718,1,15,102.3,0.0,0.0
55182_G_X718,1,16,150.0,0.0,0.0
55182_G_X718,1,17,150.0,0.0,0.0
55182_G_X718,1,18,150.0,0.0,0.0
55182_G_X718,1,19,150.0,0.0,0.0
55182_G_X718,1,20,150.0,0.0,0.0
55182_G_X718,1,21,150.0,0.0,0.0
55182_G_X718,1,22,150.0,0.0,0.0
55182_G_X718,1,23,150.0,0.0,0.0
55182_G_X718,1,24,150.0,0.0,0.0
55182_G_X718,1,25,60.0,0.0,0.0
55182_G_X719,1,1,60.0,0.0,0.0
55182_G_X719,1,2,60.0,0.0,0.0
55182_G_X719,1,3,60.0,0.0,0.0
55182_G_X719,1,4,60.0,0.0,0.0
55182_G_X719,1,5,102.29999999999987,0.0,0.0
55182_G_X719,1,6,150.0,0.0,0.0
55182_G_X719,1,7,150.0,0.0,0.0
55182_G_X719,1,8,102.3,0.0,0.0
55182_G_X719,1,9,60.0,0.0,0.0
55182_G_X719,1,10,60.0,0.0,0.0
55182_G_X719,1,11,60.0,0.0,0.0
55182_G_X719,1,12,60.0,0.0,0.0
55182_G_X719,1,13,60.0,0.0,0.0
55182_G_X719,1,14,60.0,0.0,0.0
55182_G_X719,1,15,102.3,0.0,0.0
55182_G_X719,1,16,150.0,0.0,0.0
55182_G_X719,1,17,150.0,0.0,0.0
55182_G_X719,1,18,150.0,0.0,0.0
55182_G_X719,1,19,150.0,0.0,0.0
55182_G_X719,1,20,150.0,0.0,0.0
55182_G_X719,1,21,150.0,0.0,0.0
55182_G_X719,1,22,150.0,0.0,0.0
55182_G_X719,1,23,150.0,0.0,0.0
55182_G_X719,1,24,150.0,0.0,0.0
55182_G_X719,1,25,60.0,0.0,0.0
55217_G_CTG1,1,1,165.0,0.0,0.0
55217_G_CTG1,1,2,165.0,0.0,0.0
55217_G_CTG1,1,3,165.0,0.0,0.0
55217_G_CTG1,1,4,165.0,0.0,0.0
55217_G_CTG1,1,5,165.0,0.0,0.0
55217_G_CTG1,1,6,165.0,0.0,0.0
55217_G_CTG1,1,7,165.0,0.0,0.0
55217_G_CTG1,1,8,112.53,7.793133083753162,0.0
55217_G_CTG1,1,9,66.0,0.0,0.0
55217_G_CTG1,1,10,66.0,0.0,0.0
55217_G_CTG1,1,11,66.0,0.0,0.0
55217_G_CTG1,1,12,66.0,0.0,0.0
55217_G_CTG1,1,13,118.4699999999928,38.15001534021138,0.0
55217_G_CTG1,1,14,165.0,0.0,0.0
55217_G_CTG1,1,15,164.99999999997817,0.0,0.0
55217_G_CTG1,1,16,165.0,0.0,0.0
55217_G_CTG1,1,17,165.0,0.0,0.0
55217_G_CTG1,1,18,165.0,0.0,0.0
55217_G_CTG1,1,19,165.0,0.0,0.0
55217_G_CTG1,1,20,165.0,0.0,0.0
55217_G_CTG1,1,21,165.0,0.0,0.0
55217_G_CTG1,1,22,165.0,0.0,0.0
55217_G_CTG1,1,23,165.0,0.0,0.0
55217_G_CTG1,1,24,165.0,0.0,0.0
55217_G_CTG1,1,25,165.0,0.0,0.0
55217_G_CTG2,1,1,165.0,0.0,0.0
55217_G_CTG2,1,2,165.0,0.0,0.0
55217_G_CTG2,1,3,165.0,0.0,0.0
55217_G_CTG2,1,4,165.0,0.0,0.0
55217_G_CTG2,1,5,165.0,0.0,0.0
55217_G_CTG2,1,6,165.0,0.0,0.0
55217_G_CTG2,1,7,165.0,0.0,0.0
55217_G_CTG2,1,8,112.53,0.0,0.0
55217_G_CTG2,1,9,66.0,0.0,0.0
55217_G_CTG2,1,10,66.0,0.0,0.0
55217_G_CTG2,1,11,66.0,0.0,0.0
55217_G_CTG2,1,12,66.0,0.0,0.0
55217_G_CTG2,1,13,118.47000000000001,0.0,0.0
55217_G_CTG2,1,14,165.0,0.0,0.0
55217_G_CTG2,1,15,165.0,0.0,0.0
55217_G_CTG2,1,16,165.0,0.0,0.0
55217_G_CTG2,1,17,165.0,0.0,0.0
55217_G_CTG2,1,18,165.0,0.0,0.0
55217_G_CTG2,1,19,165.0,0.0,0.0
55217_G_CTG2,1,20,165.0,0.0,0.0
55217_G_CTG2,1,21,165.0,0.0,0.0
55217_G_CTG2,1,22,165.0,0.0,0.0
55217_G_CTG2,1,23,165.0,0.0,0.0
55217_G_CTG2,1,24,165.0,0.0,0.0
55217_G_CTG2,1,25,165.0,0.0,0.0
55217_G_STG3,1,1,237.0,0.0,0.0
55217_G_STG3,1,2,237.0,0.0,0.0
55217_G_STG3,1,3,237.0,0.0,0.0
55217_G_STG3,1,4,237.0,0.0,0.0
55217_G_STG3,1,5,237.0,0.0,0.0
55217_G_STG3,1,6,237.0,0.0,0.0
55217_G_STG3,1,7,237.0,0.0,0.0
55217_G_STG3,1,8,161.63400000000001,75.36599999999999,0.0
55217_G_STG3,1,9,94.80000000000001,0.0,0.0
55217_G_STG3,1,10,94.8,0.0,0.0
55217_G_STG3,1,11,94.8,0.0,0.0
55217_G_STG3,1,12,94.80000000000001,0.0,0.0
55217_G_STG3,1,13,170.166,66.83400000000007,0.0
55217_G_STG3,1,14,237.0,0.0,0.0
55217_G_STG3,1,15,237.0,0.0,0.0
55217_G_STG3,1,16,237.0,0.0,0.0
55217_G_STG3,1,17,237.0,0.0,0.0
55217_G_STG3,1,18,237.0,0.0,0.0
55217_G_STG3,1,19,237.0,0.0,0.0
55217_G_STG3,1,20,237.0,0.0,0.0
55217_G_STG3,1,21,237.0,0.0,0.0
55217_G_STG3,1,22,237.0,0.0,0.0
55217_G_STG3,1,23,237.0,0.0,0.0
55217_G_STG3,1,24,237.0,0.0,0.0
55217_G_STG3,1,25,237.0,0.0,0.0
55295_G_CT1,1,1,62.6,0.0,0.0
55295_G_CT1,1,2,62.6,0.0,0.0
55295_G_CT1,1,3,62.599999999999994,0.0,0.0
55295_G_CT1,1,4,62.599999999999994,0.0,0.0
55295_G_CT1,1,5,106.73300000001245,0.0,0.0
55295_G_CT1,1,6,156.5,0.0,0.0
55295_G_CT1,1,7,112.367,0.0,0.0
55295_G_CT1,1,8,62.599999999999994,0.0,0.0
55295_G_CT1,1,9,62.599999999999994,0.0,0.0
55295_G_CT1,1,10,62.599999999999994,0.0,0.0
55295_G_CT1,1,11,62.599999999999994,0.0,0.0
55295_G_CT1,1,12,62.599999999999994,0.0,0.0
55295_G_CT1,1,13,62.599999999999994,0.0,0.0
55295_G_CT1,1,14,62.599999999999994,0.0,0.0
55295_G_CT1,1,15,106.73299999999985,0.0,0.0
55295_G_CT1,1,16,156.5,0.0,0.0
55295_G_CT1,1,17,156.5,0.0,0.0
55295_G_CT1,1,18,156.5,0.0,0.0
55295_G_CT1,1,19,156.5,0.0,0.0
55295_G_CT1,1,20,156.5,0.0,0.0
55295_G_CT1,1,21,156.5,0.0,0.0
55295_G_CT1,1,22,156.5,0.0,0.0
55295_G_CT1,1,23,156.5,0.0,0.0
55295_G_CT1,1,24,156.5,0.0,0.0
55295_G_CT1,1,25,62.599999999999994,0.0,0.0
55295_G_CT2,1,1,62.6,0.0,0.0
55295_G_CT2,1,2,62.6,0.0,0.0
55295_G_CT2,1,3,62.599999999999994,0.0,0.0
55295_G_CT2,1,4,62.6,0.0,0.0
55295_G_CT2,1,5,106.733,0.0,0.0
55295_G_CT2,1,6,156.5,0.0,0.0
55295_G_CT2,1,7,112.367,0.0,0.0
55295_G_CT2,1,8,62.599999999999994,0.0,0.0
55295_G_CT2,1,9,62.599999999999994,0.0,0.0
55295_G_CT2,1,10,62.6,0.0,0.0
55295_G_CT2,1,11,62.599999999999994,0.0,0.0
55295_G_CT2,1,12,62.6,0.0,0.0
55295_G_CT2,1,13,62.6,0.0,0.0
55295_G_CT2,1,14,62.6,0.0,0.0
55295_G_CT2,1,15,106.733,0.0,0.0
55295_G_CT2,1,16,156.5,0.0,0.0
55295_G_CT2,1,17,156.5,0.0,0.0
55295_G_CT2,1,18,156.5,0.0,0.0
55295_G_CT2,1,19,156.5,0.0,0.0
55295_G_CT2,1,20,156.5,0.0,0.0
55295_G_CT2,1,21,156.5,0.0,0.0
55295_G_CT2,1,22,156.5,0.0,0.0
55295_G_CT2,1,23,156.5,0.0,0.0
55295_G_CT2,1,24,156.5,0.0,0.0
55295_G_CT2,1,25,62.599999999999994,0.0,0.0
55295_G_ST1,1,1,80.4,0.0,0.0
55295_G_ST1,1,2,80.4,0.0,0.0
55295_G_ST1,1,3,80.4,0.0,0.0
55295_G_ST1,1,4,80.4,0.0,0.0
55295_G_ST1,1,5,137.082,0.0,0.0
55295_G_ST1,1,6,201.0,0.0,0.0
55295_G_ST1,1,7,144.318,0.0,0.0
55295_G_ST1,1,8,80.4,0.0,0.0
55295_G_ST1,1,9,80.4,0.0,0.0
55295_G_ST1,1,10,80.4,0.0,0.0
55295_G_ST1,1,11,80.4,0.0,0.0
55295_G_ST1,1,12,80.4,0.0,0.0
55295_G_ST1,1,13,80.4,0.0,0.0
55295_G_ST1,1,14,80.4,0.0,0.0
55295_G_ST1,1,15,137.082,0.0,0.0
55295_G_ST1,1,16,201.0,0.0,0.0
55295_G_ST1,1,17,201.0,0.0,0.0
55295_G_ST1,1,18,201.0,0.0,0.0
55295_G_ST1,1,19,201.0,0.0,0.0
55295_G_ST1,1,20,201.0,0.0,0.0
55295_G_ST1,1,21,201.0,0.0,0.0
55295_G_ST1,1,22,201.0,0.0,0.0
55295_G_ST1,1,23,201.0,0.0,0.0
55295_G_ST1,1,24,201.0,0.0,0.0
55295_G_ST1,1,25,80.4,0.0,0.0
55333_G_CTG1,1,1,70.4,0.0,0.0
55333_G_CTG1,1,2,70.4,0.0,0.0
55333_G_CTG1,1,3,70.4,0.0,0.0
55333_G_CTG1,1,4,70.4,0.0,0.0
55333_G_CTG1,1,5,120.03199999999997,0.0,0.0
55333_G_CTG1,1,6,176.0,0.0,0.0
55333_G_CTG1,1,7,126.36800000000001,0.0,0.0
55333_G_CTG1,1,8,70.4,0.0,0.0
55333_G_CTG1,1,9,70.4,0.0,0.0
55333_G_CTG1,1,10,70.4,0.0,0.0
55333_G_CTG1,1,11,70.4,0.0,0.0
55333_G_CTG1,1,12,70.4,0.0,0.0
55333_G_CTG1,1,13,70.4,0.0,0.0
55333_G_CTG1,1,14,70.4,0.0,0.0
55333_G_CTG1,1,15,70.4,0.0,0.0
55333_G_CTG1,1,16,126.36800000000001,0.0,0.0
55333_G_CTG1,1,17,176.0,0.0,0.0
55333_G_CTG1,1,18,176.0,0.0,0.0
55333_G_CTG1,1,19,176.0,0.0,0.0
55333_G_CTG1,1,20,176.0,0.0,0.0
55333_G_CTG1,1,21,176.0,0.0,0.0
55333_G_CTG1,1,22,176.0,0.0,0.0
55333_G_CTG1,1,23,176.0,0.0,0.0
55333_G_CTG1,1,24,176.0,0.0,0.0
55333_G_CTG1,1,25,70.4,0.0,0.0
55333_G_CTG2,1,1,66.0,0.0,0.0
55333_G_CTG2,1,2,66.0,0.0,0.0
55333_G_CTG2,1,3,66.0,0.0,0.0
55333_G_CTG2,1,4,66.0,0.0,0.0
55333_G_CTG2,1,5,112.53,0.0,0.0
55333_G_CTG2,1,6,165.0,0.0,0.0
55333_G_CTG2,1,7,118.47,0.0,0.0
55333_G_CTG2,1,8,66.0,0.0,0.0
55333_G_CTG2,1,9,66.0,0.0,0.0
55333_G_CTG2,1,10,66.0,0.0,0.0
55333_G_CTG2,1,11,66.0,0.0,0.0
55333_G_CTG2,1,12,66.0,0.0,0.0
55333_G_CTG2,1,13,66.0,0.0,0.0
55333_G_CTG2,1,14,66.0,0.0,0.0
55333_G_CTG2,1,15,66.0,0.0,0.0
55333_G_CTG2,1,16,118.47,43.69980332981197,0.0
55333_G_CTG2,1,17,165.0,0.0,0.0
55333_G_CTG2,1,18,165.0,0.0,0.0
55333_G_CTG2,1,19,165.0,0.0,0.0
55333_G_CTG2,1,20,165.0,0.0,0.0
55333_G_CTG2,1,21,165.0,0.0,0.0
55333_G_CTG2,1,22,165.0,0.0,0.0
55333_G_CTG2,1,23,165.0,0.0,0.0
55333_G_CTG2,1,24,165.0,0.0,0.0
55333_G_CTG2,1,25,66.0,0.0,0.0
55333_G_CTG3,1,1,66.0,0.0,0.0
55333_G_CTG3,1,2,66.0,0.0,0.0
55333_G_CTG3,1,3,66.0,0.0,0.0
55333_G_CTG3,1,4,66.0,0.0,0.0
55333_G_CTG3,1,5,112.53,0.0,0.0
55333_G_CTG3,1,6,165.0,0.0,0.0
55333_G_CTG3,1,7,118.47,0.0,0.0
55333_G_CTG3,1,8,66.0,0.0,0.0
55333_G_CTG3,1,9,66.0,0.0,0.0
55333_G_CTG3,1,10,66.0,0.0,0.0
55333_G_CTG3,1,11,66.0,0.0,0.0
55333_G_CTG3,1,12,66.0,0.0,0.0
55333_G_CTG3,1,13,66.0,0.0,0.0
55333_G_CTG3,1,14,66.0,0.0,0.0
55333_G_CTG3,1,15,66.0,0.0,0.0
55333_G_CTG3,1,16,118.47,0.0,0.0
55333_G_CTG3,1,17,165.0,0.0,0.0
55333_G_CTG3,1,18,165.0,0.0,0.0
55333_G_CTG3,1,19,165.0,0.0,0.0
55333_G_CTG3,1,20,165.0,0.0,0.0
55333_G_CTG3,1,21,165.0,0.0,0.0
55333_G_CTG3,1,22,165.0,0.0,0.0
55333_G_CTG3,1,23,165.0,0.0,0.0
55333_G_CTG3,1,24,165.0,0.0,0.0
55333_G_CTG3,1,25,66.0,0.0,0.0
55333_G_STG1,1,1,105.24000000000001,0.0,0.0
55333_G_STG1,1,2,105.24000000000001,0.0,0.0
55333_G_STG1,1,3,105.24000000000001,0.0,0.0
55333_G_STG1,1,4,105.24000000000001,0.0,0.0
55333_G_STG1,1,5,179.43420000000003,0.0,0.0
55333_G_STG1,1,6,263.1,0.0,0.0
55333_G_STG1,1,7,188.9058,0.0,0.0
55333_G_STG1,1,8,105.24000000000001,0.0,0.0
55333_G_STG1,1,9,105.24000000000001,0.0,0.0
55333_G_STG1,1,10,105.24,0.0,0.0
55333_G_STG1,1,11,105.24,0.0,0.0
55333_G_STG1,1,12,105.24000000000001,0.0,0.0
55333_G_STG1,1,13,105.24000000000001,0.0,0.0
55333_G_STG1,1,14,105.24000000000001,0.0,0.0
55333_G_STG1,1,15,105.24000000000001,0.0,0.0
55333_G_STG1,1,16,188.90580000000008,74.19420000000002,0.0
55333_G_STG1,1,17,263.1,0.0,0.0
55333_G_STG1,1,18,263.1,0.0,0.0
55333_G_STG1,1,19,263.1,0.0,0.0
55333_G_STG1,1,20,263.1,0.0,0.0
55333_G_STG1,1,21,263.1,0.0,0.0
55333_G_STG1,1,22,263.1,0.0,0.0
55333_G_STG1,1,23,263.1,0.0,0.0
55333_G_STG1,1,24,263.1,0.0,0.0
55333_G_STG1,1,25,105.24000000000001,0.0,0.0
55345_G_1-01,1,1,61.120000000000005,0.0,0.0
55345_G_1-01,1,2,61.120000000000005,0.0,0.0
55345_G_1-01,1,3,61.120000000000005,0.0,0.0
55345_G_1-01,1,4,61.120000000000005,0.0,0.0
55345_G_1-01,1,5,104.20960000000001,0.0,0.0
55345_G_1-01,1,6,152.8,0.0,0.0
55345_G_1-01,1,7,109.71040000000002,13.212564745870154,0.0
55345_G_1-01,1,8,61.12000000000001,0.0,0.0
55345_G_1-01,1,9,61.12000000000001,0.0,0.0
55345_G_1-01,1,10,61.12000000000001,0.0,0.0
55345_G_1-01,1,11,61.120000000000005,0.0,0.0
55345_G_1-01,1,12,61.12000000000001,0.0,0.0
55345_G_1-01,1,13,61.12000000000001,0.0,0.0
55345_G_1-01,1,14,61.120000000000005,0.0,0.0
55345_G_1-01,1,15,104.20960000000001,0.0,0.0
55345_G_1-01,1,16,152.8,0.0,0.0
55345_G_1-01,1,17,152.8,0.0,0.0
55345_G_1-01,1,18,152.8,0.0,0.0
55345_G_1-01,1,19,152.8,0.0,0.0
55345_G_1-01,1,20,152.8,0.0,0.0
55345_G_1-01,1,21,152.8,0.0,0.0
55345_G_1-01,1,22,152.8,0.0,0.0
55345_G_1-01,1,23,152.8,0.0,0.0
55345_G_1-01,1,24,152.8,0.0,0.0
55345_G_1-01,1,25,61.12000000000001,0.0,0.0
55345_G_1-02,1,1,61.120000000000005,0.0,0.0
55345_G_1-02,1,2,61.120000000000005,0.0,0.0
55345_G_1-02,1,3,61.120000000000005,0.0,0.0
55345_G_1-02,1,4,61.120000000000005,0.0,0.0
55345_G_1-02,1,5,104.20960000000001,0.0,0.0
55345_G_1-02,1,6,152.8,0.0,0.0
55345_G_1-02,1,7,109.71040000000002,43.08959999999999,0.0
55345_G_1-02,1,8,61.120000000000005,0.0,0.0
55345_G_1-02,1,9,61.120000000000005,0.0,0.0
55345_G_1-02,1,10,61.120000000000005,0.0,0.0
55345_G_1-02,1,11,61.120000000000005,0.0,0.0
55345_G_1-02,1,12,61.120000000000005,0.0,0.0
55345_G_1-02,1,13,61.120000000000005,0.0,0.0
55345_G_1-02,1,14,61.12000000000001,0.0,0.0
55345_G_1-02,1,15,104.20960000000001,0.0,0.0
55345_G_1-02,1,16,152.8,0.0,0.0
55345_G_1-02,1,17,152.8,0.0,0.0
55345_G_1-02,1,18,152.8,0.0,0.0
55345_G_1-02,1,19,152.8,0.0,0.0
55345_G_1-02,1,20,152.8,0.0,0.0
55345_G_1-02,1,21,152.8,0.0,0.0
55345_G_1-02,1,22,152.8,0.0,0.0
55345_G_1-02,1,23,152.8,0.0,0.0
55345_G_1-02,1,24,152.8,0.0,0.0
55345_G_1-02,1,25,61.12000000000001,0.0,0.0
55345_G_1-03,1,1,106.16,0.0,0.0
55345_G_1-03,1,2,106.16,0.0,0.0
55345_G_1-03,1,3,106.16,0.0,0.0
55345_G_1-03,1,4,106.16,0.0,0.0
55345_G_1-03,1,5,181.00279999999992,0.0,0.0
55345_G_1-03,1,6,265.4,0.0,0.0
55345_G_1-03,1,7,190.5572,0.0,0.0
55345_G_1-03,1,8,106.16,0.0,0.0
55345_G_1-03,1,9,106.16,0.0,0.0
55345_G_1-03,1,10,106.16,0.0,0.0
55345_G_1-03,1,11,106.16,0.0,0.0
55345_G_1-03,1,12,106.16,0.0,0.0
55345_G_1-03,1,13,106.16,0.0,0.0
55345_G_1-03,1,14,106.16,0.0,0.0
55345_G_1-03,1,15,181.00279999999998,0.0,0.0
55345_G_1-03,1,16,265.4,0.0,0.0
55345_G_1-03,1,17,265.4,0.0,0.0
55345_G_1-03,1,18,265.4,0.0,0.0
55345_G_1-03,1,19,265.4,0.0,0.0
55345_G_1-03,1,20,265.4,0.0,0.0
55345_G_1-03,1,21,265.4,0.0,0.0
55345_G_1-03,1,22,265.4,0.0,0.0
55345_G_1-03,1,23,265.4,0.0,0.0
55345_G_1-03,1,24,265.4,0.0,0.0
55345_G_1-03,1,25,106.16,0.0,0.0
55393_G_CTG1,1,1,172.0,0.0,0.0
55393_G_CTG1,1,2,172.0,0.0,0.0
55393_G_CTG1,1,3,172.0,0.0,0.0
55393_G_CTG1,1,4,172.0,0.0,0.0
55393_G_CTG1,1,5,172.0,0.0,0.0
55393_G_CTG1,1,6,172.0,0.0,0.0
55393_G_CTG1,1,7,172.0,0.0,0.0
55393_G_CTG1,1,8,117.30399999999999,0.0,0.0
55393_G_CTG1,1,9,68.8,0.0,0.0
55393_G_CTG1,1,10,68.8,0.0,0.0
55393_G_CTG1,1,11,68.8,0.0,0.0
55393_G_CTG1,1,12,68.8,0.0,0.0
55393_G_CTG1,1,13,68.8,0.0,0.0
55393_G_CTG1,1,14,68.8,0.0,0.0
55393_G_CTG1,1,15,117.30399999999999,0.0,0.0
55393_G_CTG1,1,16,172.0,0.0,0.0
55393_G_CTG1,1,17,171.99999999999955,0.0,0.0
55393_G_CTG1,1,18,172.0,0.0,0.0
55393_G_CTG1,1,19,172.0,0.0,0.0
55393_G_CTG1,1,20,172.0,0.0,0.0
55393_G_CTG1,1,21,172.0,0.0,0.0
55393_G_CTG1,1,22,172.0,0.0,0.0
55393_G_CTG1,1,23,172.0,0.0,0.0
55393_G_CTG1,1,24,172.0,0.0,0.0
55393_G_CTG1,1,25,68.8,0.0,0.0
55393_G_CTG2,1,1,172.0,0.0,0.0
55393_G_CTG2,1,2,117.3039999999999,54.69600000000014,0.0
55393_G_CTG2,1,3,117.3039999999999,54.69600000000014,0.0
55393_G_CTG2,1,4,172.0,0.0,0.0
55393_G_CTG2,1,5,172.0,0.0,0.0
55393_G_CTG2,1,6,172.0,0.0,0.0
55393_G_CTG2,1,7,172.0,0.0,0.0
55393_G_CTG2,1,8,117.30399999999999,0.0,0.0
55393_G_CTG2,1,9,68.8,0.0,0.0
55393_G_CTG2,1,10,68.8,0.0,0.0
55393_G_CTG2,1,11,68.8,0.0,0.0
55393_G_CTG2,1,12,68.8,0.0,0.0
55393_G_CTG2,1,13,68.8,0.0,0.0
55393_G_CTG2,1,14,68.8,0.0,0.0
55393_G_CTG2,1,15,117.30399999999982,0.0,0.0
55393_G_CTG2,1,16,172.0,0.0,0.0
55393_G_CTG2,1,17,172.0,0.0,0.0
55393_G_CTG2,1,18,172.0,0.0,0.0
55393_G_CTG2,1,19,172.0,0.0,0.0
55393_G_CTG2,1,20,172.0,0.0,0.0
55393_G_CTG2,1,21,172.0,0.0,0.0
55393_G_CTG2,1,22,172.0,0.0,0.0
55393_G_CTG2,1,23,171.9999999999999,0.0,0.0
55393_G_CTG2,1,24,172.0,0.0,0.0
55393_G_CTG2,1,25,68.8,0.0,0.0
55393_G_STG1,1,1,202.1,0.0,0.0
55393_G_STG1,1,2,137.8322,0.0,0.0
55393_G_STG1,1,3,137.8322,0.0,0.0
55393_G_STG1,1,4,202.1,0.0,0.0
55393_G_STG1,1,5,202.1,0.0,0.0
55393_G_STG1,1,6,202.1,0.0,0.0
55393_G_STG1,1,7,202.1,0.0,0.0
55393_G_STG1,1,8,137.8322,0.0,0.0
55393_G_STG1,1,9,80.84,0.0,0.0
55393_G_STG1,1,10,80.84,0.0,0.0
55393_G_STG1,1,11,80.84,0.0,0.0
55393_G_STG1,1,12,80.84,0.0,0.0
55393_G_STG1,1,13,80.84,0.0,0.0
55393_G_STG1,1,14,80.84,0.0,0.0
55393_G_STG1,1,15,137.83219999999983,0.0,0.0
55393_G_STG1,1,16,202.1,0.0,0.0
55393_G_STG1,1,17,202.1,0.0,0.0
55393_G_STG1,1,18,202.1,0.0,0.0
55393_G_STG1,1,19,202.1,0.0,0.0
55393_G_STG1,1,20,202.1,0.0,0.0
55393_G_STG1,1,21,202.1,0.0,0.0
55393_G_STG1,1,22,202.1,0.0,0.0
55393_G_STG1,1,23,202.1,0.0,0.0
55393_G_STG1,1,24,202.1,0.0,0.0
55393_G_STG1,1,25,80.84,0.0,0.0
55400_G_CTG1,1,1,156.0,0.0,0.0
55400_G_CTG1,1,2,156.0,0.0,0.0
55400_G_CTG1,1,3,156.0,0.0,0.0
55400_G_CTG1,1,4,156.0,0.0,0.0
55400_G_CTG1,1,5,156.0,0.0,0.0
55400_G_CTG1,1,6,156.0,0.0,0.0
55400_G_CTG1,1,7,156.0,0.0,0.0
55400_G_CTG1,1,8,106.39199999999997,0.0,0.0
55400_G_CTG1,1,9,62.40000000000001,0.0,0.0
55400_G_CTG1,1,10,62.400000000000006,0.0,0.0
55400_G_CTG1,1,11,62.40000000000001,0.0,0.0
55400_G_CTG1,1,12,62.40000000000001,0.0,0.0
55400_G_CTG1,1,13,62.40000000000001,0.0,0.0
55400_G_CTG1,1,14,112.00800000000001,0.0,0.0
55400_G_CTG1,1,15,106.39199999999992,0.0,0.0
55400_G_CTG1,1,16,156.0,0.0,0.0
55400_G_CTG1,1,17,156.0,0.0,0.0
55400_G_CTG1,1,18,156.0,0.0,0.0
55400_G_CTG1,1,19,156.0,0.0,0.0
55400_G_CTG1,1,20,156.0,0.0,0.0
55400_G_CTG1,1,21,156.0,0.0,0.0
55400_G_CTG1,1,22,156.0,0.0,0.0
55400_G_CTG1,1,23,156.0,0.0,0.0
55400_G_CTG1,1,24,156.0,0.0,0.0
55400_G_CTG1,1,25,156.0,0.0,0.0
55400_G_CTG2,1,1,156.0,0.0,0.0
55400_G_CTG2,1,2,156.0,0.0,0.0
55400_G_CTG2,1,3,156.0,0.0,0.0
55400_G_CTG2,1,4,156.0,0.0,0.0
55400_G_CTG2,1,5,156.0,0.0,0.0
55400_G_CTG2,1,6,156.0,0.0,0.0
55400_G_CTG2,1,7,156.0,0.0,0.0
55400_G_CTG2,1,8,106.392,0.0,0.0
55400_G_CTG2,1,9,62.40000000000001,0.0,0.0
55400_G_CTG2,1,10,62.400000000000006,0.0,0.0
55400_G_CTG2,1,11,62.400000000000006,0.0,0.0
55400_G_CTG2,1,12,62.40000000000001,0.0,0.0
55400_G_CTG2,1,13,62.400000000000006,0.0,0.0
55400_G_CTG2,1,14,112.00800000000001,0.0,0.0
55400_G_CTG2,1,15,106.392,21.563007930813257,0.0
55400_G_CTG2,1,16,156.0,0.0,0.0
55400_G_CTG2,1,17,156.0,0.0,0.0
55400_G_CTG2,1,18,156.0,0.0,0.0
55400_G_CTG2,1,19,156.0,0.0,0.0
55400_G_CTG2,1,20,156.0,0.0,0.0
55400_G_CTG2,1,21,156.0,0.0,0.0
55400_G_CTG2,1,22,156.0,0.0,0.0
55400_G_CTG2,1,23,156.0,0.0,0.0
55400_G_CTG2,1,24,156.0,0.0,0.0
55400_G_CTG2,1,25,156.0,0.0,0.0
55400_G_STG,1,1,213.0,0.0,0.0
55400_G_STG,1,2,213.0,0.0,0.0
55400_G_STG,1,3,213.0,0.0,0.0
55400_G_STG,1,4,213.0,0.0,0.0
55400_G_STG,1,5,213.0,0.0,0.0
55400_G_STG,1,6,213.0,0.0,0.0
55400_G_STG,1,7,213.0,0.0,0.0
55400_G_STG,1,8,145.26600000000002,0.0,0.0
55400_G_STG,1,9,85.2,0.0,0.0
55400_G_STG,1,10,85.2,0.0,0.0
55400_G_STG,1,11,85.2,0.0,0.0
55400_G_STG,1,12,85.2,0.0,0.0
55400_G_STG,1,13,85.2,0.0,0.0
55400_G_STG,1,14,152.934,0.0,0.0
55400_G_STG,1,15,145.26600000000002,0.0,0.0
55400_G_STG,1,16,213.0,0.0,0.0
55400_G_STG,1,17,213.0,0.0,0.0
55400_G_STG,1,18,213.0,0.0,0.0
55400_G_STG,1,19,213.0,0.0,0.0
55400_G_STG,1,20,213.0,0.0,0.0
55400_G_STG,1,21,213.0,0.0,0.0
55400_G_STG,1,22,213.0,0.0,0.0
55400_G_STG,1,23,213.0,0.0,0.0
55400_G_STG,1,24,213.0,0.0,0.0
55400_G_STG,1,25,213.0,0.0,0.0
55510_G_CPP4,1,1,0.0,0.0,0.0
55510_G_CPP4,1,2,0.0,0.0,0.0
55510_G_CPP4,1,3,0.0,0.0,0.0
55510_G_CPP4,1,4,0.0,0.0,0.0
55510_G_CPP4,1,5,0.0,0.0,0.0
55510_G_CPP4,1,6,0.0,0.0,0.0
55510_G_CPP4,1,7,0.0,0.0,0.0
55510_G_CPP4,1,8,0.0,0.0,0.0
55510_G_CPP4,1,9,0.0,0.0,0.0
55510_G_CPP4,1,10,0.0,0.0,0.0
55510_G_CPP4,1,11,0.0,0.0,0.0
55510_G_CPP4,1,12,0.0,0.0,0.0
55510_G_CPP4,1,13,0.0,0.0,0.0
55510_G_CPP4,1,14,0.0,0.0,0.0
55510_G_CPP4,1,15,0.0,0.0,0.0
55510_G_CPP4,1,16,0.0,0.0,0.0
55510_G_CPP4,1,17,0.0,0.0,0.0
55510_G_CPP4,1,18,0.0,0.0,0.0
55510_G_CPP4,1,19,0.0,0.0,0.0
55510_G_CPP4,1,20,0.0,0.0,0.0
55510_G_CPP4,1,21,0.0,0.0,0.0
55510_G_CPP4,1,22,0.0,0.0,0.0
55510_G_CPP4,1,23,0.0,0.0,0.0
55510_G_CPP4,1,24,0.0,0.0,0.0
55510_G_CPP4,1,25,0.0,0.0,0.0
55518_G_CTG1,1,1,66.92,0.0,0.0
55518_G_CTG1,1,2,66.92,0.0,0.0
55518_G_CTG1,1,3,66.92,0.0,0.0
55518_G_CTG1,1,4,66.92,0.0,0.0
55518_G_CTG1,1,5,114.0986,0.0,0.0
55518_G_CTG1,1,6,167.3,0.0,0.0
55518_G_CTG1,1,7,120.12140000000001,47.1786,0.0
55518_G_CTG1,1,8,66.92,0.0,0.0
55518_G_CTG1,1,9,66.92,0.0,0.0
55518_G_CTG1,1,10,66.92,0.0,0.0
55518_G_CTG1,1,11,66.92,0.0,0.0
55518_G_CTG1,1,12,66.92,0.0,0.0
55518_G_CTG1,1,13,66.92,0.0,0.0
55518_G_CTG1,1,14,66.92,0.0,0.0
55518_G_CTG1,1,15,114.0986,0.0,0.0
55518_G_CTG1,1,16,167.3,0.0,0.0
55518_G_CTG1,1,17,167.3,0.0,0.0
55518_G_CTG1,1,18,167.3,0.0,0.0
55518_G_CTG1,1,19,167.3,0.0,0.0
55518_G_CTG1,1,20,167.3,0.0,0.0
55518_G_CTG1,1,21,167.3,0.0,0.0
55518_G_CTG1,1,22,167.3,0.0,0.0
55518_G_CTG1,1,23,167.3,0.0,0.0
55518_G_CTG1,1,24,167.3,0.0,0.0
55518_G_CTG1,1,25,66.92,0.0,0.0
55518_G_CTG2,1,1,67.08,0.0,0.0
55518_G_CTG2,1,2,67.08,0.0,0.0
55518_G_CTG2,1,3,67.08,0.0,0.0
55518_G_CTG2,1,4,67.08,0.0,0.0
55518_G_CTG2,1,5,114.3714,0.0,0.0
55518_G_CTG2,1,6,167.7,0.0,0.0
55518_G_CTG2,1,7,160.56788109750158,7.132118902498405,0.0
55518_G_CTG2,1,8,107.23928109750157,0.0,0.0
55518_G_CTG2,1,9,67.08,0.0,0.0
55518_G_CTG2,1,10,67.08,0.0,0.0
55518_G_CTG2,1,11,67.08,0.0,0.0
55518_G_CTG2,1,12,67.08,0.0,0.0
55518_G_CTG2,1,13,67.08,0.0,0.0
55518_G_CTG2,1,14,67.08,0.0,0.0
55518_G_CTG2,1,15,114.37139999999984,0.0,0.0
55518_G_CTG2,1,16,167.7,0.0,0.0
55518_G_CTG2,1,17,167.7,0.0,0.0
55518_G_CTG2,1,18,167.7,0.0,0.0
55518_G_CTG2,1,19,167.7,0.0,0.0
55518_G_CTG2,1,20,167.7,0.0,0.0
55518_G_CTG2,1,21,167.7,0.0,0.0
55518_G_CTG2,1,22,167.7,0.0,0.0
55518_G_CTG2,1,23,167.7,0.0,0.0
55518_G_CTG2,1,24,167.7,0.0,0.0
55518_G_CTG2,1,25,67.08,0.0,0.0
55518_G_CTG3,1,1,67.0,0.0,0.0
55518_G_CTG3,1,2,67.0,0.0,0.0
55518_G_CTG3,1,3,67.0,0.0,0.0
55518_G_CTG3,1,4,67.0,0.0,0.0
55518_G_CTG3,1,5,114.235,0.0,0.0
55518_G_CTG3,1,6,167.5,0.0,0.0
55518_G_CTG3,1,7,167.5,0.0,0.0
55518_G_CTG3,1,8,114.235,0.0,0.0
55518_G_CTG3,1,9,67.0,0.0,0.0
55518_G_CTG3,1,10,67.0,0.0,0.0
55518_G_CTG3,1,11,67.0,0.0,0.0
55518_G_CTG3,1,12,67.0,0.0,0.0
55518_G_CTG3,1,13,67.0,0.0,0.0
55518_G_CTG3,1,14,67.0,0.0,0.0
55518_G_CTG3,1,15,114.235,0.0,0.0
55518_G_CTG3,1,16,167.5,0.0,0.0
55518_G_CTG3,1,17,167.5,0.0,0.0
55518_G_CTG3,1,18,167.5,0.0,0.0
55518_G_CTG3,1,19,167.5,0.0,0.0
55518_G_CTG3,1,20,167.5,0.0,0.0
55518_G_CTG3,1,21,167.5,0.0,0.0
55518_G_CTG3,1,22,167.5,0.0,0.0
55518_G_CTG3,1,23,167.5,0.0,0.0
55518_G_CTG3,1,24,167.5,0.0,0.0
55518_G_CTG3,1,25,67.0,0.0,0.0
55518_G_STG1,1,1,121.92000000000002,0.0,0.0
55518_G_STG1,1,2,121.92000000000002,0.0,0.0
55518_G_STG1,1,3,121.92000000000002,0.0,0.0
55518_G_STG1,1,4,121.92000000000002,0.0,0.0
55518_G_STG1,1,5,207.87359999999973,0.0,0.0
55518_G_STG1,1,6,304.8,0.0,0.0
55518_G_STG1,1,7,304.8,0.0,0.0
55518_G_STG1,1,8,207.8736,0.0,0.0
55518_G_STG1,1,9,121.92000000000002,0.0,0.0
55518_G_STG1,1,10,121.92000000000002,0.0,0.0
55518_G_STG1,1,11,121.92000000000002,0.0,0.0
55518_G_STG1,1,12,121.92000000000002,0.0,0.0
55518_G_STG1,1,13,121.92000000000002,0.0,0.0
55518_G_STG1,1,14,121.92000000000002,0.0,0.0
55518_G_STG1,1,15,207.87359999999973,0.0,0.0
55518_G_STG1,1,16,304.8,0.0,0.0
55518_G_STG1,1,17,304.8,0.0,0.0
55518_G_STG1,1,18,304.8,0.0,0.0
55518_G_STG1,1,19,304.8,0.0,0.0
55518_G_STG1,1,20,304.8,0.0,0.0
55518_G_STG1,1,21,304.8,0.0,0.0
55518_G_STG1,1,22,304.8,0.0,0.0
55518_G_STG1,1,23,304.8,0.0,0.0
55518_G_STG1,1,24,304.8,0.0,0.0
55518_G_STG1,1,25,121.92000000000002,0.0,0.0
55541_G_CTG3,1,1,0.0,0.0,0.0
55541_G_CTG3,1,2,0.0,0.0,0.0
55541_G_CTG3,1,3,0.0,0.0,0.0
55541_G_CTG3,1,4,0.0,0.0,0.0
55541_G_CTG3,1,5,0.0,0.0,0.0
55541_G_CTG3,1,6,0.0,0.0,0.0
55541_G_CTG3,1,7,0.0,0.0,0.0
55541_G_CTG3,1,8,0.0,0.0,0.0
55541_G_CTG3,1,9,0.0,0.0,0.0
55541_G_CTG3,1,10,0.0,0.0,0.0
55541_G_CTG3,1,11,0.0,0.0,0.0
55541_G_CTG3,1,12,0.0,0.0,0.0
55541_G_CTG3,1,13,0.0,0.0,0.0
55541_G_CTG3,1,14,0.0,0.0,0.0
55541_G_CTG3,1,15,0.0,0.0,0.0
55541_G_CTG3,1,16,0.0,0.0,0.0
55541_G_CTG3,1,17,0.0,0.0,0.0
55541_G_CTG3,1,18,0.0,0.0,0.0
55541_G_CTG3,1,19,0.0,0.0,0.0
55541_G_CTG3,1,20,0.0,0.0,0.0
55541_G_CTG3,1,21,0.0,0.0,0.0
55541_G_CTG3,1,22,0.0,0.0,0.0
55541_G_CTG3,1,23,0.0,0.0,0.0
55541_G_CTG3,1,24,0.0,0.0,0.0
55541_G_CTG3,1,25,0.0,0.0,0.0
55656_G_CT01,1,1,175.0,0.0,0.0
55656_G_CT01,1,2,175.0,0.0,0.0
55656_G_CT01,1,3,175.0,0.0,0.0
55656_G_CT01,1,4,175.0,0.0,0.0
55656_G_CT01,1,5,175.0,0.0,0.0
55656_G_CT01,1,6,175.0,0.0,0.0
55656_G_CT01,1,7,175.0,0.0,0.0
55656_G_CT01,1,8,119.35,0.0,0.0
55656_G_CT01,1,9,70.0,0.0,0.0
55656_G_CT01,1,10,70.0,0.0,0.0
55656_G_CT01,1,11,70.0,0.0,0.0
55656_G_CT01,1,12,70.0,0.0,0.0
55656_G_CT01,1,13,70.0,0.0,0.0
55656_G_CT01,1,14,125.65,0.0,0.0
55656_G_CT01,1,15,175.0,0.0,0.0
55656_G_CT01,1,16,175.0,0.0,0.0
55656_G_CT01,1,17,175.0,0.0,0.0
55656_G_CT01,1,18,175.0,0.0,0.0
55656_G_CT01,1,19,175.0,0.0,0.0
55656_G_CT01,1,20,175.0,0.0,0.0
55656_G_CT01,1,21,175.0,0.0,0.0
55656_G_CT01,1,22,175.0,0.0,0.0
55656_G_CT01,1,23,175.0,0.0,0.0
55656_G_CT01,1,24,175.0,0.0,0.0
55656_G_CT01,1,25,175.0,0.0,0.0
55656_G_CT02,1,1,173.0,0.0,0.0
55656_G_CT02,1,2,173.0,0.0,0.0
55656_G_CT02,1,3,173.0,0.0,0.0
55656_G_CT02,1,4,173.0,0.0,0.0
55656_G_CT02,1,5,173.0,0.0,0.0
55656_G_CT02,1,6,173.0,0.0,0.0
55656_G_CT02,1,7,173.0,0.0,0.0
55656_G_CT02,1,8,117.98599999999998,0.0,0.0
55656_G_CT02,1,9,69.2,0.0,0.0
55656_G_CT02,1,10,69.2,0.0,0.0
55656_G_CT02,1,11,69.2,0.0,0.0
55656_G_CT02,1,12,69.2,0.0,0.0
55656_G_CT02,1,13,69.2,0.0,0.0
55656_G_CT02,1,14,124.214,0.0,0.0
55656_G_CT02,1,15,173.0,0.0,0.0
55656_G_CT02,1,16,173.0,0.0,0.0
55656_G_CT02,1,17,173.0,0.0,0.0
55656_G_CT02,1,18,173.0,0.0,0.0
55656_G_CT02,1,19,173.0,0.0,0.0
55656_G_CT02,1,20,173.0,0.0,0.0
55656_G_CT02,1,21,173.0,0.0,0.0
55656_G_CT02,1,22,173.0,0.0,0.0
55656_G_CT02,1,23,173.0,0.0,0.0
55656_G_CT02,1,24,173.0,0.0,0.0
55656_G_CT02,1,25,173.0,0.0,0.0
55656_G_CT04,1,1,156.0,0.0,0.0
55656_G_CT04,1,2,156.0,0.0,0.0
55656_G_CT04,1,3,156.0,0.0,0.0
55656_G_CT04,1,4,156.0,0.0,0.0
55656_G_CT04,1,5,156.0,0.0,0.0
55656_G_CT04,1,6,156.0,0.0,0.0
55656_G_CT04,1,7,156.0,0.0,0.0
55656_G_CT04,1,8,106.39199999999997,0.0,0.0
55656_G_CT04,1,9,62.40000000000001,0.0,0.0
55656_G_CT04,1,10,62.40000000000001,0.0,0.0
55656_G_CT04,1,11,62.40000000000001,0.0,0.0
55656_G_CT04,1,12,62.40000000000001,0.0,0.0
55656_G_CT04,1,13,62.400000000000006,0.0,0.0
55656_G_CT04,1,14,112.00800000000001,0.0,0.0
55656_G_CT04,1,15,106.39200000000955,49.6080000000002,0.0
55656_G_CT04,1,16,156.0,0.0,0.0
55656_G_CT04,1,17,156.0,0.0,0.0
55656_G_CT04,1,18,156.0,0.0,0.0
55656_G_CT04,1,19,156.0,0.0,0.0
55656_G_CT04,1,20,156.0,0.0,0.0
55656_G_CT04,1,21,156.0,0.0,0.0
55656_G_CT04,1,22,156.0,0.0,0.0
55656_G_CT04,1,23,156.0,0.0,0.0
55656_G_CT04,1,24,156.0,0.0,0.0
55656_G_CT04,1,25,156.0,0.0,0.0
55656_G_ST03,1,1,174.0,0.0,0.0
55656_G_ST03,1,2,174.0,0.0,0.0
55656_G_ST03,1,3,174.0,0.0,0.0
55656_G_ST03,1,4,174.0,0.0,0.0
55656_G_ST03,1,5,174.0,0.0,0.0
55656_G_ST03,1,6,174.0,0.0,0.0
55656_G_ST03,1,7,174.0,0.0,0.0
55656_G_ST03,1,8,118.66799999999999,0.0,0.0
55656_G_ST03,1,9,69.60000000000001,0.0,0.0
55656_G_ST03,1,10,69.60000000000001,0.0,0.0
55656_G_ST03,1,11,69.60000000000001,0.0,0.0
55656_G_ST03,1,12,69.60000000000001,0.0,0.0
55656_G_ST03,1,13,69.60000000000001,0.0,0.0
55656_G_ST03,1,14,124.93200000000002,0.0,0.0
55656_G_ST03,1,15,142.93463844393114,31.065361556068865,0.0
55656_G_ST03,1,16,174.0,0.0,0.0
55656_G_ST03,1,17,174.0,0.0,0.0
55656_G_ST03,1,18,174.0,0.0,0.0
55656_G_ST03,1,19,174.0,0.0,0.0
55656_G_ST03,1,20,174.0,0.0,0.0
55656_G_ST03,1,21,174.0,0.0,0.0
55656_G_ST03,1,22,174.0,0.0,0.0
55656_G_ST03,1,23,174.0,0.0,0.0
55656_G_ST03,1,24,174.0,0.0,0.0
55656_G_ST03,1,25,174.0,0.0,0.0
55656_G_ST05,1,1,87.0,0.0,0.0
55656_G_ST05,1,2,87.0,0.0,0.0
55656_G_ST05,1,3,87.0,0.0,0.0
55656_G_ST05,1,4,87.0,0.0,0.0
55656_G_ST05,1,5,87.0,0.0,0.0
55656_G_ST05,1,6,87.0,0.0,0.0
55656_G_ST05,1,7,87.0,0.0,0.0
55656_G_ST05,1,8,34.800000000000004,0.0,0.0
55656_G_ST05,1,9,34.800000000000004,0.0,0.0
55656_G_ST05,1,10,34.800000000000004,0.0,0.0
55656_G_ST05,1,11,34.800000000000004,0.0,0.0
55656_G_ST05,1,12,34.800000000000004,0.0,0.0
55656_G_ST05,1,13,34.800000000000004,0.0,0.0
55656_G_ST05,1,14,87.0,0.0,0.0
55656_G_ST05,1,15,87.0,0.0,0.0
55656_G_ST05,1,16,87.0,0.0,0.0
55656_G_ST05,1,17,87.0,0.0,0.0
55656_G_ST05,1,18,87.0,0.0,0.0
55656_G_ST05,1,19,87.0,0.0,0.0
55656_G_ST05,1,20,87.0,0.0,0.0
55656_G_ST05,1,21,87.0,0.0,0.0
55656_G_ST05,1,22,87.0,0.0,0.0
55656_G_ST05,1,23,87.0,0.0,0.0
55656_G_ST05,1,24,87.0,0.0,0.0
55656_G_ST05,1,25,87.0,0.0,0.0
55698_G_HEP1,1,1,0.0,0.0,0.0
55698_G_HEP1,1,2,0.0,0.0,0.0
55698_G_HEP1,1,3,0.0,0.0,0.0
55698_G_HEP1,1,4,0.0,0.0,0.0
55698_G_HEP1,1,5,0.0,0.0,0.0
55698_G_HEP1,1,6,0.0,0.0,0.0
55698_G_HEP1,1,7,0.0,0.0,0.0
55698_G_HEP1,1,8,0.0,0.0,0.0
55698_G_HEP1,1,9,0.0,0.0,0.0
55698_G_HEP1,1,10,0.0,0.0,0.0
55698_G_HEP1,1,11,0.0,0.0,0.0
55698_G_HEP1,1,12,0.0,0.0,0.0
55698_G_HEP1,1,13,0.0,0.0,0.0
55698_G_HEP1,1,14,0.0,0.0,0.0
55698_G_HEP1,1,15,0.0,0.0,0.0
55698_G_HEP1,1,16,0.0,0.0,0.0
55698_G_HEP1,1,17,0.0,0.0,0.0
55698_G_HEP1,1,18,0.0,0.0,0.0
55698_G_HEP1,1,19,0.0,0.0,0.0
55698_G_HEP1,1,20,0.0,0.0,0.0
55698_G_HEP1,1,21,0.0,0.0,0.0
55698_G_HEP1,1,22,0.0,0.0,0.0
55698_G_HEP1,1,23,0.0,0.0,0.0
55698_G_HEP1,1,24,0.0,0.0,0.0
55698_G_HEP1,1,25,0.0,0.0,0.0
55748_G_CAG5,1,1,50.44,0.0,0.0
55748_G_CAG5,1,2,50.44,0.0,0.0
55748_G_CAG5,1,3,50.44,0.0,0.0
55748_G_CAG5,1,4,50.44,0.0,0.0
55748_G_CAG5,1,5,50.44,0.0,0.0
55748_G_CAG5,1,6,50.44,0.0,0.0
55748_G_CAG5,1,7,90.5398,0.0,0.0
55748_G_CAG5,1,8,50.44,0.0,0.0
55748_G_CAG5,1,9,50.44,0.0,0.0
55748_G_CAG5,1,10,50.44,0.0,0.0
55748_G_CAG5,1,11,50.44,0.0,0.0
55748_G_CAG5,1,12,50.44,0.0,0.0
55748_G_CAG5,1,13,50.44,0.0,0.0
55748_G_CAG5,1,14,50.44,0.0,0.0
55748_G_CAG5,1,15,50.44,0.0,0.0
55748_G_CAG5,1,16,86.00019999999999,0.0,0.0
55748_G_CAG5,1,17,126.1,0.0,0.0
55748_G_CAG5,1,18,126.1,0.0,0.0
55748_G_CAG5,1,19,126.1,0.0,0.0
55748_G_CAG5,1,20,126.1,0.0,0.0
55748_G_CAG5,1,21,126.1,0.0,0.0
55748_G_CAG5,1,22,126.1,0.0,0.0
55748_G_CAG5,1,23,90.5398,35.560199999999995,0.0
55748_G_CAG5,1,24,50.44,0.0,0.0
55748_G_CAG5,1,25,50.44,0.0,0.0
55748_G_CTG1,1,1,18.0,0.0,0.0
55748_G_CTG1,1,2,18.0,0.0,0.0
55748_G_CTG1,1,3,18.0,0.0,0.0
55748_G_CTG1,1,4,18.0,0.0,0.0
55748_G_CTG1,1,5,18.0,0.0,0.0
55748_G_CTG1,1,6,18.0,0.0,0.0
55748_G_CTG1,1,7,45.0,0.0,0.0
55748_G_CTG1,1,8,18.0,0.0,0.0
55748_G_CTG1,1,9,18.0,0.0,0.0
55748_G_CTG1,1,10,18.0,0.0,0.0
55748_G_CTG1,1,11,18.0,0.0,0.0
55748_G_CTG1,1,12,18.0,0.0,0.0
55748_G_CTG1,1,13,18.0,0.0,0.0
55748_G_CTG1,1,14,18.0,0.0,0.0
55748_G_CTG1,1,15,18.0,0.0,0.0
55748_G_CTG1,1,16,18.0,0.0,0.0
55748_G_CTG1,1,17,45.0,0.0,0.0
55748_G_CTG1,1,18,45.0,0.0,0.0
55748_G_CTG1,1,19,45.0,0.0,0.0
55748_G_CTG1,1,20,45.0,0.0,0.0
55748_G_CTG1,1,21,45.0,0.0,0.0
55748_G_CTG1,1,22,45.0,0.0,0.0
55748_G_CTG1,1,23,45.0,0.0,0.0
55748_G_CTG1,1,24,18.0,0.0,0.0
55748_G_CTG1,1,25,18.0,0.0,0.0
55748_G_CTG2,1,1,18.0,0.0,0.0
55748_G_CTG2,1,2,18.0,0.0,0.0
55748_G_CTG2,1,3,18.0,0.0,0.0
55748_G_CTG2,1,4,18.0,0.0,0.0
55748_G_CTG2,1,5,18.0,0.0,0.0
55748_G_CTG2,1,6,18.0,0.0,0.0
55748_G_CTG2,1,7,45.0,0.0,0.0
55748_G_CTG2,1,8,18.0,0.0,0.0
55748_G_CTG2,1,9,18.0,0.0,0.0
55748_G_CTG2,1,10,18.0,0.0,0.0
55748_G_CTG2,1,11,18.0,0.0,0.0
55748_G_CTG2,1,12,18.0,0.0,0.0
55748_G_CTG2,1,13,18.0,0.0,0.0
55748_G_CTG2,1,14,18.0,0.0,0.0
55748_G_CTG2,1,15,18.0,0.0,0.0
55748_G_CTG2,1,16,18.0,0.0,0.0
55748_G_CTG2,1,17,45.0,0.0,0.0
55748_G_CTG2,1,18,45.0,0.0,0.0
55748_G_CTG2,1,19,45.0,0.0,0.0
55748_G_CTG2,1,20,45.0,0.0,0.0
55748_G_CTG2,1,21,45.0,0.0,0.0
55748_G_CTG2,1,22,45.0,0.0,0.0
55748_G_CTG2,1,23,45.0,0.0,0.0
55748_G_CTG2,1,24,18.0,0.0,0.0
55748_G_CTG2,1,25,18.0,0.0,0.0
55748_G_CTG3,1,1,18.0,0.0,0.0
55748_G_CTG3,1,2,18.0,0.0,0.0
55748_G_CTG3,1,3,18.0,0.0,0.0
55748_G_CTG3,1,4,18.0,0.0,0.0
55748_G_CTG3,1,5,18.0,0.0,0.0
55748_G_CTG3,1,6,18.0,0.0,0.0
55748_G_CTG3,1,7,45.0,0.0,0.0
55748_G_CTG3,1,8,18.0,0.0,0.0
55748_G_CTG3,1,9,18.0,0.0,0.0
55748_G_CTG3,1,10,18.0,0.0,0.0
55748_G_CTG3,1,11,18.0,0.0,0.0
55748_G_CTG3,1,12,18.0,0.0,0.0
55748_G_CTG3,1,13,18.0,0.0,0.0
55748_G_CTG3,1,14,18.0,0.0,0.0
55748_G_CTG3,1,15,18.0,0.0,0.0
55748_G_CTG3,1,16,18.0,0.0,0.0
55748_G_CTG3,1,17,45.0,0.0,0.0
55748_G_CTG3,1,18,45.0,0.0,0.0
55748_G_CTG3,1,19,45.0,0.0,0.0
55748_G_CTG3,1,20,45.0,0.0,0.0
55748_G_CTG3,1,21,45.0,0.0,0.0
55748_G_CTG3,1,22,45.0,0.0,0.0
55748_G_CTG3,1,23,45.0,0.0,0.0
55748_G_CTG3,1,24,18.0,0.0,0.0
55748_G_CTG3,1,25,18.0,0.0,0.0
55748_G_CTG4,1,1,18.0,0.0,0.0
55748_G_CTG4,1,2,18.0,0.0,0.0
55748_G_CTG4,1,3,18.0,0.0,0.0
55748_G_CTG4,1,4,18.0,0.0,0.0
55748_G_CTG4,1,5,18.0,0.0,0.0
55748_G_CTG4,1,6,18.0,0.0,0.0
55748_G_CTG4,1,7,45.0,0.0,0.0
55748_G_CTG4,1,8,18.0,0.0,0.0
55748_G_CTG4,1,9,18.0,0.0,0.0
55748_G_CTG4,1,10,18.0,0.0,0.0
55748_G_CTG4,1,11,18.0,0.0,0.0
55748_G_CTG4,1,12,18.0,0.0,0.0
55748_G_CTG4,1,13,18.0,0.0,0.0
55748_G_CTG4,1,14,18.0,0.0,0.0
55748_G_CTG4,1,15,18.0,0.0,0.0
55748_G_CTG4,1,16,18.0,0.0,0.0
55748_G_CTG4,1,17,45.0,0.0,0.0
55748_G_CTG4,1,18,45.0,0.0,0.0
55748_G_CTG4,1,19,45.0,0.0,0.0
55748_G_CTG4,1,20,45.0,0.0,0.0
55748_G_CTG4,1,21,45.0,0.0,0.0
55748_G_CTG4,1,22,45.0,0.0,0.0
55748_G_CTG4,1,23,45.0,0.0,0.0
55748_G_CTG4,1,24,18.0,0.0,0.0
55748_G_CTG4,1,25,18.0,0.0,0.0
55810_G_S5,1,1,0.0,0.0,0.0
55810_G_S5,1,2,0.0,0.0,0.0
55810_G_S5,1,3,0.0,0.0,0.0
55810_G_S5,1,4,0.0,0.0,0.0
55810_G_S5,1,5,0.0,0.0,0.0
55810_G_S5,1,6,0.0,0.0,0.0
55810_G_S5,1,7,0.0,0.0,0.0
55810_G_S5,1,8,0.0,0.0,0.0
55810_G_S5,1,9,0.0,0.0,0.0
55810_G_S5,1,10,0.0,0.0,0.0
55810_G_S5,1,11,0.0,0.0,0.0
55810_G_S5,1,12,0.0,0.0,0.0
55810_G_S5,1,13,0.0,0.0,0.0
55810_G_S5,1,14,0.0,0.0,0.0
55810_G_S5,1,15,0.0,0.0,0.0
55810_G_S5,1,16,0.0,0.0,0.0
55810_G_S5,1,17,0.0,0.0,0.0
55810_G_S5,1,18,0.0,0.0,0.0
55810_G_S5,1,19,0.0,0.0,0.0
55810_G_S5,1,20,0.0,0.0,0.0
55810_G_S5,1,21,0.0,0.0,0.0
55810_G_S5,1,22,0.0,0.0,0.0
55810_G_S5,1,23,0.0,0.0,0.0
55810_G_S5,1,24,0.0,0.0,0.0
55810_G_S5,1,25,0.0,0.0,0.0
55933_G_TCC1,1,1,62.47999999999999,0.0,0.0
55933_G_TCC1,1,2,62.47999999999999,0.0,0.0
55933_G_TCC1,1,3,62.47999999999999,0.0,0.0
55933_G_TCC1,1,4,62.47999999999999,0.0,0.0
55933_G_TCC1,1,5,62.48,0.0,0.0
55933_G_TCC1,1,6,62.48,0.0,0.0
55933_G_TCC1,1,7,112.1516,0.0,0.0
55933_G_TCC1,1,8,62.47999999999999,0.0,0.0
55933_G_TCC1,1,9,62.47999999999999,0.0,0.0
55933_G_TCC1,1,10,62.47999999999999,0.0,0.0
55933_G_TCC1,1,11,62.47999999999999,0.0,0.0
55933_G_TCC1,1,12,62.47999999999999,0.0,0.0
55933_G_TCC1,1,13,62.47999999999999,0.0,0.0
55933_G_TCC1,1,14,62.47999999999999,0.0,0.0
55933_G_TCC1,1,15,62.48,0.0,0.0
55933_G_TCC1,1,16,106.52839999999999,0.0,0.0
55933_G_TCC1,1,17,156.2,0.0,0.0
55933_G_TCC1,1,18,156.2,0.0,0.0
55933_G_TCC1,1,19,156.2,0.0,0.0
55933_G_TCC1,1,20,156.2,0.0,0.0
55933_G_TCC1,1,21,156.2,0.0,0.0
55933_G_TCC1,1,22,156.2,0.0,0.0
55933_G_TCC1,1,23,156.2,0.0,0.0
55933_G_TCC1,1,24,106.52839999999998,0.0,0.0
55933_G_TCC1,1,25,62.47999999999999,0.0,0.0
55933_G_TPP1,1,1,32.84,0.0,0.0
55933_G_TPP1,1,2,32.84,0.0,0.0
55933_G_TPP1,1,3,32.84,0.0,0.0
55933_G_TPP1,1,4,32.84,0.0,0.0
55933_G_TPP1,1,5,32.84,0.0,0.0
55933_G_TPP1,1,6,32.84,0.0,0.0
55933_G_TPP1,1,7,82.1,0.0,0.0
55933_G_TPP1,1,8,32.84,0.0,0.0
55933_G_TPP1,1,9,32.84,0.0,0.0
55933_G_TPP1,1,10,32.84,0.0,0.0
55933_G_TPP1,1,11,32.84,0.0,0.0
55933_G_TPP1,1,12,32.84,0.0,0.0
55933_G_TPP1,1,13,32.84,0.0,0.0
55933_G_TPP1,1,14,32.84,0.0,0.0
55933_G_TPP1,1,15,32.84,0.0,0.0
55933_G_TPP1,1,16,32.84,0.0,0.0
55933_G_TPP1,1,17,82.1,0.0,0.0
55933_G_TPP1,1,18,82.1,0.0,0.0
55933_G_TPP1,1,19,82.1,0.0,0.0
55933_G_TPP1,1,20,82.1,0.0,0.0
55933_G_TPP1,1,21,82.1,0.0,0.0
55933_G_TPP1,1,22,82.1,0.0,0.0
55933_G_TPP1,1,23,82.1,0.0,0.0
55933_G_TPP1,1,24,32.84,0.0,0.0
55933_G_TPP1,1,25,32.84,0.0,0.0
55933_G_TPP2,1,1,32.72,0.0,0.0
55933_G_TPP2,1,2,32.72,0.0,0.0
55933_G_TPP2,1,3,32.72,0.0,0.0
55933_G_TPP2,1,4,32.72,0.0,0.0
55933_G_TPP2,1,5,32.72,0.0,0.0
55933_G_TPP2,1,6,32.72,0.0,0.0
55933_G_TPP2,1,7,81.8,0.0,0.0
55933_G_TPP2,1,8,32.72,0.0,0.0
55933_G_TPP2,1,9,32.72,0.0,0.0
55933_G_TPP2,1,10,32.72,0.0,0.0
55933_G_TPP2,1,11,32.72,0.0,0.0
55933_G_TPP2,1,12,32.72,0.0,0.0
55933_G_TPP2,1,13,32.72,0.0,0.0
55933_G_TPP2,1,14,32.72,0.0,0.0
55933_G_TPP2,1,15,32.72,0.0,0.0
55933_G_TPP2,1,16,32.72,0.0,0.0
55933_G_TPP2,1,17,81.8,0.0,0.0
55933_G_TPP2,1,18,81.8,0.0,0.0
55933_G_TPP2,1,19,81.8,0.0,0.0
55933_G_TPP2,1,20,81.8,0.0,0.0
55933_G_TPP2,1,21,81.8,0.0,0.0
55933_G_TPP2,1,22,81.8,0.0,0.0
55933_G_TPP2,1,23,81.8,0.0,0.0
55933_G_TPP2,1,24,32.72,0.0,0.0
55933_G_TPP2,1,25,32.72,0.0,0.0
55951_G_AMP1,1,1,0.0,0.0,0.0
55951_G_AMP1,1,2,0.0,0.0,0.0
55951_G_AMP1,1,3,0.0,0.0,0.0
55951_G_AMP1,1,4,0.0,0.0,0.0
55951_G_AMP1,1,5,0.0,0.0,0.0
55951_G_AMP1,1,6,0.0,0.0,0.0
55951_G_AMP1,1,7,0.0,0.0,0.0
55951_G_AMP1,1,8,0.0,0.0,0.0
55951_G_AMP1,1,9,0.0,0.0,0.0
55951_G_AMP1,1,10,0.0,0.0,0.0
55951_G_AMP1,1,11,0.0,0.0,0.0
55951_G_AMP1,1,12,0.0,0.0,0.0
55951_G_AMP1,1,13,0.0,0.0,0.0
55951_G_AMP1,1,14,0.0,0.0,0.0
55951_G_AMP1,1,15,0.0,0.0,0.0
55951_G_AMP1,1,16,0.0,0.0,0.0
55951_G_AMP1,1,17,0.0,0.0,0.0
55951_G_AMP1,1,18,0.0,0.0,0.0
55951_G_AMP1,1,19,0.0,0.0,0.0
55951_G_AMP1,1,20,0.0,0.0,0.0
55951_G_AMP1,1,21,0.0,0.0,0.0
55951_G_AMP1,1,22,0.0,0.0,0.0
55951_G_AMP1,1,23,0.0,0.0,0.0
55951_G_AMP1,1,24,0.0,0.0,0.0
55951_G_AMP1,1,25,0.0,0.0,0.0
55970_G_1,1,1,171.0,0.0,0.0
55970_G_1,1,2,171.0,0.0,0.0
55970_G_1,1,3,171.0,0.0,0.0
55970_G_1,1,4,171.0,0.0,0.0
55970_G_1,1,5,171.0,0.0,0.0
55970_G_1,1,6,171.0,0.0,0.0
55970_G_1,1,7,171.0,0.0,0.0
55970_G_1,1,8,116.622,0.0,0.0
55970_G_1,1,9,68.4,0.0,0.0
55970_G_1,1,10,68.4,0.0,0.0
55970_G_1,1,11,68.4,0.0,0.0
55970_G_1,1,12,68.4,0.0,0.0
55970_G_1,1,13,68.4,0.0,0.0
55970_G_1,1,14,122.778,48.221999999999994,0.0
55970_G_1,1,15,171.0,0.0,0.0
55970_G_1,1,16,171.0,0.0,0.0
55970_G_1,1,17,171.0,0.0,0.0
55970_G_1,1,18,171.0,0.0,0.0
55970_G_1,1,19,171.0,0.0,0.0
55970_G_1,1,20,171.0,0.0,0.0
55970_G_1,1,21,171.0,0.0,0.0
55970_G_1,1,22,171.0,0.0,0.0
55970_G_1,1,23,171.0,0.0,0.0
55970_G_1,1,24,171.0,0.0,0.0
55970_G_1,1,25,171.0,0.0,0.0
55970_G_2,1,1,166.0,0.0,0.0
55970_G_2,1,2,166.0,0.0,0.0
55970_G_2,1,3,166.0,0.0,0.0
55970_G_2,1,4,166.0,0.0,0.0
55970_G_2,1,5,166.0,0.0,0.0
55970_G_2,1,6,166.0,0.0,0.0
55970_G_2,1,7,166.0,0.0,0.0
55970_G_2,1,8,113.21199999999999,0.0,0.0
55970_G_2,1,9,66.4,0.0,0.0
55970_G_2,1,10,66.4,0.0,0.0
55970_G_2,1,11,66.4,0.0,0.0
55970_G_2,1,12,66.4,0.0,0.0
55970_G_2,1,13,66.4,0.0,0.0
55970_G_2,1,14,119.18800000000006,0.0,0.0
55970_G_2,1,15,166.0,0.0,0.0
55970_G_2,1,16,166.0,0.0,0.0
55970_G_2,1,17,166.0,0.0,0.0
55970_G_2,1,18,166.0,0.0,0.0
55970_G_2,1,19,166.0,0.0,0.0
55970_G_2,1,20,166.0,0.0,0.0
55970_G_2,1,21,166.0,0.0,0.0
55970_G_2,1,22,166.0,0.0,0.0
55970_G_2,1,23,166.0,0.0,0.0
55970_G_2,1,24,166.0,0.0,0.0
55970_G_2,1,25,166.0,0.0,0.0
55970_G_3,1,1,166.0,0.0,0.0
55970_G_3,1,2,166.0,0.0,0.0
55970_G_3,1,3,166.0,0.0,0.0
55970_G_3,1,4,166.0,0.0,0.0
55970_G_3,1,5,166.0,0.0,0.0
55970_G_3,1,6,166.0,0.0,0.0
55970_G_3,1,7,166.0,0.0,0.0
55970_G_3,1,8,113.21199999999999,0.0,0.0
55970_G_3,1,9,66.4,0.0,0.0
55970_G_3,1,10,66.4,0.0,0.0
55970_G_3,1,11,66.4,0.0,0.0
55970_G_3,1,12,66.4,0.0,0.0
55970_G_3,1,13,66.97489788183631,0.0,0.0
55970_G_3,1,14,119.76289788183632,46.237102118163676,0.0
55970_G_3,1,15,166.0,0.0,0.0
55970_G_3,1,16,166.0,0.0,0.0
55970_G_3,1,17,166.0,0.0,0.0
55970_G_3,1,18,166.0,0.0,0.0
55970_G_3,1,19,166.0,0.0,0.0
55970_G_3,1,20,166.0,0.0,0.0
55970_G_3,1,21,166.0,0.0,0.0
55970_G_3,1,22,166.0,0.0,0.0
55970_G_3,1,23,166.0,0.0,0.0
55970_G_3,1,24,166.0,0.0,0.0
55970_G_3,1,25,166.0,0.0,0.0
55983_G_TG51,1,1,46.0,0.0,0.0
55983_G_TG51,1,2,46.0,0.0,0.0
55983_G_TG51,1,3,46.0,0.0,0.0
55983_G_TG51,1,4,46.0,0.0,0.0
55983_G_TG51,1,5,46.0,0.0,0.0
55983_G_TG51,1,6,46.0,0.0,0.0
55983_G_TG51,1,7,46.0,0.0,0.0
55983_G_TG51,1,8,46.0,0.0,0.0
55983_G_TG51,1,9,34.132,11.868000000000002,0.0
55983_G_TG51,1,10,18.4,0.0,0.0
55983_G_TG51,1,11,18.4,0.0,0.0
55983_G_TG51,1,12,30.268,0.0,0.0
55983_G_TG51,1,13,46.0,0.0,0.0
55983_G_TG51,1,14,46.0,0.0,0.0
55983_G_TG51,1,15,46.0,0.0,0.0
55983_G_TG51,1,16,46.0,0.0,0.0
55983_G_TG51,1,17,46.0,0.0,0.0
55983_G_TG51,1,18,46.0,0.0,0.0
55983_G_TG51,1,19,46.0,0.0,0.0
55983_G_TG51,1,20,46.0,0.0,0.0
55983_G_TG51,1,21,46.0,0.0,0.0
55983_G_TG51,1,22,46.0,0.0,0.0
55983_G_TG51,1,23,46.0,0.0,0.0
55983_G_TG51,1,24,46.0,0.0,0.0
55983_G_TG51,1,25,46.0,0.0,0.0
55984_G_TG21,1,1,10.9,0.0,0.0
55984_G_TG21,1,2,10.9,0.0,0.0
55984_G_TG21,1,3,10.9,0.0,0.0
55984_G_TG21,1,4,10.9,0.0,0.0
55984_G_TG21,1,5,10.9,0.0,0.0
55984_G_TG21,1,6,10.9,0.0,0.0
55984_G_TG21,1,7,10.9,0.0,0.0
55984_G_TG21,1,8,10.9,0.0,0.0
55984_G_TG21,1,9,10.9,0.0,0.0
55984_G_TG21,1,10,7.172200000000001,3.7277999999999993,2.8122000000000007
55984_G_TG21,1,11,4.36,6.54,0.0
55984_G_TG21,1,12,7.1722,3.727800000000003,0.0
55984_G_TG21,1,13,10.9,0.0,0.0
55984_G_TG21,1,14,10.9,0.0,0.0
55984_G_TG21,1,15,10.9,0.0,0.0
55984_G_TG21,1,16,10.9,0.0,0.0
55984_G_TG21,1,17,10.9,0.0,0.0
55984_G_TG21,1,18,10.9,0.0,0.0
55984_G_TG21,1,19,10.9,0.0,0.0
55984_G_TG21,1,20,10.9,0.0,0.0
55984_G_TG21,1,21,10.9,0.0,0.0
55984_G_TG21,1,22,10.9,0.0,0.0
55984_G_TG21,1,23,10.9,0.0,0.0
55984_G_TG21,1,24,10.9,0.0,0.0
55984_G_TG21,1,25,10.9,0.0,0.0
55985_G_CTG1,1,1,170.0,0.0,0.0
55985_G_CTG1,1,2,170.0,0.0,0.0
55985_G_CTG1,1,3,170.0,0.0,0.0
55985_G_CTG1,1,4,170.0,0.0,0.0
55985_G_CTG1,1,5,170.0,0.0,0.0
55985_G_CTG1,1,6,170.0,0.0,0.0
55985_G_CTG1,1,7,170.0,0.0,0.0
55985_G_CTG1,1,8,115.94,0.0,0.0
55985_G_CTG1,1,9,68.0,0.0,0.0
55985_G_CTG1,1,10,68.0,0.0,0.0
55985_G_CTG1,1,11,68.0,0.0,0.0
55985_G_CTG1,1,12,68.0,0.0,0.0
55985_G_CTG1,1,13,115.94,0.0,0.0
55985_G_CTG1,1,14,170.0,0.0,0.0
55985_G_CTG1,1,15,170.0,0.0,0.0
55985_G_CTG1,1,16,170.0,0.0,0.0
55985_G_CTG1,1,17,170.0,0.0,0.0
55985_G_CTG1,1,18,170.0,0.0,0.0
55985_G_CTG1,1,19,170.0,0.0,0.0
55985_G_CTG1,1,20,170.0,0.0,0.0
55985_G_CTG1,1,21,170.0,0.0,0.0
55985_G_CTG1,1,22,170.0,0.0,0.0
55985_G_CTG1,1,23,170.0,0.0,0.0
55985_G_CTG1,1,24,170.0,0.0,0.0
55985_G_CTG1,1,25,170.0,0.0,0.0
55985_G_CTG2,1,1,170.0,0.0,0.0
55985_G_CTG2,1,2,170.0,0.0,0.0
55985_G_CTG2,1,3,170.0,0.0,0.0
55985_G_CTG2,1,4,170.0,0.0,0.0
55985_G_CTG2,1,5,170.0,0.0,0.0
55985_G_CTG2,1,6,170.0,0.0,0.0
55985_G_CTG2,1,7,170.0,0.0,0.0
55985_G_CTG2,1,8,115.94,0.0,0.0
55985_G_CTG2,1,9,68.0,0.0,0.0
55985_G_CTG2,1,10,68.0,0.0,0.0
55985_G_CTG2,1,11,68.0,0.0,0.0
55985_G_CTG2,1,12,68.0,0.0,0.0
55985_G_CTG2,1,13,68.0,0.0,0.0
55985_G_CTG2,1,14,122.06,47.94,0.0
55985_G_CTG2,1,15,170.0,0.0,0.0
55985_G_CTG2,1,16,170.0,0.0,0.0
55985_G_CTG2,1,17,170.0,0.0,0.0
55985_G_CTG2,1,18,170.0,0.0,0.0
55985_G_CTG2,1,19,170.0,0.0,0.0
55985_G_CTG2,1,20,170.0,0.0,0.0
55985_G_CTG2,1,21,170.0,0.0,0.0
55985_G_CTG2,1,22,170.0,0.0,0.0
55985_G_CTG2,1,23,170.0,0.0,0.0
55985_G_CTG2,1,24,170.0,0.0,0.0
55985_G_CTG2,1,25,170.0,0.0,0.0
55985_G_STG,1,1,222.0,0.0,0.0
55985_G_STG,1,2,222.0,0.0,0.0
55985_G_STG,1,3,222.0,0.0,0.0
55985_G_STG,1,4,222.0,0.0,0.0
55985_G_STG,1,5,222.0,0.0,0.0
55985_G_STG,1,6,222.0,0.0,0.0
55985_G_STG,1,7,222.0,0.0,0.0
55985_G_STG,1,8,151.404,0.0,0.0
55985_G_STG,1,9,88.80000000000004,0.0,0.0
55985_G_STG,1,10,88.80000000000004,0.0,0.0
55985_G_STG,1,11,88.80000000000004,0.0,0.0
55985_G_STG,1,12,88.80000000000004,0.0,0.0
55985_G_STG,1,13,88.80000000000004,0.0,0.0
55985_G_STG,1,14,159.39600000000016,0.0,0.0
55985_G_STG,1,15,222.0,0.0,0.0
55985_G_STG,1,16,222.0,0.0,0.0
55985_G_STG,1,17,222.0,0.0,0.0
55985_G_STG,1,18,222.0,0.0,0.0
55985_G_STG,1,19,222.0,0.0,0.0
55985_G_STG,1,20,222.0,0.0,0.0
55985_G_STG,1,21,222.0,0.0,0.0
55985_G_STG,1,22,222.0,0.0,0.0
55985_G_STG,1,23,222.0,0.0,0.0
55985_G_STG,1,24,222.0,0.0,0.0
55985_G_STG,1,25,222.0,0.0,0.0
56026_G_CTG1,1,1,20.0,0.0,0.0
56026_G_CTG1,1,2,20.0,0.0,0.0
56026_G_CTG1,1,3,20.0,0.0,0.0
56026_G_CTG1,1,4,20.0,0.0,0.0
56026_G_CTG1,1,5,20.0,0.0,0.0
56026_G_CTG1,1,6,20.0,0.0,0.0
56026_G_CTG1,1,7,20.0,0.0,0.0
56026_G_CTG1,1,8,20.0,0.0,0.0
56026_G_CTG1,1,9,20.0,0.0,0.0
56026_G_CTG1,1,10,20.0,0.0,0.0
56026_G_CTG1,1,11,20.0,0.0,0.0
56026_G_CTG1,1,12,20.0,0.0,0.0
56026_G_CTG1,1,13,20.0,0.0,0.0
56026_G_CTG1,1,14,20.0,0.0,0.0
56026_G_CTG1,1,15,20.0,0.0,0.0
56026_G_CTG1,1,16,20.0,0.0,0.0
56026_G_CTG1,1,17,50.0,0.0,0.0
56026_G_CTG1,1,18,50.0,0.0,0.0
56026_G_CTG1,1,19,50.0,0.0,0.0
56026_G_CTG1,1,20,50.0,0.0,0.0
56026_G_CTG1,1,21,50.0,0.0,0.0
56026_G_CTG1,1,22,50.0,0.0,0.0
56026_G_CTG1,1,23,20.0,0.0,0.0
56026_G_CTG1,1,24,20.0,0.0,0.0
56026_G_CTG1,1,25,20.0,0.0,0.0
56026_G_CTG2,1,1,20.0,0.0,0.0
56026_G_CTG2,1,2,20.0,0.0,0.0
56026_G_CTG2,1,3,20.0,0.0,0.0
56026_G_CTG2,1,4,20.0,0.0,0.0
56026_G_CTG2,1,5,20.0,0.0,0.0
56026_G_CTG2,1,6,20.0,0.0,0.0
56026_G_CTG2,1,7,20.0,0.0,0.0
56026_G_CTG2,1,8,20.0,0.0,0.0
56026_G_CTG2,1,9,20.0,0.0,0.0
56026_G_CTG2,1,10,20.0,0.0,0.0
56026_G_CTG2,1,11,20.0,0.0,0.0
56026_G_CTG2,1,12,20.0,0.0,0.0
56026_G_CTG2,1,13,20.0,0.0,0.0
56026_G_CTG2,1,14,20.0,0.0,0.0
56026_G_CTG2,1,15,20.0,0.0,0.0
56026_G_CTG2,1,16,20.0,0.0,0.0
56026_G_CTG2,1,17,50.0,0.0,0.0
56026_G_CTG2,1,18,50.0,0.0,0.0
56026_G_CTG2,1,19,50.0,0.0,0.0
56026_G_CTG2,1,20,50.0,0.0,0.0
56026_G_CTG2,1,21,50.0,0.0,0.0
56026_G_CTG2,1,22,50.0,0.0,0.0
56026_G_CTG2,1,23,20.0,0.0,0.0
56026_G_CTG2,1,24,20.0,0.0,0.0
56026_G_CTG2,1,25,20.0,0.0,0.0
56026_G_STG,1,1,21.6,0.0,0.0
56026_G_STG,1,2,21.6,0.0,0.0
56026_G_STG,1,3,21.6,0.0,0.0
56026_G_STG,1,4,21.6,0.0,0.0
56026_G_STG,1,5,21.6,0.0,0.0
56026_G_STG,1,6,21.6,0.0,0.0
56026_G_STG,1,7,21.6,0.0,0.0
56026_G_STG,1,8,21.6,0.0,0.0
56026_G_STG,1,9,21.6,0.0,0.0
56026_G_STG,1,10,21.6,0.0,0.0
56026_G_STG,1,11,21.6,0.0,0.0
56026_G_STG,1,12,21.6,0.0,0.0
56026_G_STG,1,13,21.6,0.0,0.0
56026_G_STG,1,14,21.6,0.0,0.0
56026_G_STG,1,15,21.6,0.0,0.0
56026_G_STG,1,16,21.6,0.0,0.0
56026_G_STG,1,17,54.0,0.0,0.0
56026_G_STG,1,18,54.0,0.0,0.0
56026_G_STG,1,19,54.0,0.0,0.0
56026_G_STG,1,20,54.0,0.0,0.0
56026_G_STG,1,21,54.0,0.0,0.0
56026_G_STG,1,22,54.0,0.0,0.0
56026_G_STG,1,23,21.6,0.0,0.0
56026_G_STG,1,24,21.6,0.0,0.0
56026_G_STG,1,25,21.6,0.0,0.0
56041_G_M1,1,1,16.8,0.0,0.0
56041_G_M1,1,2,16.8,0.0,0.0
56041_G_M1,1,3,16.8,0.0,0.0
56041_G_M1,1,4,16.8,0.0,0.0
56041_G_M1,1,5,16.8,0.0,0.0
56041_G_M1,1,6,42.0,0.0,0.0
56041_G_M1,1,7,42.0,0.0,0.0
56041_G_M1,1,8,16.8,0.0,0.0
56041_G_M1,1,9,16.8,0.0,0.0
56041_G_M1,1,10,16.8,0.0,0.0
56041_G_M1,1,11,16.8,0.0,0.0
56041_G_M1,1,12,16.8,0.0,0.0
56041_G_M1,1,13,16.8,0.0,0.0
56041_G_M1,1,14,16.8,0.0,0.0
56041_G_M1,1,15,16.8,0.0,0.0
56041_G_M1,1,16,42.0,0.0,0.0
56041_G_M1,1,17,42.0,0.0,0.0
56041_G_M1,1,18,42.0,0.0,0.0
56041_G_M1,1,19,42.0,0.0,0.0
56041_G_M1,1,20,42.0,0.0,0.0
56041_G_M1,1,21,42.0,0.0,0.0
56041_G_M1,1,22,42.0,0.0,0.0
56041_G_M1,1,23,42.0,0.0,0.0
56041_G_M1,1,24,42.0,0.0,0.0
56041_G_M1,1,25,16.8,0.0,0.0
56041_G_M2,1,1,16.8,0.0,0.0
56041_G_M2,1,2,16.8,0.0,0.0
56041_G_M2,1,3,16.8,0.0,0.0
56041_G_M2,1,4,16.8,0.0,0.0
56041_G_M2,1,5,16.8,0.0,0.0
56041_G_M2,1,6,42.0,0.0,0.0
56041_G_M2,1,7,42.0,0.0,0.0
56041_G_M2,1,8,16.8,0.0,0.0
56041_G_M2,1,9,16.8,0.0,0.0
56041_G_M2,1,10,16.8,0.0,0.0
56041_G_M2,1,11,16.8,0.0,0.0
56041_G_M2,1,12,16.8,0.0,0.0
56041_G_M2,1,13,16.8,0.0,0.0
56041_G_M2,1,14,16.8,0.0,0.0
56041_G_M2,1,15,16.8,0.0,0.0
56041_G_M2,1,16,42.0,0.0,0.0
56041_G_M2,1,17,42.0,0.0,0.0
56041_G_M2,1,18,42.0,0.0,0.0
56041_G_M2,1,19,42.0,0.0,0.0
56041_G_M2,1,20,42.0,0.0,0.0
56041_G_M2,1,21,42.0,0.0,0.0
56041_G_M2,1,22,42.0,0.0,0.0
56041_G_M2,1,23,42.0,0.0,0.0
56041_G_M2,1,24,42.0,0.0,0.0
56041_G_M2,1,25,16.8,0.0,0.0
56041_G_M3,1,1,20.0,0.0,0.0
56041_G_M3,1,2,20.0,0.0,0.0
56041_G_M3,1,3,20.0,0.0,0.0
56041_G_M3,1,4,20.0,0.0,0.0
56041_G_M3,1,5,20.0,0.0,0.0
56041_G_M3,1,6,50.0,0.0,0.0
56041_G_M3,1,7,50.0,0.0,0.0
56041_G_M3,1,8,20.0,0.0,0.0
56041_G_M3,1,9,20.0,0.0,0.0
56041_G_M3,1,10,20.0,0.0,0.0
56041_G_M3,1,11,20.0,0.0,0.0
56041_G_M3,1,12,20.0,0.0,0.0
56041_G_M3,1,13,20.0,0.0,0.0
56041_G_M3,1,14,20.0,0.0,0.0
56041_G_M3,1,15,20.0,0.0,0.0
56041_G_M3,1,16,50.0,0.0,0.0
56041_G_M3,1,17,50.0,0.0,0.0
56041_G_M3,1,18,50.0,0.0,0.0
56041_G_M3,1,19,50.0,0.0,0.0
56041_G_M3,1,20,50.0,0.0,0.0
56041_G_M3,1,21,50.0,0.0,0.0
56041_G_M3,1,22,50.0,0.0,0.0
56041_G_M3,1,23,50.0,0.0,0.0
56041_G_M3,1,24,50.0,0.0,0.0
56041_G_M3,1,25,20.0,0.0,0.0
56046_G_1,1,1,161.0,0.0,0.0
56046_G_1,1,2,161.0,0.0,0.0
56046_G_1,1,3,161.0,0.0,0.0
56046_G_1,1,4,161.0,0.0,0.0
56046_G_1,1,5,161.0,0.0,0.0
56046_G_1,1,6,161.0,0.0,0.0
56046_G_1,1,7,161.0,0.0,0.0
56046_G_1,1,8,109.80199999999999,0.0,0.0
56046_G_1,1,9,64.4,0.0,0.0
56046_G_1,1,10,64.4,0.0,0.0
56046_G_1,1,11,64.4,0.0,0.0
56046_G_1,1,12,64.4,0.0,0.0
56046_G_1,1,13,64.4,0.0,0.0
56046_G_1,1,14,115.59800000000001,0.0,0.0
56046_G_1,1,15,109.80199999999999,51.19799999999981,0.0
56046_G_1,1,16,161.0,0.0,0.0
56046_G_1,1,17,161.0,0.0,0.0
56046_G_1,1,18,161.0,0.0,0.0
56046_G_1,1,19,161.0,0.0,0.0
56046_G_1,1,20,161.0,0.0,0.0
56046_G_1,1,21,161.0,0.0,0.0
56046_G_1,1,22,161.0,0.0,0.0
56046_G_1,1,23,161.0,0.0,0.0
56046_G_1,1,24,161.0,0.0,0.0
56046_G_1,1,25,161.0,0.0,0.0
56046_G_2,1,1,140.0,0.0,0.0
56046_G_2,1,2,140.0,0.0,0.0
56046_G_2,1,3,140.0,0.0,0.0
56046_G_2,1,4,140.0,0.0,0.0
56046_G_2,1,5,140.0,0.0,0.0
56046_G_2,1,6,140.0,0.0,0.0
56046_G_2,1,7,140.0,0.0,0.0
56046_G_2,1,8,95.47999999999999,0.0,0.0
56046_G_2,1,9,56.0,0.0,0.0
56046_G_2,1,10,56.0,0.0,0.0
56046_G_2,1,11,56.0,0.0,0.0
56046_G_2,1,12,56.0,0.0,0.0
56046_G_2,1,13,56.0,0.0,0.0
56046_G_2,1,14,100.52000000000001,0.0,0.0
56046_G_2,1,15,95.47999999999999,44.52000000000001,0.0
56046_G_2,1,16,140.0,0.0,0.0
56046_G_2,1,17,140.0,0.0,0.0
56046_G_2,1,18,140.0,0.0,0.0
56046_G_2,1,19,140.0,0.0,0.0
56046_G_2,1,20,140.0,0.0,0.0
56046_G_2,1,21,140.0,0.0,0.0
56046_G_2,1,22,140.0,0.0,0.0
56046_G_2,1,23,140.0,0.0,0.0
56046_G_2,1,24,140.0,0.0,0.0
56046_G_2,1,25,140.0,0.0,0.0
56078_G_1,1,1,33.6,0.0,0.0
56078_G_1,1,2,33.6,0.0,0.0
56078_G_1,1,3,33.6,0.0,0.0
56078_G_1,1,4,33.6,0.0,0.0
56078_G_1,1,5,33.6,0.0,0.0
56078_G_1,1,6,33.6,0.0,0.0
56078_G_1,1,7,84.0,0.0,0.0
56078_G_1,1,8,33.6,0.0,0.0
56078_G_1,1,9,33.6,0.0,0.0
56078_G_1,1,10,33.6,0.0,0.0
56078_G_1,1,11,33.6,0.0,0.0
56078_G_1,1,12,33.6,0.0,0.0
56078_G_1,1,13,33.6,0.0,0.0
56078_G_1,1,14,33.6,0.0,0.0
56078_G_1,1,15,33.6,0.0,0.0
56078_G_1,1,16,33.6,0.0,0.0
56078_G_1,1,17,84.0,0.0,0.0
56078_G_1,1,18,84.0,0.0,0.0
56078_G_1,1,19,84.0,0.0,0.0
56078_G_1,1,20,84.0,0.0,0.0
56078_G_1,1,21,84.0,0.0,0.0
56078_G_1,1,22,84.0,0.0,0.0
56078_G_1,1,23,84.0,0.0,0.0
56078_G_1,1,24,36.84693509227421,47.15306490772579,0.0
56078_G_1,1,25,33.6,0.0,0.0
56078_G_2,1,1,33.6,0.0,0.0
56078_G_2,1,2,33.60000000000887,0.0,0.0
56078_G_2,1,3,33.6,0.0,0.0
56078_G_2,1,4,33.6,0.0,0.0
56078_G_2,1,5,33.6,0.0,0.0
56078_G_2,1,6,33.60000000000966,0.0,0.0
56078_G_2,1,7,84.0,0.0,0.0
56078_G_2,1,8,33.6,0.0,0.0
56078_G_2,1,9,33.6,0.0,0.0
56078_G_2,1,10,33.6,0.0,0.0
56078_G_2,1,11,33.6,0.0,0.0
56078_G_2,1,12,33.6,0.0,0.0
56078_G_2,1,13,33.6,0.0,0.0
56078_G_2,1,14,33.6,0.0,0.0
56078_G_2,1,15,33.6,0.0,0.0
56078_G_2,1,16,33.6,0.0,0.0
56078_G_2,1,17,84.0,0.0,0.0
56078_G_2,1,18,84.0,0.0,0.0
56078_G_2,1,19,84.0,0.0,0.0
56078_G_2,1,20,84.0,0.0,0.0
56078_G_2,1,21,84.0,0.0,0.0
56078_G_2,1,22,84.0,0.0,0.0
56078_G_2,1,23,84.0,0.0,0.0
56078_G_2,1,24,33.6,50.4,0.0
56078_G_2,1,25,33.6,0.0,0.0
56078_G_3,1,1,40.40000000000001,0.0,0.0
56078_G_3,1,2,40.40000000000001,0.0,0.0
56078_G_3,1,3,40.40000000000001,0.0,0.0
56078_G_3,1,4,40.40000000000001,0.0,0.0
56078_G_3,1,5,40.40000000000001,0.0,0.0
56078_G_3,1,6,40.40000000000001,0.0,0.0
56078_G_3,1,7,72.51800000000001,0.0,0.0
56078_G_3,1,8,40.40000000000001,0.0,0.0
56078_G_3,1,9,40.40000000000001,0.0,0.0
56078_G_3,1,10,40.40000000000001,0.0,0.0
56078_G_3,1,11,40.40000000000001,0.0,0.0
56078_G_3,1,12,40.40000000000001,0.0,0.0
56078_G_3,1,13,40.40000000000001,0.0,0.0
56078_G_3,1,14,40.40000000000001,0.0,0.0
56078_G_3,1,15,40.40000000000001,0.0,0.0
56078_G_3,1,16,68.88199999999992,0.0,0.0
56078_G_3,1,17,101.0,0.0,0.0
56078_G_3,1,18,101.0,0.0,0.0
56078_G_3,1,19,101.0,0.0,0.0
56078_G_3,1,20,101.0,0.0,0.0
56078_G_3,1,21,101.0,0.0,0.0
56078_G_3,1,22,101.0,0.0,0.0
56078_G_3,1,23,101.0,0.0,0.0
56078_G_3,1,24,68.88199999999998,32.11800000000006,0.0
56078_G_3,1,25,40.40000000000001,0.0,0.0
56090_G_D182,1,1,11.2,0.0,0.0
56090_G_D182,1,2,11.2,0.0,0.0
56090_G_D182,1,3,11.2,0.0,0.0
56090_G_D182,1,4,11.2,0.0,0.0
56090_G_D182,1,5,11.2,0.0,0.0
56090_G_D182,1,6,11.2,0.0,0.0
56090_G_D182,1,7,11.2,0.0,0.0
56090_G_D182,1,8,11.2,0.0,0.0
56090_G_D182,1,9,6.16,0.0,0.0
56090_G_D182,1,10,4.48,0.0,0.0
56090_G_D182,1,11,4.48,0.0,0.0
56090_G_D182,1,12,6.159999999999999,0.0,0.0
56090_G_D182,1,13,11.2,0.0,0.0
56090_G_D182,1,14,11.2,0.0,0.0
56090_G_D182,1,15,11.2,0.0,0.0
56090_G_D182,1,16,11.2,0.0,0.0
56090_G_D182,1,17,11.2,0.0,0.0
56090_G_D182,1,18,11.2,0.0,0.0
56090_G_D182,1,19,11.2,0.0,0.0
56090_G_D182,1,20,11.2,0.0,0.0
56090_G_D182,1,21,11.2,0.0,0.0
56090_G_D182,1,22,11.2,0.0,0.0
56090_G_D182,1,23,11.2,0.0,0.0
56090_G_D182,1,24,11.2,0.0,0.0
56090_G_D182,1,25,11.2,0.0,0.0
56090_G_D190,1,1,0.3,0.0,0.0
56090_G_D190,1,2,0.3,0.0,0.0
56090_G_D190,1,3,0.3,0.0,0.0
56090_G_D190,1,4,0.3,0.0,0.0
56090_G_D190,1,5,0.3,0.0,0.0
56090_G_D190,1,6,0.3,0.0,0.0
56090_G_D190,1,7,0.3,0.0,0.0
56090_G_D190,1,8,0.3,0.0,0.0
56090_G_D190,1,9,0.16499999999999998,0.0,0.0
56090_G_D190,1,10,0.12,0.0,0.0
56090_G_D190,1,11,0.12,0.0,0.0
56090_G_D190,1,12,0.16499999999999998,0.0,0.0
56090_G_D190,1,13,0.3,0.0,0.0
56090_G_D190,1,14,0.3,0.0,0.0
56090_G_D190,1,15,0.3,0.0,0.0
56090_G_D190,1,16,0.3,0.0,0.0
56090_G_D190,1,17,0.3,0.0,0.0
56090_G_D190,1,18,0.3,0.0,0.0
56090_G_D190,1,19,0.3,0.0,0.0
56090_G_D190,1,20,0.3,0.0,0.0
56090_G_D190,1,21,0.3,0.0,0.0
56090_G_D190,1,22,0.3,0.0,0.0
56090_G_D190,1,23,0.3,0.0,0.0
56090_G_D190,1,24,0.3,0.0,0.0
56090_G_D190,1,25,0.3,0.0,0.0
56135_G_2,1,1,0.0,0.0,0.0
56135_G_2,1,2,0.0,0.0,0.0
56135_G_2,1,3,0.0,0.0,0.0
56135_G_2,1,4,0.0,0.0,0.0
56135_G_2,1,5,0.0,0.0,0.0
56135_G_2,1,6,0.0,0.0,0.0
56135_G_2,1,7,0.0,0.0,0.0
56135_G_2,1,8,0.0,0.0,0.0
56135_G_2,1,9,0.0,0.0,0.0
56135_G_2,1,10,0.0,0.0,0.0
56135_G_2,1,11,0.0,0.0,0.0
56135_G_2,1,12,0.0,0.0,0.0
56135_G_2,1,13,0.0,0.0,0.0
56135_G_2,1,14,0.0,0.0,0.0
56135_G_2,1,15,0.0,0.0,0.0
56135_G_2,1,16,0.0,0.0,0.0
56135_G_2,1,17,0.0,0.0,0.0
56135_G_2,1,18,215.92199999996478,0.0,0.0
56135_G_2,1,19,215.92200000000003,0.0,0.0
56135_G_2,1,20,0.0,0.0,0.0
56135_G_2,1,21,0.0,0.0,0.0
56135_G_2,1,22,0.0,0.0,0.0
56135_G_2,1,23,0.0,0.0,0.0
56135_G_2,1,24,0.0,0.0,0.0
56135_G_2,1,25,0.0,0.0,0.0
56232_G_1,1,1,0.0,0.0,0.0
56232_G_1,1,2,0.0,0.0,0.0
56232_G_1,1,3,0.0,0.0,0.0
56232_G_1,1,4,0.0,0.0,0.0
56232_G_1,1,5,0.0,0.0,0.0
56232_G_1,1,6,0.0,0.0,0.0
56232_G_1,1,7,0.0,0.0,0.0
56232_G_1,1,8,0.0,0.0,0.0
56232_G_1,1,9,0.0,0.0,0.0
56232_G_1,1,10,0.0,0.0,0.0
56232_G_1,1,11,0.0,0.0,0.0
56232_G_1,1,12,0.0,0.0,0.0
56232_G_1,1,13,0.0,0.0,0.0
56232_G_1,1,14,0.0,0.0,0.0
56232_G_1,1,15,0.0,0.0,0.0
56232_G_1,1,16,0.0,0.0,0.0
56232_G_1,1,17,0.0,0.0,0.0
56232_G_1,1,18,0.0,0.0,0.0
56232_G_1,1,19,0.0,0.0,0.0
56232_G_1,1,20,0.0,0.0,0.0
56232_G_1,1,21,0.0,0.0,0.0
56232_G_1,1,22,0.0,0.0,0.0
56232_G_1,1,23,0.0,0.0,0.0
56232_G_1,1,24,0.0,0.0,0.0
56232_G_1,1,25,0.0,0.0,0.0
56298_G_0001,1,1,15.2,0.0,0.0
56298_G_0001,1,2,15.2,0.0,0.0
56298_G_0001,1,3,15.2,0.0,0.0
56298_G_0001,1,4,15.2,0.0,0.0
56298_G_0001,1,5,15.2,0.0,0.0
56298_G_0001,1,6,38.0,0.0,0.0
56298_G_0001,1,7,38.0,0.0,0.0
56298_G_0001,1,8,15.2,0.0,0.0
56298_G_0001,1,9,15.2,0.0,0.0
56298_G_0001,1,10,15.2,0.0,0.0
56298_G_0001,1,11,15.2,0.0,0.0
56298_G_0001,1,12,15.2,0.0,0.0
56298_G_0001,1,13,15.2,0.0,0.0
56298_G_0001,1,14,15.2,0.0,0.0
56298_G_0001,1,15,15.2,0.0,0.0
56298_G_0001,1,16,15.2,0.0,0.0
56298_G_0001,1,17,38.0,0.0,0.0
56298_G_0001,1,18,38.0,0.0,0.0
56298_G_0001,1,19,38.0,0.0,0.0
56298_G_0001,1,20,38.0,0.0,0.0
56298_G_0001,1,21,38.0,0.0,0.0
56298_G_0001,1,22,38.0,0.0,0.0
56298_G_0001,1,23,38.0,0.0,0.0
56298_G_0001,1,24,38.0,0.0,0.0
56298_G_0001,1,25,15.2,0.0,0.0
56298_G_0002,1,1,15.2,0.0,0.0
56298_G_0002,1,2,15.2,0.0,0.0
56298_G_0002,1,3,15.2,0.0,0.0
56298_G_0002,1,4,15.2,0.0,0.0
56298_G_0002,1,5,15.2,0.0,0.0
56298_G_0002,1,6,38.0,0.0,0.0
56298_G_0002,1,7,38.0,0.0,0.0
56298_G_0002,1,8,15.2,0.0,0.0
56298_G_0002,1,9,15.2,0.0,0.0
56298_G_0002,1,10,15.2,0.0,0.0
56298_G_0002,1,11,15.2,0.0,0.0
56298_G_0002,1,12,15.2,0.0,0.0
56298_G_0002,1,13,15.2,0.0,0.0
56298_G_0002,1,14,15.2,0.0,0.0
56298_G_0002,1,15,15.2,0.0,0.0
56298_G_0002,1,16,15.2,0.0,0.0
56298_G_0002,1,17,38.0,0.0,0.0
56298_G_0002,1,18,38.0,0.0,0.0
56298_G_0002,1,19,38.0,0.0,0.0
56298_G_0002,1,20,38.0,0.0,0.0
56298_G_0002,1,21,38.0,0.0,0.0
56298_G_0002,1,22,38.0,0.0,0.0
56298_G_0002,1,23,38.0,0.0,0.0
56298_G_0002,1,24,38.0,0.0,0.0
56298_G_0002,1,25,15.2,0.0,0.0
56298_G_0003,1,1,30.0,0.0,0.0
56298_G_0003,1,2,30.0,0.0,0.0
56298_G_0003,1,3,30.0,0.0,0.0
56298_G_0003,1,4,30.0,0.0,0.0
56298_G_0003,1,5,30.0,0.0,0.0
56298_G_0003,1,6,75.0,0.0,0.0
56298_G_0003,1,7,75.0,0.0,0.0
56298_G_0003,1,8,30.0,0.0,0.0
56298_G_0003,1,9,30.0,0.0,0.0
56298_G_0003,1,10,30.0,0.0,0.0
56298_G_0003,1,11,30.0,0.0,0.0
56298_G_0003,1,12,30.0,0.0,0.0
56298_G_0003,1,13,30.0,0.0,0.0
56298_G_0003,1,14,30.0,0.0,0.0
56298_G_0003,1,15,30.0,0.0,0.0
56298_G_0003,1,16,30.0,0.0,0.0
56298_G_0003,1,17,75.0,0.0,0.0
56298_G_0003,1,18,75.0,0.0,0.0
56298_G_0003,1,19,75.0,0.0,0.0
56298_G_0003,1,20,75.0,0.0,0.0
56298_G_0003,1,21,75.0,0.0,0.0
56298_G_0003,1,22,75.0,0.0,0.0
56298_G_0003,1,23,75.0,0.0,0.0
56298_G_0003,1,24,75.0,0.0,0.0
56298_G_0003,1,25,30.0,0.0,0.0
56356_G_CT1,1,1,8.4,0.0,0.0
56356_G_CT1,1,2,8.4,0.0,0.0
56356_G_CT1,1,3,8.4,0.0,0.0
56356_G_CT1,1,4,8.4,0.0,0.0
56356_G_CT1,1,5,8.4,0.0,0.0
56356_G_CT1,1,6,8.4,0.0,0.0
56356_G_CT1,1,7,8.4,0.0,0.0
56356_G_CT1,1,8,8.4,0.0,0.0
56356_G_CT1,1,9,8.4,0.0,0.0
56356_G_CT1,1,10,8.4,0.0,0.0
56356_G_CT1,1,11,8.4,0.0,0.0
56356_G_CT1,1,12,8.4,0.0,0.0
56356_G_CT1,1,13,8.4,0.0,0.0
56356_G_CT1,1,14,8.4,0.0,0.0
56356_G_CT1,1,15,8.4,0.0,0.0
56356_G_CT1,1,16,8.4,0.0,0.0
56356_G_CT1,1,17,21.0,0.0,0.0
56356_G_CT1,1,18,21.0,0.0,0.0
56356_G_CT1,1,19,21.0,0.0,0.0
56356_G_CT1,1,20,21.0,0.0,0.0
56356_G_CT1,1,21,21.0,0.0,0.0
56356_G_CT1,1,22,21.0,0.0,0.0
56356_G_CT1,1,23,8.4,0.0,0.0
56356_G_CT1,1,24,8.4,0.0,0.0
56356_G_CT1,1,25,8.4,0.0,0.0
56356_G_ST1,1,1,2.8000000000000007,0.0,0.0
56356_G_ST1,1,2,2.8000000000000007,0.0,0.0
56356_G_ST1,1,3,2.8000000000000007,0.0,0.0
56356_G_ST1,1,4,2.8000000000000003,0.0,0.0
56356_G_ST1,1,5,2.8000000000000003,0.0,0.0
56356_G_ST1,1,6,2.8000000000000007,0.0,0.0
56356_G_ST1,1,7,2.8000000000000003,0.0,0.0
56356_G_ST1,1,8,2.8000000000000007,0.0,0.0
56356_G_ST1,1,9,2.8000000000000003,0.0,0.0
56356_G_ST1,1,10,2.8000000000000003,0.0,0.0
56356_G_ST1,1,11,2.8000000000000003,0.0,0.0
56356_G_ST1,1,12,2.8000000000000007,0.0,0.0
56356_G_ST1,1,13,2.8000000000000007,0.0,0.0
56356_G_ST1,1,14,2.8000000000000007,0.0,0.0
56356_G_ST1,1,15,2.8000000000000007,0.0,0.0
56356_G_ST1,1,16,2.8000000000000003,0.0,0.0
56356_G_ST1,1,17,7.0,0.0,0.0
56356_G_ST1,1,18,7.0,0.0,0.0
56356_G_ST1,1,19,7.0,0.0,0.0
56356_G_ST1,1,20,7.0,0.0,0.0
56356_G_ST1,1,21,7.0,0.0,0.0
56356_G_ST1,1,22,7.0,0.0,0.0
56356_G_ST1,1,23,2.8000000000000003,0.0,0.0
56356_G_ST1,1,24,2.8000000000000003,0.0,0.0
56356_G_ST1,1,25,2.8000000000000007,0.0,0.0
56467_G_CTG1,1,1,185.0,0.0,0.0
56467_G_CTG1,1,2,185.0,0.0,0.0
56467_G_CTG1,1,3,185.0,0.0,0.0
56467_G_CTG1,1,4,185.0,0.0,0.0
56467_G_CTG1,1,5,185.0,0.0,0.0
56467_G_CTG1,1,6,185.0,0.0,0.0
56467_G_CTG1,1,7,185.0,0.0,0.0
56467_G_CTG1,1,8,126.17000000000002,0.0,0.0
56467_G_CTG1,1,9,74.0,0.0,0.0
56467_G_CTG1,1,10,74.0,0.0,0.0
56467_G_CTG1,1,11,74.0,0.0,0.0
56467_G_CTG1,1,12,74.0,0.0,0.0
56467_G_CTG1,1,13,74.0,0.0,0.0
56467_G_CTG1,1,14,132.82999999999998,0.0,0.0
56467_G_CTG1,1,15,126.17,0.0,0.0
56467_G_CTG1,1,16,185.0,0.0,0.0
56467_G_CTG1,1,17,185.0,0.0,0.0
56467_G_CTG1,1,18,185.0,0.0,0.0
56467_G_CTG1,1,19,185.0,0.0,0.0
56467_G_CTG1,1,20,185.0,0.0,0.0
56467_G_CTG1,1,21,185.0,0.0,0.0
56467_G_CTG1,1,22,185.0,0.0,0.0
56467_G_CTG1,1,23,185.0,0.0,0.0
56467_G_CTG1,1,24,185.0,0.0,0.0
56467_G_CTG1,1,25,185.0,0.0,0.0
56467_G_CTG2,1,1,185.0,0.0,0.0
56467_G_CTG2,1,2,185.0,0.0,0.0
56467_G_CTG2,1,3,185.0,0.0,0.0
56467_G_CTG2,1,4,185.0,0.0,0.0
56467_G_CTG2,1,5,185.0,0.0,0.0
56467_G_CTG2,1,6,185.0,0.0,0.0
56467_G_CTG2,1,7,185.0,0.0,0.0
56467_G_CTG2,1,8,126.17000000000002,0.0,0.0
56467_G_CTG2,1,9,74.0,0.0,0.0
56467_G_CTG2,1,10,74.0,0.0,0.0
56467_G_CTG2,1,11,74.0,0.0,0.0
56467_G_CTG2,1,12,74.0,0.0,0.0
56467_G_CTG2,1,13,74.0,0.0,0.0
56467_G_CTG2,1,14,132.82999999999998,0.0,0.0
56467_G_CTG2,1,15,126.17,0.0,0.0
56467_G_CTG2,1,16,185.0,0.0,0.0
56467_G_CTG2,1,17,185.0,0.0,0.0
56467_G_CTG2,1,18,185.0,0.0,0.0
56467_G_CTG2,1,19,185.0,0.0,0.0
56467_G_CTG2,1,20,185.0,0.0,0.0
56467_G_CTG2,1,21,185.0,0.0,0.0
56467_G_CTG2,1,22,185.0,0.0,0.0
56467_G_CTG2,1,23,185.0,0.0,0.0
56467_G_CTG2,1,24,185.0,0.0,0.0
56467_G_CTG2,1,25,185.0,0.0,0.0
56467_G_STG1,1,1,245.0,0.0,0.0
56467_G_STG1,1,2,245.0,0.0,0.0
56467_G_STG1,1,3,245.0,0.0,0.0
56467_G_STG1,1,4,245.0,0.0,0.0
56467_G_STG1,1,5,245.0,0.0,0.0
56467_G_STG1,1,6,245.0,0.0,0.0
56467_G_STG1,1,7,245.0,0.0,0.0
56467_G_STG1,1,8,167.08999999999997,0.0,0.0
56467_G_STG1,1,9,98.0,0.0,0.0
56467_G_STG1,1,10,98.0,0.0,0.0
56467_G_STG1,1,11,98.0,0.0,0.0
56467_G_STG1,1,12,98.0,0.0,0.0
56467_G_STG1,1,13,98.0,0.0,0.0
56467_G_STG1,1,14,175.91,0.0,0.0
56467_G_STG1,1,15,167.09,0.0,0.0
56467_G_STG1,1,16,245.0,0.0,0.0
56467_G_STG1,1,17,245.0,0.0,0.0
56467_G_STG1,1,18,245.0,0.0,0.0
56467_G_STG1,1,19,245.0,0.0,0.0
56467_G_STG1,1,20,245.0,0.0,0.0
56467_G_STG1,1,21,245.0,0.0,0.0
56467_G_STG1,1,22,245.0,0.0,0.0
56467_G_STG1,1,23,245.0,0.0,0.0
56467_G_STG1,1,24,245.0,0.0,0.0
56467_G_STG1,1,25,245.0,0.0,0.0
56471_G_1,1,1,0.0,0.0,0.0
56471_G_1,1,2,0.0,0.0,0.0
56471_G_1,1,3,0.0,0.0,0.0
56471_G_1,1,4,0.0,0.0,0.0
56471_G_1,1,5,0.0,0.0,0.0
56471_G_1,1,6,0.0,0.0,0.0
56471_G_1,1,7,0.0,0.0,0.0
56471_G_1,1,8,0.0,0.0,0.0
56471_G_1,1,9,0.0,0.0,0.0
56471_G_1,1,10,0.0,0.0,0.0
56471_G_1,1,11,0.0,0.0,0.0
56471_G_1,1,12,0.0,0.0,0.0
56471_G_1,1,13,0.0,0.0,0.0
56471_G_1,1,14,0.0,0.0,0.0
56471_G_1,1,15,0.0,0.0,0.0
56471_G_1,1,16,0.0,0.0,0.0
56471_G_1,1,17,0.0,0.0,0.0
56471_G_1,1,18,217.035,0.0,0.0
56471_G_1,1,19,118.48352272726339,0.0,0.0
56471_G_1,1,20,0.0,0.0,0.0
56471_G_1,1,21,0.0,0.0,0.0
56471_G_1,1,22,0.0,0.0,0.0
56471_G_1,1,23,0.0,0.0,0.0
56471_G_1,1,24,0.0,0.0,0.0
56471_G_1,1,25,0.0,0.0,0.0
56476_G_A,1,1,177.0,0.0,0.0
56476_G_A,1,2,177.0,0.0,0.0
56476_G_A,1,3,177.0,0.0,0.0
56476_G_A,1,4,177.0,0.0,0.0
56476_G_A,1,5,177.0,0.0,0.0
56476_G_A,1,6,177.0,0.0,0.0
56476_G_A,1,7,177.0,0.0,0.0
56476_G_A,1,8,120.714,0.0,0.0
56476_G_A,1,9,70.8,0.0,0.0
56476_G_A,1,10,70.8,0.0,0.0
56476_G_A,1,11,70.8,0.0,0.0
56476_G_A,1,12,70.8,0.0,0.0
56476_G_A,1,13,70.8,0.0,0.0
56476_G_A,1,14,127.086,0.0,0.0
56476_G_A,1,15,120.714,0.0,0.0
56476_G_A,1,16,177.0,0.0,0.0
56476_G_A,1,17,177.0,0.0,0.0
56476_G_A,1,18,177.0,0.0,0.0
56476_G_A,1,19,177.0,0.0,0.0
56476_G_A,1,20,177.0,0.0,0.0
56476_G_A,1,21,177.0,0.0,0.0
56476_G_A,1,22,177.0,0.0,0.0
56476_G_A,1,23,177.0,0.0,0.0
56476_G_A,1,24,177.0,0.0,0.0
56476_G_A,1,25,177.0,0.0,0.0
56476_G_B,1,1,177.0,0.0,0.0
56476_G_B,1,2,177.0,0.0,0.0
56476_G_B,1,3,177.0,0.0,0.0
56476_G_B,1,4,177.0,0.0,0.0
56476_G_B,1,5,177.0,0.0,0.0
56476_G_B,1,6,177.0,0.0,0.0
56476_G_B,1,7,177.0,0.0,0.0
56476_G_B,1,8,120.714,0.0,0.0
56476_G_B,1,9,70.8,0.0,0.0
56476_G_B,1,10,70.8,0.0,0.0
56476_G_B,1,11,70.8,0.0,0.0
56476_G_B,1,12,70.8,0.0,0.0
56476_G_B,1,13,70.8,0.0,0.0
56476_G_B,1,14,70.8,0.0,0.0
56476_G_B,1,15,120.714,0.0,0.0
56476_G_B,1,16,177.0,0.0,0.0
56476_G_B,1,17,177.0,0.0,0.0
56476_G_B,1,18,177.0,0.0,0.0
56476_G_B,1,19,177.0,0.0,0.0
56476_G_B,1,20,177.0,0.0,0.0
56476_G_B,1,21,177.0,0.0,0.0
56476_G_B,1,22,177.0,0.0,0.0
56476_G_B,1,23,177.0,0.0,0.0
56476_G_B,1,24,177.0,0.0,0.0
56476_G_B,1,25,176.99999999999739,0.0,0.0
56476_G_C,1,1,209.4,0.0,0.0
56476_G_C,1,2,209.4,0.0,0.0
56476_G_C,1,3,209.4,0.0,0.0
56476_G_C,1,4,209.4,0.0,0.0
56476_G_C,1,5,209.4,0.0,0.0
56476_G_C,1,6,209.4,0.0,0.0
56476_G_C,1,7,209.4,0.0,0.0
56476_G_C,1,8,142.81080000000003,0.0,0.0
56476_G_C,1,9,83.76,0.0,0.0
56476_G_C,1,10,83.76,0.0,0.0
56476_G_C,1,11,83.76,0.0,0.0
56476_G_C,1,12,83.76,0.0,0.0
56476_G_C,1,13,83.76,0.0,0.0
56476_G_C,1,14,122.07363072343938,0.0,0.0
56476_G_C,1,15,142.8108,0.0,0.0
56476_G_C,1,16,209.4,0.0,0.0
56476_G_C,1,17,209.4,0.0,0.0
56476_G_C,1,18,209.4,0.0,0.0
56476_G_C,1,19,209.4,0.0,0.0
56476_G_C,1,20,209.4,0.0,0.0
56476_G_C,1,21,209.4,0.0,0.0
56476_G_C,1,22,209.4,0.0,0.0
56476_G_C,1,23,209.4,0.0,0.0
56476_G_C,1,24,209.4,0.0,0.0
56476_G_C,1,25,209.4,0.0,0.0
56532_G_A,1,1,167.0,0.0,0.0
56532_G_A,1,2,167.0,0.0,0.0
56532_G_A,1,3,167.0,0.0,0.0
56532_G_A,1,4,167.0,0.0,0.0
56532_G_A,1,5,167.0,0.0,0.0
56532_G_A,1,6,167.0,0.0,0.0
56532_G_A,1,7,167.0,0.0,0.0
56532_G_A,1,8,113.89399999999999,0.0,0.0
56532_G_A,1,9,66.8,0.0,0.0
56532_G_A,1,10,66.8,0.0,0.0
56532_G_A,1,11,66.8,0.0,0.0
56532_G_A,1,12,66.8,0.0,0.0
56532_G_A,1,13,66.8,0.0,0.0
56532_G_A,1,14,66.8,0.0,0.0
56532_G_A,1,15,113.894,0.0,0.0
56532_G_A,1,16,167.0,0.0,0.0
56532_G_A,1,17,167.0,0.0,0.0
56532_G_A,1,18,167.0,0.0,0.0
56532_G_A,1,19,167.0,0.0,0.0
56532_G_A,1,20,167.0,0.0,0.0
56532_G_A,1,21,167.0,0.0,0.0
56532_G_A,1,22,167.0,0.0,0.0
56532_G_A,1,23,167.0,0.0,0.0
56532_G_A,1,24,167.0,0.0,0.0
56532_G_A,1,25,167.0,0.0,0.0
56532_G_B,1,1,167.0,0.0,0.0
56532_G_B,1,2,167.0,0.0,0.0
56532_G_B,1,3,167.0,0.0,0.0
56532_G_B,1,4,167.0,0.0,0.0
56532_G_B,1,5,167.0,0.0,0.0
56532_G_B,1,6,167.0,0.0,0.0
56532_G_B,1,7,167.0,0.0,0.0
56532_G_B,1,8,113.89399999999999,0.0,0.0
56532_G_B,1,9,66.8,0.0,0.0
56532_G_B,1,10,66.8,0.0,0.0
56532_G_B,1,11,66.8,0.0,0.0
56532_G_B,1,12,66.8,0.0,0.0
56532_G_B,1,13,66.8,0.0,0.0
56532_G_B,1,14,66.8,0.0,0.0
56532_G_B,1,15,113.89399999999986,0.0,0.0
56532_G_B,1,16,167.0,0.0,0.0
56532_G_B,1,17,167.0,0.0,0.0
56532_G_B,1,18,167.0,0.0,0.0
56532_G_B,1,19,167.0,0.0,0.0
56532_G_B,1,20,167.0,0.0,0.0
56532_G_B,1,21,167.0,0.0,0.0
56532_G_B,1,22,167.0,0.0,0.0
56532_G_B,1,23,167.0,0.0,0.0
56532_G_B,1,24,167.0,0.0,0.0
56532_G_B,1,25,167.0,0.0,0.0
56532_G_C,1,1,306.0,0.0,0.0
56532_G_C,1,2,306.0,0.0,0.0
56532_G_C,1,3,306.0,0.0,0.0
56532_G_C,1,4,306.0,0.0,0.0
56532_G_C,1,5,306.0,0.0,0.0
56532_G_C,1,6,306.0,0.0,0.0
56532_G_C,1,7,306.0,0.0,0.0
56532_G_C,1,8,208.69199999999998,0.0,0.0
56532_G_C,1,9,122.4,0.0,0.0
56532_G_C,1,10,122.4,0.0,0.0
56532_G_C,1,11,122.4,0.0,0.0
56532_G_C,1,12,122.4,0.0,0.0
56532_G_C,1,13,122.4,0.0,0.0
56532_G_C,1,14,122.4,0.0,0.0
56532_G_C,1,15,208.692,0.0,0.0
56532_G_C,1,16,306.0,0.0,0.0
56532_G_C,1,17,306.0,0.0,0.0
56532_G_C,1,18,306.0,0.0,0.0
56532_G_C,1,19,306.0,0.0,0.0
56532_G_C,1,20,306.0,0.0,0.0
56532_G_C,1,21,306.0,0.0,0.0
56532_G_C,1,22,306.0,0.0,0.0
56532_G_C,1,23,306.0,0.0,0.0
56532_G_C,1,24,306.0,0.0,0.0
56532_G_C,1,25,148.81550521783186,130.38095989643975,0.0
56569_G_2,1,1,0.0,0.0,0.0
56569_G_2,1,2,0.0,0.0,0.0
56569_G_2,1,3,0.0,0.0,0.0
56569_G_2,1,4,0.0,0.0,0.0
56569_G_2,1,5,0.0,0.0,0.0
56569_G_2,1,6,0.0,0.0,0.0
56569_G_2,1,7,0.0,0.0,0.0
56569_G_2,1,8,0.0,0.0,0.0
56569_G_2,1,9,0.0,0.0,0.0
56569_G_2,1,10,0.0,0.0,0.0
56569_G_2,1,11,0.0,0.0,0.0
56569_G_2,1,12,0.0,0.0,0.0
56569_G_2,1,13,0.0,0.0,0.0
56569_G_2,1,14,0.0,0.0,0.0
56569_G_2,1,15,0.0,0.0,0.0
56569_G_2,1,16,0.0,0.0,0.0
56569_G_2,1,17,0.0,0.0,0.0
56569_G_2,1,18,0.0,0.0,0.0
56569_G_2,1,19,0.0,0.0,0.0
56569_G_2,1,20,0.0,0.0,0.0
56569_G_2,1,21,0.0,0.0,0.0
56569_G_2,1,22,0.0,0.0,0.0
56569_G_2,1,23,0.0,0.0,0.0
56569_G_2,1,24,0.0,0.0,0.0
56569_G_2,1,25,0.0,0.0,0.0
56803_G_1,1,1,0.0,0.0,0.0
56803_G_1,1,2,0.0,0.0,0.0
56803_G_1,1,3,0.0,0.0,0.0
56803_G_1,1,4,0.0,0.0,0.0
56803_G_1,1,5,0.0,0.0,0.0
56803_G_1,1,6,0.0,0.0,0.0
56803_G_1,1,7,0.0,0.0,0.0
56803_G_1,1,8,0.0,0.0,0.0
56803_G_1,1,9,0.0,0.0,0.0
56803_G_1,1,10,0.0,0.0,0.0
56803_G_1,1,11,0.0,0.0,0.0
56803_G_1,1,12,0.0,0.0,0.0
56803_G_1,1,13,0.0,0.0,0.0
56803_G_1,1,14,0.0,0.0,0.0
56803_G_1,1,15,0.0,0.0,0.0
56803_G_1,1,16,0.0,0.0,0.0
56803_G_1,1,17,0.0,0.0,0.0
56803_G_1,1,18,71.97399999999999,0.0,0.0
56803_G_1,1,19,0.0,0.0,0.0
56803_G_1,1,20,0.0,0.0,0.0
56803_G_1,1,21,0.0,0.0,0.0
56803_G_1,1,22,0.0,0.0,0.0
56803_G_1,1,23,0.0,0.0,0.0
56803_G_1,1,24,0.0,0.0,0.0
56803_G_1,1,25,0.0,0.0,0.0
56803_G_2,1,1,0.0,0.0,0.0
56803_G_2,1,2,0.0,0.0,0.0
56803_G_2,1,3,0.0,0.0,0.0
56803_G_2,1,4,0.0,0.0,0.0
56803_G_2,1,5,0.0,0.0,0.0
56803_G_2,1,6,0.0,0.0,0.0
56803_G_2,1,7,0.0,0.0,0.0
56803_G_2,1,8,0.0,0.0,0.0
56803_G_2,1,9,0.0,0.0,0.0
56803_G_2,1,10,0.0,0.0,0.0
56803_G_2,1,11,0.0,0.0,0.0
56803_G_2,1,12,0.0,0.0,0.0
56803_G_2,1,13,0.0,0.0,0.0
56803_G_2,1,14,0.0,0.0,0.0
56803_G_2,1,15,0.0,0.0,0.0
56803_G_2,1,16,0.0,0.0,0.0
56803_G_2,1,17,0.0,0.0,0.0
56803_G_2,1,18,71.97399999999999,0.0,0.0
56803_G_2,1,19,71.97399999999999,0.0,0.0
56803_G_2,1,20,0.0,0.0,0.0
56803_G_2,1,21,0.0,0.0,0.0
56803_G_2,1,22,0.0,0.0,0.0
56803_G_2,1,23,0.0,0.0,0.0
56803_G_2,1,24,0.0,0.0,0.0
56803_G_2,1,25,0.0,0.0,0.0
56803_G_3,1,1,0.0,0.0,0.0
56803_G_3,1,2,0.0,0.0,0.0
56803_G_3,1,3,0.0,0.0,0.0
56803_G_3,1,4,0.0,0.0,0.0
56803_G_3,1,5,0.0,0.0,0.0
56803_G_3,1,6,0.0,0.0,0.0
56803_G_3,1,7,0.0,0.0,0.0
56803_G_3,1,8,0.0,0.0,0.0
56803_G_3,1,9,0.0,0.0,0.0
56803_G_3,1,10,0.0,0.0,0.0
56803_G_3,1,11,0.0,0.0,0.0
56803_G_3,1,12,0.0,0.0,0.0
56803_G_3,1,13,0.0,0.0,0.0
56803_G_3,1,14,0.0,0.0,0.0
56803_G_3,1,15,0.0,0.0,0.0
56803_G_3,1,16,0.0,0.0,0.0
56803_G_3,1,17,0.0,0.0,0.0
56803_G_3,1,18,71.97399999999999,0.0,0.0
56803_G_3,1,19,71.97399999999999,0.0,0.0
56803_G_3,1,20,0.0,0.0,0.0
56803_G_3,1,21,0.0,0.0,0.0
56803_G_3,1,22,0.0,0.0,0.0
56803_G_3,1,23,0.0,0.0,0.0
56803_G_3,1,24,0.0,0.0,0.0
56803_G_3,1,25,0.0,0.0,0.0
56803_G_4,1,1,0.0,0.0,0.0
56803_G_4,1,2,0.0,0.0,0.0
56803_G_4,1,3,0.0,0.0,0.0
56803_G_4,1,4,0.0,0.0,0.0
56803_G_4,1,5,0.0,0.0,0.0
56803_G_4,1,6,0.0,0.0,0.0
56803_G_4,1,7,0.0,0.0,0.0
56803_G_4,1,8,0.0,0.0,0.0
56803_G_4,1,9,0.0,0.0,0.0
56803_G_4,1,10,0.0,0.0,0.0
56803_G_4,1,11,0.0,0.0,0.0
56803_G_4,1,12,0.0,0.0,0.0
56803_G_4,1,13,0.0,0.0,0.0
56803_G_4,1,14,0.0,0.0,0.0
56803_G_4,1,15,0.0,0.0,0.0
56803_G_4,1,16,0.0,0.0,0.0
56803_G_4,1,17,0.0,0.0,0.0
56803_G_4,1,18,71.97400000000002,0.0,0.0
56803_G_4,1,19,71.97399999999999,0.0,0.0
56803_G_4,1,20,0.0,0.0,0.0
56803_G_4,1,21,0.0,0.0,0.0
56803_G_4,1,22,0.0,0.0,0.0
56803_G_4,1,23,0.0,0.0,0.0
56803_G_4,1,24,0.0,0.0,0.0
56803_G_4,1,25,0.0,0.0,0.0
56832_G_GE1,1,1,16.0,0.0,0.0
56832_G_GE1,1,2,16.0,0.0,0.0
56832_G_GE1,1,3,16.0,0.0,0.0
56832_G_GE1,1,4,16.0,0.0,0.0
56832_G_GE1,1,5,16.0,0.0,0.0
56832_G_GE1,1,6,16.0,0.0,0.0
56832_G_GE1,1,7,16.0,0.0,0.0
56832_G_GE1,1,8,16.0,0.0,0.0
56832_G_GE1,1,9,16.0,0.0,0.0
56832_G_GE1,1,10,10.528,0.0,0.0
56832_G_GE1,1,11,6.4,0.0,0.0
56832_G_GE1,1,12,10.527999999999999,0.0,0.0
56832_G_GE1,1,13,16.0,0.0,0.0
56832_G_GE1,1,14,16.0,0.0,0.0
56832_G_GE1,1,15,16.0,0.0,0.0
56832_G_GE1,1,16,16.0,0.0,0.0
56832_G_GE1,1,17,16.0,0.0,0.0
56832_G_GE1,1,18,16.0,0.0,0.0
56832_G_GE1,1,19,16.0,0.0,0.0
56832_G_GE1,1,20,16.0,0.0,0.0
56832_G_GE1,1,21,16.0,0.0,0.0
56832_G_GE1,1,22,16.0,0.0,0.0
56832_G_GE1,1,23,16.0,0.0,0.0
56832_G_GE1,1,24,16.0,0.0,0.0
56832_G_GE1,1,25,16.0,0.0,0.0
56832_G_GE2,1,1,16.0,0.0,0.0
56832_G_GE2,1,2,16.0,0.0,0.0
56832_G_GE2,1,3,16.0,0.0,0.0
56832_G_GE2,1,4,16.0,0.0,0.0
56832_G_GE2,1,5,16.0,0.0,0.0
56832_G_GE2,1,6,16.0,0.0,9.599999999999994
56832_G_GE2,1,7,16.0,0.0,9.6
56832_G_GE2,1,8,16.0,0.0,9.6
56832_G_GE2,1,9,16.0,0.0,9.6
56832_G_GE2,1,10,10.527999999999967,5.472000000000045,4.127999999999974
56832_G_GE2,1,11,15.426765714427653,0.5732342855723598,9.026765714427652
56832_G_GE2,1,12,16.0,0.0,9.6
56832_G_GE2,1,13,16.0,0.0,9.6
56832_G_GE2,1,14,16.0,0.0,9.6
56832_G_GE2,1,15,16.0,0.0,9.6
56832_G_GE2,1,16,16.0,0.0,9.6
56832_G_GE2,1,17,16.0,0.0,9.6
56832_G_GE2,1,18,16.0,0.0,9.6
56832_G_GE2,1,19,16.0,0.0,9.6
56832_G_GE2,1,20,16.0,0.0,9.6
56832_G_GE2,1,21,16.0,0.0,9.599999999999998
56832_G_GE2,1,22,16.0,0.0,9.6
56832_G_GE2,1,23,16.0,0.0,9.6
56832_G_GE2,1,24,16.0,0.0,9.6
56832_G_GE2,1,25,16.0,0.0,0.0
56832_G_GE3,1,1,16.0,0.0,0.0
56832_G_GE3,1,2,16.0,0.0,0.0
56832_G_GE3,1,3,16.0,0.0,0.0
56832_G_GE3,1,4,16.0,0.0,0.0
56832_G_GE3,1,5,16.0,0.0,0.0
56832_G_GE3,1,6,16.0,0.0,0.0
56832_G_GE3,1,7,16.0,0.0,0.0
56832_G_GE3,1,8,16.0,0.0,0.0
56832_G_GE3,1,9,16.0,0.0,0.0
56832_G_GE3,1,10,10.527999999999963,5.472000000000048,4.127999999999971
56832_G_GE3,1,11,6.4,9.6,0.0
56832_G_GE3,1,12,11.872,4.128,0.0
56832_G_GE3,1,13,16.0,0.0,0.0
56832_G_GE3,1,14,16.0,0.0,0.0
56832_G_GE3,1,15,16.0,0.0,0.0
56832_G_GE3,1,16,16.0,0.0,0.0
56832_G_GE3,1,17,16.0,0.0,0.0
56832_G_GE3,1,18,16.0,0.0,0.0
56832_G_GE3,1,19,16.0,0.0,0.0
56832_G_GE3,1,20,16.0,0.0,0.0
56832_G_GE3,1,21,16.0,0.0,0.0
56832_G_GE3,1,22,16.0,0.0,0.0
56832_G_GE3,1,23,16.0,0.0,0.0
56832_G_GE3,1,24,16.0,0.0,0.0
56832_G_GE3,1,25,16.0,0.0,0.0
56832_G_GE4,1,1,16.0,0.0,0.0
56832_G_GE4,1,2,16.0,0.0,0.0
56832_G_GE4,1,3,16.0,0.0,0.0
56832_G_GE4,1,4,16.0,0.0,0.0
56832_G_GE4,1,5,16.0,0.0,0.0
56832_G_GE4,1,6,16.0,0.0,0.0
56832_G_GE4,1,7,16.0,0.0,0.0
56832_G_GE4,1,8,16.0,0.0,0.0
56832_G_GE4,1,9,16.0,0.0,0.0
56832_G_GE4,1,10,10.527999999999995,0.0,0.0
56832_G_GE4,1,11,6.4,0.0,0.0
56832_G_GE4,1,12,10.527999999999999,0.0,0.0
56832_G_GE4,1,13,16.0,0.0,0.0
56832_G_GE4,1,14,16.0,0.0,0.0
56832_G_GE4,1,15,16.0,0.0,0.0
56832_G_GE4,1,16,16.0,0.0,0.0
56832_G_GE4,1,17,16.0,0.0,0.0
56832_G_GE4,1,18,16.0,0.0,0.0
56832_G_GE4,1,19,16.0,0.0,0.0
56832_G_GE4,1,20,16.0,0.0,0.0
56832_G_GE4,1,21,16.0,0.0,0.0
56832_G_GE4,1,22,16.0,0.0,0.0
56832_G_GE4,1,23,16.0,0.0,0.0
56832_G_GE4,1,24,16.0,0.0,0.0
56832_G_GE4,1,25,16.0,0.0,0.0
57001_G_GEN1,1,1,0.0,0.0,0.0
57001_G_GEN1,1,2,0.0,0.0,0.0
57001_G_GEN1,1,3,0.0,0.0,0.0
57001_G_GEN1,1,4,0.0,0.0,0.0
57001_G_GEN1,1,5,0.0,0.0,0.0
57001_G_GEN1,1,6,0.0,0.0,0.0
57001_G_GEN1,1,7,0.0,0.0,0.0
57001_G_GEN1,1,8,0.0,0.0,0.0
57001_G_GEN1,1,9,0.0,0.0,0.0
57001_G_GEN1,1,10,0.0,0.0,0.0
57001_G_GEN1,1,11,0.0,0.0,0.0
57001_G_GEN1,1,12,0.0,0.0,0.0
57001_G_GEN1,1,13,0.0,0.0,0.0
57001_G_GEN1,1,14,0.0,0.0,0.0
57001_G_GEN1,1,15,0.0,0.0,0.0
57001_G_GEN1,1,16,0.0,0.0,0.0
57001_G_GEN1,1,17,191.60959999999946,0.0,0.0
57001_G_GEN1,1,18,291.2,0.0,0.0
57001_G_GEN1,1,19,291.2,0.0,0.0
57001_G_GEN1,1,20,191.6096,0.0,0.0
57001_G_GEN1,1,21,0.0,0.0,0.0
57001_G_GEN1,1,22,0.0,0.0,0.0
57001_G_GEN1,1,23,0.0,0.0,0.0
57001_G_GEN1,1,24,0.0,0.0,0.0
57001_G_GEN1,1,25,0.0,0.0,0.0
57122_G_CTG1,1,1,5.4,0.0,0.0
57122_G_CTG1,1,2,5.4,0.0,0.0
57122_G_CTG1,1,3,5.4,0.0,0.0
57122_G_CTG1,1,4,5.4,0.0,0.0
57122_G_CTG1,1,5,5.4,0.0,0.0
57122_G_CTG1,1,6,13.5,0.0,0.0
57122_G_CTG1,1,7,13.5,0.0,0.0
57122_G_CTG1,1,8,5.4,0.0,0.0
57122_G_CTG1,1,9,5.4,0.0,0.0
57122_G_CTG1,1,10,5.4,0.0,0.0
57122_G_CTG1,1,11,5.4,0.0,0.0
57122_G_CTG1,1,12,5.4,0.0,0.0
57122_G_CTG1,1,13,5.4,0.0,0.0
57122_G_CTG1,1,14,5.4,0.0,0.0
57122_G_CTG1,1,15,5.4,0.0,0.0
57122_G_CTG1,1,16,13.5,0.0,0.0
57122_G_CTG1,1,17,13.5,0.0,0.0
57122_G_CTG1,1,18,13.5,0.0,0.0
57122_G_CTG1,1,19,13.5,0.0,0.0
57122_G_CTG1,1,20,13.5,0.0,0.0
57122_G_CTG1,1,21,13.5,0.0,0.0
57122_G_CTG1,1,22,13.5,0.0,0.0
57122_G_CTG1,1,23,13.5,0.0,0.0
57122_G_CTG1,1,24,13.5,0.0,0.0
57122_G_CTG1,1,25,5.4,0.0,0.0
57122_G_STG1,1,1,2.2,0.0,0.0
57122_G_STG1,1,2,2.2,0.0,0.0
57122_G_STG1,1,3,2.2,0.0,0.0
57122_G_STG1,1,4,2.2,0.0,0.0
57122_G_STG1,1,5,2.2,0.0,0.0
57122_G_STG1,1,6,5.5,0.0,0.0
57122_G_STG1,1,7,5.5,0.0,0.0
57122_G_STG1,1,8,2.2,0.0,0.0
57122_G_STG1,1,9,2.2,0.0,0.0
57122_G_STG1,1,10,2.2,0.0,0.0
57122_G_STG1,1,11,2.2,0.0,0.0
57122_G_STG1,1,12,2.2,0.0,0.0
57122_G_STG1,1,13,2.2,0.0,0.0
57122_G_STG1,1,14,2.2,0.0,0.0
57122_G_STG1,1,15,2.2,0.0,0.0
57122_G_STG1,1,16,5.5,0.0,0.0
57122_G_STG1,1,17,5.5,0.0,0.0
57122_G_STG1,1,18,5.5,0.0,0.0
57122_G_STG1,1,19,5.5,0.0,0.0
57122_G_STG1,1,20,5.5,0.0,0.0
57122_G_STG1,1,21,5.5,0.0,0.0
57122_G_STG1,1,22,5.5,0.0,0.0
57122_G_STG1,1,23,5.5,0.0,0.0
57122_G_STG1,1,24,5.5,0.0,0.0
57122_G_STG1,1,25,2.2,0.0,0.0
57267_G_1,1,1,0.0,0.0,0.0
57267_G_1,1,2,0.0,0.0,0.0
57267_G_1,1,3,0.0,0.0,0.0
57267_G_1,1,4,0.0,0.0,0.0
57267_G_1,1,5,0.0,0.0,0.0
57267_G_1,1,6,0.0,0.0,0.0
57267_G_1,1,7,0.0,0.0,0.0
57267_G_1,1,8,0.0,0.0,0.0
57267_G_1,1,9,0.0,0.0,0.0
57267_G_1,1,10,0.0,0.0,0.0
57267_G_1,1,11,0.0,0.0,0.0
57267_G_1,1,12,0.0,0.0,0.0
57267_G_1,1,13,0.0,0.0,0.0
57267_G_1,1,14,0.0,0.0,0.0
57267_G_1,1,15,0.0,0.0,0.0
57267_G_1,1,16,0.0,0.0,0.0
57267_G_1,1,17,0.0,0.0,0.0
57267_G_1,1,18,0.0,0.0,0.0
57267_G_1,1,19,0.0,0.0,0.0
57267_G_1,1,20,0.0,0.0,0.0
57267_G_1,1,21,0.0,0.0,0.0
57267_G_1,1,22,0.0,0.0,0.0
57267_G_1,1,23,0.0,0.0,0.0
57267_G_1,1,24,0.0,0.0,0.0
57267_G_1,1,25,0.0,0.0,0.0
57267_G_2,1,1,0.0,0.0,0.0
57267_G_2,1,2,0.0,0.0,0.0
57267_G_2,1,3,0.0,0.0,0.0
57267_G_2,1,4,0.0,0.0,0.0
57267_G_2,1,5,0.0,0.0,0.0
57267_G_2,1,6,0.0,0.0,0.0
57267_G_2,1,7,0.0,0.0,0.0
57267_G_2,1,8,0.0,0.0,0.0
57267_G_2,1,9,0.0,0.0,0.0
57267_G_2,1,10,0.0,0.0,0.0
57267_G_2,1,11,0.0,0.0,0.0
57267_G_2,1,12,0.0,0.0,0.0
57267_G_2,1,13,0.0,0.0,0.0
57267_G_2,1,14,0.0,0.0,0.0
57267_G_2,1,15,0.0,0.0,0.0
57267_G_2,1,16,0.0,0.0,0.0
57267_G_2,1,17,0.0,0.0,0.0
57267_G_2,1,18,0.0,0.0,0.0
57267_G_2,1,19,0.0,0.0,0.0
57267_G_2,1,20,0.0,0.0,0.0
57267_G_2,1,21,0.0,0.0,0.0
57267_G_2,1,22,0.0,0.0,0.0
57267_G_2,1,23,0.0,0.0,0.0
57267_G_2,1,24,0.0,0.0,0.0
57267_G_2,1,25,0.0,0.0,0.0
57267_G_3,1,1,0.0,0.0,0.0
57267_G_3,1,2,0.0,0.0,0.0
57267_G_3,1,3,0.0,0.0,0.0
57267_G_3,1,4,0.0,0.0,0.0
57267_G_3,1,5,0.0,0.0,0.0
57267_G_3,1,6,0.0,0.0,0.0
57267_G_3,1,7,0.0,0.0,0.0
57267_G_3,1,8,0.0,0.0,0.0
57267_G_3,1,9,0.0,0.0,0.0
57267_G_3,1,10,0.0,0.0,0.0
57267_G_3,1,11,0.0,0.0,0.0
57267_G_3,1,12,0.0,0.0,0.0
57267_G_3,1,13,0.0,0.0,0.0
57267_G_3,1,14,0.0,0.0,0.0
57267_G_3,1,15,0.0,0.0,0.0
57267_G_3,1,16,0.0,0.0,0.0
57267_G_3,1,17,0.0,0.0,0.0
57267_G_3,1,18,0.0,0.0,0.0
57267_G_3,1,19,0.0,0.0,0.0
57267_G_3,1,20,0.0,0.0,0.0
57267_G_3,1,21,0.0,0.0,0.0
57267_G_3,1,22,0.0,0.0,0.0
57267_G_3,1,23,0.0,0.0,0.0
57267_G_3,1,24,0.0,0.0,0.0
57267_G_3,1,25,0.0,0.0,0.0
57267_G_4,1,1,0.0,0.0,0.0
57267_G_4,1,2,0.0,0.0,0.0
57267_G_4,1,3,0.0,0.0,0.0
57267_G_4,1,4,0.0,0.0,0.0
57267_G_4,1,5,0.0,0.0,0.0
57267_G_4,1,6,0.0,0.0,0.0
57267_G_4,1,7,0.0,0.0,0.0
57267_G_4,1,8,0.0,0.0,0.0
57267_G_4,1,9,0.0,0.0,0.0
57267_G_4,1,10,0.0,0.0,0.0
57267_G_4,1,11,0.0,0.0,0.0
57267_G_4,1,12,0.0,0.0,0.0
57267_G_4,1,13,0.0,0.0,0.0
57267_G_4,1,14,0.0,0.0,0.0
57267_G_4,1,15,0.0,0.0,0.0
57267_G_4,1,16,0.0,0.0,0.0
57267_G_4,1,17,0.0,0.0,0.0
57267_G_4,1,18,0.0,0.0,0.0
57267_G_4,1,19,0.0,0.0,0.0
57267_G_4,1,20,0.0,0.0,0.0
57267_G_4,1,21,0.0,0.0,0.0
57267_G_4,1,22,0.0,0.0,0.0
57267_G_4,1,23,0.0,0.0,0.0
57267_G_4,1,24,0.0,0.0,0.0
57267_G_4,1,25,0.0,0.0,0.0
57475_G_HRP1,1,1,49.9,0.0,0.0
57475_G_HRP1,1,2,49.9,0.0,0.0
57475_G_HRP1,1,3,49.9,0.0,0.0
57475_G_HRP1,1,4,49.9,0.0,0.0
57475_G_HRP1,1,5,49.9,0.0,0.0
57475_G_HRP1,1,6,49.9,0.0,0.0
57475_G_HRP1,1,7,49.9,0.0,0.0
57475_G_HRP1,1,8,49.9,0.0,0.0
57475_G_HRP1,1,9,49.9,0.0,0.0
57475_G_HRP1,1,10,32.834199999999996,0.0,0.0
57475_G_HRP1,1,11,19.96,0.0,0.0
57475_G_HRP1,1,12,32.834199999999996,0.0,0.0
57475_G_HRP1,1,13,49.9,0.0,0.0
57475_G_HRP1,1,14,49.9,0.0,0.0
57475_G_HRP1,1,15,49.9,0.0,0.0
57475_G_HRP1,1,16,49.9,0.0,0.0
57475_G_HRP1,1,17,49.9,0.0,0.0
57475_G_HRP1,1,18,49.9,0.0,0.0
57475_G_HRP1,1,19,49.9,0.0,0.0
57475_G_HRP1,1,20,49.9,0.0,0.0
57475_G_HRP1,1,21,49.9,0.0,0.0
57475_G_HRP1,1,22,49.9,0.0,0.0
57475_G_HRP1,1,23,49.9,0.0,0.0
57475_G_HRP1,1,24,49.9,0.0,0.0
57475_G_HRP1,1,25,49.9,0.0,0.0
57482_G_CTG1,1,1,0.0,0.0,0.0
57482_G_CTG1,1,2,0.0,0.0,0.0
57482_G_CTG1,1,3,0.0,0.0,0.0
57482_G_CTG1,1,4,0.0,0.0,0.0
57482_G_CTG1,1,5,0.0,0.0,0.0
57482_G_CTG1,1,6,0.0,0.0,0.0
57482_G_CTG1,1,7,0.0,0.0,0.0
57482_G_CTG1,1,8,0.0,0.0,0.0
57482_G_CTG1,1,9,0.0,0.0,0.0
57482_G_CTG1,1,10,0.0,0.0,0.0
57482_G_CTG1,1,11,0.0,0.0,0.0
57482_G_CTG1,1,12,0.0,0.0,0.0
57482_G_CTG1,1,13,0.0,0.0,0.0
57482_G_CTG1,1,14,0.0,0.0,0.0
57482_G_CTG1,1,15,0.0,0.0,0.0
57482_G_CTG1,1,16,0.0,0.0,0.0
57482_G_CTG1,1,17,0.0,0.0,0.0
57482_G_CTG1,1,18,74.2,0.0,0.0
57482_G_CTG1,1,19,74.2,0.0,0.0
57482_G_CTG1,1,20,0.0,0.0,0.0
57482_G_CTG1,1,21,0.0,0.0,0.0
57482_G_CTG1,1,22,0.0,0.0,0.0
57482_G_CTG1,1,23,0.0,0.0,0.0
57482_G_CTG1,1,24,0.0,0.0,0.0
57482_G_CTG1,1,25,0.0,0.0,0.0
57482_G_CTG2,1,1,0.0,0.0,0.0
57482_G_CTG2,1,2,0.0,0.0,0.0
57482_G_CTG2,1,3,0.0,0.0,0.0
57482_G_CTG2,1,4,0.0,0.0,0.0
57482_G_CTG2,1,5,0.0,0.0,0.0
57482_G_CTG2,1,6,0.0,0.0,0.0
57482_G_CTG2,1,7,0.0,0.0,0.0
57482_G_CTG2,1,8,0.0,0.0,0.0
57482_G_CTG2,1,9,0.0,0.0,0.0
57482_G_CTG2,1,10,0.0,0.0,0.0
57482_G_CTG2,1,11,0.0,0.0,0.0
57482_G_CTG2,1,12,0.0,0.0,0.0
57482_G_CTG2,1,13,0.0,0.0,0.0
57482_G_CTG2,1,14,0.0,0.0,0.0
57482_G_CTG2,1,15,0.0,0.0,0.0
57482_G_CTG2,1,16,0.0,0.0,0.0
57482_G_CTG2,1,17,0.0,0.0,0.0
57482_G_CTG2,1,18,0.0,0.0,0.0
57482_G_CTG2,1,19,0.0,0.0,0.0
57482_G_CTG2,1,20,0.0,0.0,0.0
57482_G_CTG2,1,21,0.0,0.0,0.0
57482_G_CTG2,1,22,0.0,0.0,0.0
57482_G_CTG2,1,23,0.0,0.0,0.0
57482_G_CTG2,1,24,0.0,0.0,0.0
57482_G_CTG2,1,25,0.0,0.0,0.0
57482_G_CTG3,1,1,0.0,0.0,0.0
57482_G_CTG3,1,2,0.0,0.0,0.0
57482_G_CTG3,1,3,0.0,0.0,0.0
57482_G_CTG3,1,4,0.0,0.0,0.0
57482_G_CTG3,1,5,0.0,0.0,0.0
57482_G_CTG3,1,6,0.0,0.0,0.0
57482_G_CTG3,1,7,0.0,0.0,0.0
57482_G_CTG3,1,8,0.0,0.0,0.0
57482_G_CTG3,1,9,0.0,0.0,0.0
57482_G_CTG3,1,10,0.0,0.0,0.0
57482_G_CTG3,1,11,0.0,0.0,0.0
57482_G_CTG3,1,12,0.0,0.0,0.0
57482_G_CTG3,1,13,0.0,0.0,0.0
57482_G_CTG3,1,14,0.0,0.0,0.0
57482_G_CTG3,1,15,0.0,0.0,0.0
57482_G_CTG3,1,16,0.0,0.0,0.0
57482_G_CTG3,1,17,0.0,0.0,0.0
57482_G_CTG3,1,18,0.0,0.0,0.0
57482_G_CTG3,1,19,0.0,0.0,0.0
57482_G_CTG3,1,20,0.0,0.0,0.0
57482_G_CTG3,1,21,0.0,0.0,0.0
57482_G_CTG3,1,22,0.0,0.0,0.0
57482_G_CTG3,1,23,0.0,0.0,0.0
57482_G_CTG3,1,24,0.0,0.0,0.0
57482_G_CTG3,1,25,0.0,0.0,0.0
57482_G_CTG4,1,1,0.0,0.0,0.0
57482_G_CTG4,1,2,0.0,0.0,0.0
57482_G_CTG4,1,3,0.0,0.0,0.0
57482_G_CTG4,1,4,0.0,0.0,0.0
57482_G_CTG4,1,5,0.0,0.0,0.0
57482_G_CTG4,1,6,0.0,0.0,0.0
57482_G_CTG4,1,7,0.0,0.0,0.0
57482_G_CTG4,1,8,0.0,0.0,0.0
57482_G_CTG4,1,9,0.0,0.0,0.0
57482_G_CTG4,1,10,0.0,0.0,0.0
57482_G_CTG4,1,11,0.0,0.0,0.0
57482_G_CTG4,1,12,0.0,0.0,0.0
57482_G_CTG4,1,13,0.0,0.0,0.0
57482_G_CTG4,1,14,0.0,0.0,0.0
57482_G_CTG4,1,15,0.0,0.0,0.0
57482_G_CTG4,1,16,0.0,0.0,0.0
57482_G_CTG4,1,17,0.0,0.0,0.0
57482_G_CTG4,1,18,0.0,0.0,0.0
57482_G_CTG4,1,19,0.0,0.0,0.0
57482_G_CTG4,1,20,0.0,0.0,0.0
57482_G_CTG4,1,21,0.0,0.0,0.0
57482_G_CTG4,1,22,0.0,0.0,0.0
57482_G_CTG4,1,23,0.0,0.0,0.0
57482_G_CTG4,1,24,0.0,0.0,0.0
57482_G_CTG4,1,25,0.0,0.0,0.0
57482_G_CTG5,1,1,0.0,0.0,0.0
57482_G_CTG5,1,2,0.0,0.0,0.0
57482_G_CTG5,1,3,0.0,0.0,0.0
57482_G_CTG5,1,4,0.0,0.0,0.0
57482_G_CTG5,1,5,0.0,0.0,0.0
57482_G_CTG5,1,6,0.0,0.0,0.0
57482_G_CTG5,1,7,0.0,0.0,0.0
57482_G_CTG5,1,8,0.0,0.0,0.0
57482_G_CTG5,1,9,0.0,0.0,0.0
57482_G_CTG5,1,10,0.0,0.0,0.0
57482_G_CTG5,1,11,0.0,0.0,0.0
57482_G_CTG5,1,12,0.0,0.0,0.0
57482_G_CTG5,1,13,0.0,0.0,0.0
57482_G_CTG5,1,14,0.0,0.0,0.0
57482_G_CTG5,1,15,0.0,0.0,0.0
57482_G_CTG5,1,16,0.0,0.0,0.0
57482_G_CTG5,1,17,65.79999999999997,0.0,0.0
57482_G_CTG5,1,18,99.99999999999999,0.0,0.0
57482_G_CTG5,1,19,74.6995112661831,0.0,0.0
57482_G_CTG5,1,20,40.49951126618308,0.0,0.0
57482_G_CTG5,1,21,0.0,0.0,0.0
57482_G_CTG5,1,22,0.0,0.0,0.0
57482_G_CTG5,1,23,0.0,0.0,0.0
57482_G_CTG5,1,24,0.0,0.0,0.0
57482_G_CTG5,1,25,0.0,0.0,0.0
57482_G_CTG6,1,1,0.0,0.0,0.0
57482_G_CTG6,1,2,0.0,0.0,0.0
57482_G_CTG6,1,3,0.0,0.0,0.0
57482_G_CTG6,1,4,0.0,0.0,0.0
57482_G_CTG6,1,5,0.0,0.0,0.0
57482_G_CTG6,1,6,0.0,0.0,0.0
57482_G_CTG6,1,7,0.0,0.0,0.0
57482_G_CTG6,1,8,0.0,0.0,0.0
57482_G_CTG6,1,9,0.0,0.0,0.0
57482_G_CTG6,1,10,0.0,0.0,0.0
57482_G_CTG6,1,11,0.0,0.0,0.0
57482_G_CTG6,1,12,0.0,0.0,0.0
57482_G_CTG6,1,13,0.0,0.0,0.0
57482_G_CTG6,1,14,0.0,0.0,0.0
57482_G_CTG6,1,15,0.0,0.0,0.0
57482_G_CTG6,1,16,0.0,0.0,0.0
57482_G_CTG6,1,17,0.0,0.0,0.0
57482_G_CTG6,1,18,74.2,0.0,0.0
57482_G_CTG6,1,19,0.0,0.0,0.0
57482_G_CTG6,1,20,0.0,0.0,0.0
57482_G_CTG6,1,21,0.0,0.0,0.0
57482_G_CTG6,1,22,0.0,0.0,0.0
57482_G_CTG6,1,23,0.0,0.0,0.0
57482_G_CTG6,1,24,0.0,0.0,0.0
57482_G_CTG6,1,25,0.0,0.0,0.0
57482_G_CTG7,1,1,0.0,0.0,0.0
57482_G_CTG7,1,2,0.0,0.0,0.0
57482_G_CTG7,1,3,0.0,0.0,0.0
57482_G_CTG7,1,4,0.0,0.0,0.0
57482_G_CTG7,1,5,0.0,0.0,0.0
57482_G_CTG7,1,6,0.0,0.0,0.0
57482_G_CTG7,1,7,0.0,0.0,0.0
57482_G_CTG7,1,8,0.0,0.0,0.0
57482_G_CTG7,1,9,0.0,0.0,0.0
57482_G_CTG7,1,10,0.0,0.0,0.0
57482_G_CTG7,1,11,0.0,0.0,0.0
57482_G_CTG7,1,12,0.0,0.0,0.0
57482_G_CTG7,1,13,0.0,0.0,0.0
57482_G_CTG7,1,14,0.0,0.0,0.0
57482_G_CTG7,1,15,0.0,0.0,0.0
57482_G_CTG7,1,16,0.0,0.0,0.0
57482_G_CTG7,1,17,0.0,0.0,0.0
57482_G_CTG7,1,18,0.0,0.0,0.0
57482_G_CTG7,1,19,0.0,0.0,0.0
57482_G_CTG7,1,20,0.0,0.0,0.0
57482_G_CTG7,1,21,0.0,0.0,0.0
57482_G_CTG7,1,22,0.0,0.0,0.0
57482_G_CTG7,1,23,0.0,0.0,0.0
57482_G_CTG7,1,24,0.0,0.0,0.0
57482_G_CTG7,1,25,0.0,0.0,0.0
57482_G_CTG8,1,1,0.0,0.0,0.0
57482_G_CTG8,1,2,0.0,0.0,0.0
57482_G_CTG8,1,3,0.0,0.0,0.0
57482_G_CTG8,1,4,0.0,0.0,0.0
57482_G_CTG8,1,5,0.0,0.0,0.0
57482_G_CTG8,1,6,0.0,0.0,0.0
57482_G_CTG8,1,7,0.0,0.0,0.0
57482_G_CTG8,1,8,0.0,0.0,0.0
57482_G_CTG8,1,9,0.0,0.0,0.0
57482_G_CTG8,1,10,0.0,0.0,0.0
57482_G_CTG8,1,11,0.0,0.0,0.0
57482_G_CTG8,1,12,0.0,0.0,0.0
57482_G_CTG8,1,13,0.0,0.0,0.0
57482_G_CTG8,1,14,0.0,0.0,0.0
57482_G_CTG8,1,15,0.0,0.0,0.0
57482_G_CTG8,1,16,0.0,0.0,0.0
57482_G_CTG8,1,17,65.79999999999997,0.0,0.0
57482_G_CTG8,1,18,100.0,0.0,0.0
57482_G_CTG8,1,19,100.0,0.0,0.0
57482_G_CTG8,1,20,65.79999999999998,0.0,0.0
57482_G_CTG8,1,21,0.0,0.0,0.0
57482_G_CTG8,1,22,0.0,0.0,0.0
57482_G_CTG8,1,23,0.0,0.0,0.0
57482_G_CTG8,1,24,0.0,0.0,0.0
57482_G_CTG8,1,25,0.0,0.0,0.0
57483_G_CTG2,1,1,0.0,0.0,0.0
57483_G_CTG2,1,2,0.0,0.0,0.0
57483_G_CTG2,1,3,0.0,0.0,0.0
57483_G_CTG2,1,4,0.0,0.0,0.0
57483_G_CTG2,1,5,0.0,0.0,0.0
57483_G_CTG2,1,6,0.0,0.0,0.0
57483_G_CTG2,1,7,0.0,0.0,0.0
57483_G_CTG2,1,8,0.0,0.0,0.0
57483_G_CTG2,1,9,0.0,0.0,0.0
57483_G_CTG2,1,10,0.0,0.0,0.0
57483_G_CTG2,1,11,0.0,0.0,0.0
57483_G_CTG2,1,12,0.0,0.0,0.0
57483_G_CTG2,1,13,0.0,0.0,0.0
57483_G_CTG2,1,14,0.0,0.0,0.0
57483_G_CTG2,1,15,0.0,0.0,0.0
57483_G_CTG2,1,16,0.0,0.0,0.0
57483_G_CTG2,1,17,0.0,0.0,0.0
57483_G_CTG2,1,18,0.0,0.0,0.0
57483_G_CTG2,1,19,0.0,0.0,0.0
57483_G_CTG2,1,20,0.0,0.0,0.0
57483_G_CTG2,1,21,0.0,0.0,0.0
57483_G_CTG2,1,22,0.0,0.0,0.0
57483_G_CTG2,1,23,0.0,0.0,0.0
57483_G_CTG2,1,24,0.0,0.0,0.0
57483_G_CTG2,1,25,0.0,0.0,0.0
57515_G_GT1,1,1,0.0,0.0,0.0
57515_G_GT1,1,2,0.0,0.0,0.0
57515_G_GT1,1,3,0.0,0.0,0.0
57515_G_GT1,1,4,0.0,0.0,0.0
57515_G_GT1,1,5,0.0,0.0,0.0
57515_G_GT1,1,6,0.0,0.0,0.0
57515_G_GT1,1,7,0.0,0.0,0.0
57515_G_GT1,1,8,0.0,0.0,0.0
57515_G_GT1,1,9,0.0,0.0,0.0
57515_G_GT1,1,10,0.0,0.0,0.0
57515_G_GT1,1,11,0.0,0.0,0.0
57515_G_GT1,1,12,0.0,0.0,0.0
57515_G_GT1,1,13,0.0,0.0,0.0
57515_G_GT1,1,14,0.0,0.0,0.0
57515_G_GT1,1,15,0.0,0.0,0.0
57515_G_GT1,1,16,0.0,0.0,0.0
57515_G_GT1,1,17,0.0,0.0,0.0
57515_G_GT1,1,18,0.0,0.0,0.0
57515_G_GT1,1,19,0.0,0.0,0.0
57515_G_GT1,1,20,0.0,0.0,0.0
57515_G_GT1,1,21,0.0,0.0,0.0
57515_G_GT1,1,22,0.0,0.0,0.0
57515_G_GT1,1,23,0.0,0.0,0.0
57515_G_GT1,1,24,0.0,0.0,0.0
57515_G_GT1,1,25,0.0,0.0,0.0
57515_G_GT2,1,1,0.0,0.0,0.0
57515_G_GT2,1,2,0.0,0.0,0.0
57515_G_GT2,1,3,0.0,0.0,0.0
57515_G_GT2,1,4,0.0,0.0,0.0
57515_G_GT2,1,5,0.0,0.0,0.0
57515_G_GT2,1,6,0.0,0.0,0.0
57515_G_GT2,1,7,0.0,0.0,0.0
57515_G_GT2,1,8,0.0,0.0,0.0
57515_G_GT2,1,9,0.0,0.0,0.0
57515_G_GT2,1,10,0.0,0.0,0.0
57515_G_GT2,1,11,0.0,0.0,0.0
57515_G_GT2,1,12,0.0,0.0,0.0
57515_G_GT2,1,13,0.0,0.0,0.0
57515_G_GT2,1,14,0.0,0.0,0.0
57515_G_GT2,1,15,0.0,0.0,0.0
57515_G_GT2,1,16,0.0,0.0,0.0
57515_G_GT2,1,17,0.0,0.0,0.0
57515_G_GT2,1,18,71.97399999999999,0.0,0.0
57515_G_GT2,1,19,0.0,0.0,0.0
57515_G_GT2,1,20,0.0,0.0,0.0
57515_G_GT2,1,21,0.0,0.0,0.0
57515_G_GT2,1,22,0.0,0.0,0.0
57515_G_GT2,1,23,0.0,0.0,0.0
57515_G_GT2,1,24,0.0,0.0,0.0
57515_G_GT2,1,25,0.0,0.0,0.0
57515_G_GT3,1,1,0.0,0.0,0.0
57515_G_GT3,1,2,0.0,0.0,0.0
57515_G_GT3,1,3,0.0,0.0,0.0
57515_G_GT3,1,4,0.0,0.0,0.0
57515_G_GT3,1,5,0.0,0.0,0.0
57515_G_GT3,1,6,0.0,0.0,0.0
57515_G_GT3,1,7,0.0,0.0,0.0
57515_G_GT3,1,8,0.0,0.0,0.0
57515_G_GT3,1,9,0.0,0.0,0.0
57515_G_GT3,1,10,0.0,0.0,0.0
57515_G_GT3,1,11,0.0,0.0,0.0
57515_G_GT3,1,12,0.0,0.0,0.0
57515_G_GT3,1,13,0.0,0.0,0.0
57515_G_GT3,1,14,0.0,0.0,0.0
57515_G_GT3,1,15,0.0,0.0,0.0
57515_G_GT3,1,16,0.0,0.0,0.0
57515_G_GT3,1,17,0.0,0.0,0.0
57515_G_GT3,1,18,0.0,0.0,0.0
57515_G_GT3,1,19,0.0,0.0,0.0
57515_G_GT3,1,20,0.0,0.0,0.0
57515_G_GT3,1,21,0.0,0.0,0.0
57515_G_GT3,1,22,0.0,0.0,0.0
57515_G_GT3,1,23,0.0,0.0,0.0
57515_G_GT3,1,24,0.0,0.0,0.0
57515_G_GT3,1,25,0.0,0.0,0.0
57515_G_GT4,1,1,0.0,0.0,0.0
57515_G_GT4,1,2,0.0,0.0,0.0
57515_G_GT4,1,3,0.0,0.0,0.0
57515_G_GT4,1,4,0.0,0.0,0.0
57515_G_GT4,1,5,0.0,0.0,0.0
57515_G_GT4,1,6,0.0,0.0,0.0
57515_G_GT4,1,7,0.0,0.0,0.0
57515_G_GT4,1,8,0.0,0.0,0.0
57515_G_GT4,1,9,0.0,0.0,0.0
57515_G_GT4,1,10,0.0,0.0,0.0
57515_G_GT4,1,11,0.0,0.0,0.0
57515_G_GT4,1,12,0.0,0.0,0.0
57515_G_GT4,1,13,0.0,0.0,0.0
57515_G_GT4,1,14,0.0,0.0,0.0
57515_G_GT4,1,15,0.0,0.0,0.0
57515_G_GT4,1,16,0.0,0.0,0.0
57515_G_GT4,1,17,0.0,0.0,0.0
57515_G_GT4,1,18,71.97399999999999,0.0,0.0
57515_G_GT4,1,19,0.0,0.0,0.0
57515_G_GT4,1,20,0.0,0.0,0.0
57515_G_GT4,1,21,0.0,0.0,0.0
57515_G_GT4,1,22,0.0,0.0,0.0
57515_G_GT4,1,23,0.0,0.0,0.0
57515_G_GT4,1,24,0.0,0.0,0.0
57515_G_GT4,1,25,0.0,0.0,0.0
57515_G_GT5,1,1,0.0,0.0,0.0
57515_G_GT5,1,2,0.0,0.0,0.0
57515_G_GT5,1,3,0.0,0.0,0.0
57515_G_GT5,1,4,0.0,0.0,0.0
57515_G_GT5,1,5,0.0,0.0,0.0
57515_G_GT5,1,6,0.0,0.0,0.0
57515_G_GT5,1,7,0.0,0.0,0.0
57515_G_GT5,1,8,0.0,0.0,0.0
57515_G_GT5,1,9,0.0,0.0,0.0
57515_G_GT5,1,10,0.0,0.0,0.0
57515_G_GT5,1,11,0.0,0.0,0.0
57515_G_GT5,1,12,0.0,0.0,0.0
57515_G_GT5,1,13,0.0,0.0,0.0
57515_G_GT5,1,14,0.0,0.0,0.0
57515_G_GT5,1,15,0.0,0.0,0.0
57515_G_GT5,1,16,0.0,0.0,0.0
57515_G_GT5,1,17,0.0,0.0,0.0
57515_G_GT5,1,18,71.97399999999999,0.0,0.0
57515_G_GT5,1,19,0.0,0.0,0.0
57515_G_GT5,1,20,0.0,0.0,0.0
57515_G_GT5,1,21,0.0,0.0,0.0
57515_G_GT5,1,22,0.0,0.0,0.0
57515_G_GT5,1,23,0.0,0.0,0.0
57515_G_GT5,1,24,0.0,0.0,0.0
57515_G_GT5,1,25,0.0,0.0,0.0
57555_G_CTG1,1,1,0.0,0.0,0.0
57555_G_CTG1,1,2,0.0,0.0,0.0
57555_G_CTG1,1,3,0.0,0.0,0.0
57555_G_CTG1,1,4,0.0,0.0,0.0
57555_G_CTG1,1,5,0.0,0.0,0.0
57555_G_CTG1,1,6,0.0,0.0,0.0
57555_G_CTG1,1,7,0.0,0.0,0.0
57555_G_CTG1,1,8,0.0,0.0,0.0
57555_G_CTG1,1,9,0.0,0.0,0.0
57555_G_CTG1,1,10,0.0,0.0,0.0
57555_G_CTG1,1,11,0.0,0.0,0.0
57555_G_CTG1,1,12,0.0,0.0,0.0
57555_G_CTG1,1,13,0.0,0.0,0.0
57555_G_CTG1,1,14,0.0,0.0,0.0
57555_G_CTG1,1,15,0.0,0.0,0.0
57555_G_CTG1,1,16,0.0,0.0,0.0
57555_G_CTG1,1,17,0.0,0.0,0.0
57555_G_CTG1,1,18,71.97400000000005,0.0,0.0
57555_G_CTG1,1,19,0.0,0.0,0.0
57555_G_CTG1,1,20,0.0,0.0,0.0
57555_G_CTG1,1,21,0.0,0.0,0.0
57555_G_CTG1,1,22,0.0,0.0,0.0
57555_G_CTG1,1,23,0.0,0.0,0.0
57555_G_CTG1,1,24,0.0,0.0,0.0
57555_G_CTG1,1,25,0.0,0.0,0.0
57555_G_CTG2,1,1,0.0,0.0,0.0
57555_G_CTG2,1,2,0.0,0.0,0.0
57555_G_CTG2,1,3,0.0,0.0,0.0
57555_G_CTG2,1,4,0.0,0.0,0.0
57555_G_CTG2,1,5,0.0,0.0,0.0
57555_G_CTG2,1,6,0.0,0.0,0.0
57555_G_CTG2,1,7,0.0,0.0,0.0
57555_G_CTG2,1,8,0.0,0.0,0.0
57555_G_CTG2,1,9,0.0,0.0,0.0
57555_G_CTG2,1,10,0.0,0.0,0.0
57555_G_CTG2,1,11,0.0,0.0,0.0
57555_G_CTG2,1,12,0.0,0.0,0.0
57555_G_CTG2,1,13,0.0,0.0,0.0
57555_G_CTG2,1,14,0.0,0.0,0.0
57555_G_CTG2,1,15,0.0,0.0,0.0
57555_G_CTG2,1,16,0.0,0.0,0.0
57555_G_CTG2,1,17,0.0,0.0,0.0
57555_G_CTG2,1,18,0.0,0.0,0.0
57555_G_CTG2,1,19,0.0,0.0,0.0
57555_G_CTG2,1,20,0.0,0.0,0.0
57555_G_CTG2,1,21,0.0,0.0,0.0
57555_G_CTG2,1,22,0.0,0.0,0.0
57555_G_CTG2,1,23,0.0,0.0,0.0
57555_G_CTG2,1,24,0.0,0.0,0.0
57555_G_CTG2,1,25,0.0,0.0,0.0
57555_G_CTG3,1,1,0.0,0.0,0.0
57555_G_CTG3,1,2,0.0,0.0,0.0
57555_G_CTG3,1,3,0.0,0.0,0.0
57555_G_CTG3,1,4,0.0,0.0,0.0
57555_G_CTG3,1,5,0.0,0.0,0.0
57555_G_CTG3,1,6,0.0,0.0,0.0
57555_G_CTG3,1,7,0.0,0.0,0.0
57555_G_CTG3,1,8,0.0,0.0,0.0
57555_G_CTG3,1,9,0.0,0.0,0.0
57555_G_CTG3,1,10,0.0,0.0,0.0
57555_G_CTG3,1,11,0.0,0.0,0.0
57555_G_CTG3,1,12,0.0,0.0,0.0
57555_G_CTG3,1,13,0.0,0.0,0.0
57555_G_CTG3,1,14,0.0,0.0,0.0
57555_G_CTG3,1,15,0.0,0.0,0.0
57555_G_CTG3,1,16,0.0,0.0,0.0
57555_G_CTG3,1,17,0.0,0.0,0.0
57555_G_CTG3,1,18,71.97399999999999,0.0,0.0
57555_G_CTG3,1,19,0.0,0.0,0.0
57555_G_CTG3,1,20,0.0,0.0,0.0
57555_G_CTG3,1,21,0.0,0.0,0.0
57555_G_CTG3,1,22,0.0,0.0,0.0
57555_G_CTG3,1,23,0.0,0.0,0.0
57555_G_CTG3,1,24,0.0,0.0,0.0
57555_G_CTG3,1,25,0.0,0.0,0.0
57564_G_CTG,1,1,19.6,0.0,0.0
57564_G_CTG,1,2,19.6,0.0,0.0
57564_G_CTG,1,3,19.6,0.0,0.0
57564_G_CTG,1,4,19.6,0.0,0.0
57564_G_CTG,1,5,19.6,0.0,0.0
57564_G_CTG,1,6,19.6,0.0,0.0
57564_G_CTG,1,7,49.0,0.0,0.0
57564_G_CTG,1,8,19.6,0.0,0.0
57564_G_CTG,1,9,19.6,0.0,0.0
57564_G_CTG,1,10,19.6,0.0,0.0
57564_G_CTG,1,11,19.6,0.0,0.0
57564_G_CTG,1,12,19.6,0.0,0.0
57564_G_CTG,1,13,19.6,0.0,0.0
57564_G_CTG,1,14,19.6,0.0,0.0
57564_G_CTG,1,15,19.6,0.0,0.0
57564_G_CTG,1,16,19.6,0.0,0.0
57564_G_CTG,1,17,49.0,0.0,0.0
57564_G_CTG,1,18,49.0,0.0,0.0
57564_G_CTG,1,19,49.0,0.0,0.0
57564_G_CTG,1,20,49.0,0.0,0.0
57564_G_CTG,1,21,49.0,0.0,0.0
57564_G_CTG,1,22,49.0,0.0,0.0
57564_G_CTG,1,23,49.0,0.0,0.0
57564_G_CTG,1,24,19.6,7.841138055393301,0.0
57564_G_CTG,1,25,19.6,0.0,0.0
57564_G_STG2,1,1,5.0,0.0,0.0
57564_G_STG2,1,2,5.0,0.0,0.0
57564_G_STG2,1,3,5.0,0.0,0.0
57564_G_STG2,1,4,5.0,0.0,0.0
57564_G_STG2,1,5,5.0,0.0,0.0
57564_G_STG2,1,6,5.0,0.0,0.0
57564_G_STG2,1,7,12.5,0.0,0.0
57564_G_STG2,1,8,5.0,0.0,0.0
57564_G_STG2,1,9,5.0,0.0,0.0
57564_G_STG2,1,10,5.0,0.0,0.0
57564_G_STG2,1,11,5.0,0.0,0.0
57564_G_STG2,1,12,5.0,0.0,0.0
57564_G_STG2,1,13,5.0,0.0,0.0
57564_G_STG2,1,14,5.0,0.0,0.0
57564_G_STG2,1,15,5.0,0.0,0.0
57564_G_STG2,1,16,5.0,0.0,0.0
57564_G_STG2,1,17,12.5,0.0,0.0
57564_G_STG2,1,18,12.5,0.0,0.0
57564_G_STG2,1,19,12.5,0.0,0.0
57564_G_STG2,1,20,12.5,0.0,0.0
57564_G_STG2,1,21,12.5,0.0,0.0
57564_G_STG2,1,22,12.5,0.0,0.0
57564_G_STG2,1,23,12.5,0.0,0.0
57564_G_STG2,1,24,5.0,7.5,0.0
57564_G_STG2,1,25,5.0,0.0,0.0
57584_G_NT2,1,1,5.4,0.0,0.0
57584_G_NT2,1,2,5.4,0.0,0.0
57584_G_NT2,1,3,5.4,0.0,0.0
57584_G_NT2,1,4,5.4,0.0,0.0
57584_G_NT2,1,5,5.4,0.0,0.0
57584_G_NT2,1,6,13.5,0.0,0.0
57584_G_NT2,1,7,13.5,0.0,0.0
57584_G_NT2,1,8,5.4,0.0,0.0
57584_G_NT2,1,9,5.4,0.0,0.0
57584_G_NT2,1,10,5.4,0.0,0.0
57584_G_NT2,1,11,5.4,0.0,0.0
57584_G_NT2,1,12,5.4,0.0,0.0
57584_G_NT2,1,13,5.4,0.0,0.0
57584_G_NT2,1,14,5.4,0.0,0.0
57584_G_NT2,1,15,5.4,0.0,0.0
57584_G_NT2,1,16,13.5,0.0,0.0
57584_G_NT2,1,17,13.5,0.0,0.0
57584_G_NT2,1,18,13.5,0.0,0.0
57584_G_NT2,1,19,13.5,0.0,0.0
57584_G_NT2,1,20,13.5,0.0,0.0
57584_G_NT2,1,21,13.5,0.0,0.0
57584_G_NT2,1,22,13.5,0.0,0.0
57584_G_NT2,1,23,13.5,0.0,0.0
57584_G_NT2,1,24,13.5,0.0,0.0
57584_G_NT2,1,25,5.4,0.0,0.0
57584_G_ST1,1,1,5.4,0.0,0.0
57584_G_ST1,1,2,5.4,0.0,0.0
57584_G_ST1,1,3,5.4,0.0,0.0
57584_G_ST1,1,4,5.4,0.0,0.0
57584_G_ST1,1,5,5.4,0.0,0.0
57584_G_ST1,1,6,13.5,0.0,0.0
57584_G_ST1,1,7,13.5,0.0,0.0
57584_G_ST1,1,8,5.4,0.0,0.0
57584_G_ST1,1,9,5.4,0.0,0.0
57584_G_ST1,1,10,5.4,0.0,0.0
57584_G_ST1,1,11,5.4,0.0,0.0
57584_G_ST1,1,12,5.4,0.0,0.0
57584_G_ST1,1,13,5.4,0.0,0.0
57584_G_ST1,1,14,5.4,0.0,0.0
57584_G_ST1,1,15,5.4,0.0,0.0
57584_G_ST1,1,16,13.5,0.0,0.0
57584_G_ST1,1,17,13.5,0.0,0.0
57584_G_ST1,1,18,13.5,0.0,0.0
57584_G_ST1,1,19,13.5,0.0,0.0
57584_G_ST1,1,20,13.5,0.0,0.0
57584_G_ST1,1,21,13.5,0.0,0.0
57584_G_ST1,1,22,13.5,0.0,0.0
57584_G_ST1,1,23,13.5,0.0,0.0
57584_G_ST1,1,24,13.5,0.0,0.0
57584_G_ST1,1,25,5.4,0.0,0.0
57584_G_STG,1,1,1.2000000000000002,0.0,0.0
57584_G_STG,1,2,1.2000000000000002,0.0,0.0
57584_G_STG,1,3,1.2000000000000002,0.0,0.0
57584_G_STG,1,4,1.2000000000000002,0.0,0.0
57584_G_STG,1,5,1.2000000000000002,0.0,0.0
57584_G_STG,1,6,3.0,0.0,0.0
57584_G_STG,1,7,3.0,0.0,0.0
57584_G_STG,1,8,1.2000000000000002,0.0,0.0
57584_G_STG,1,9,1.2000000000000002,0.0,0.0
57584_G_STG,1,10,1.2000000000000002,0.0,0.0
57584_G_STG,1,11,1.2000000000000002,0.0,0.0
57584_G_STG,1,12,1.2000000000000002,0.0,0.0
57584_G_STG,1,13,1.2000000000000002,0.0,0.0
57584_G_STG,1,14,1.2000000000000002,0.0,0.0
57584_G_STG,1,15,1.2000000000000002,0.0,0.0
57584_G_STG,1,16,3.0,0.0,0.0
57584_G_STG,1,17,3.0,0.0,0.0
57584_G_STG,1,18,3.0,0.0,0.0
57584_G_STG,1,19,3.0,0.0,0.0
57584_G_STG,1,20,3.0,0.0,0.0
57584_G_STG,1,21,3.0,0.0,0.0
57584_G_STG,1,22,3.0,0.0,0.0
57584_G_STG,1,23,3.0,0.0,0.0
57584_G_STG,1,24,3.0,0.0,0.0
57584_G_STG,1,25,1.2000000000000002,0.0,0.0
57585_G_1,1,1,0.0,0.0,0.0
57585_G_1,1,2,0.0,0.0,0.0
57585_G_1,1,3,0.0,0.0,0.0
57585_G_1,1,4,0.0,0.0,0.0
57585_G_1,1,5,0.0,0.0,0.0
57585_G_1,1,6,0.0,0.0,0.0
57585_G_1,1,7,0.0,0.0,0.0
57585_G_1,1,8,0.0,0.0,0.0
57585_G_1,1,9,0.0,0.0,0.0
57585_G_1,1,10,0.0,0.0,0.0
57585_G_1,1,11,0.0,0.0,0.0
57585_G_1,1,12,0.0,0.0,0.0
57585_G_1,1,13,0.0,0.0,0.0
57585_G_1,1,14,0.0,0.0,0.0
57585_G_1,1,15,0.0,0.0,0.0
57585_G_1,1,16,0.0,0.0,0.0
57585_G_1,1,17,0.0,0.0,0.0
57585_G_1,1,18,0.0,0.0,0.0
57585_G_1,1,19,0.0,0.0,0.0
57585_G_1,1,20,0.0,0.0,0.0
57585_G_1,1,21,0.0,0.0,0.0
57585_G_1,1,22,0.0,0.0,0.0
57585_G_1,1,23,0.0,0.0,0.0
57585_G_1,1,24,0.0,0.0,0.0
57585_G_1,1,25,0.0,0.0,0.0
57696_G_1,1,1,11.0,0.0,0.0
57696_G_1,1,2,11.0,0.0,0.0
57696_G_1,1,3,11.0,0.0,0.0
57696_G_1,1,4,11.0,0.0,0.0
57696_G_1,1,5,11.0,0.0,0.0
57696_G_1,1,6,11.0,0.0,0.0
57696_G_1,1,7,11.0,0.0,0.0
57696_G_1,1,8,11.0,0.0,0.0
57696_G_1,1,9,4.4,0.0,0.0
57696_G_1,1,10,4.4,0.0,0.0
57696_G_1,1,11,4.4,0.0,0.0
57696_G_1,1,12,4.4,0.0,0.0
57696_G_1,1,13,11.0,0.0,0.0
57696_G_1,1,14,11.0,0.0,0.0
57696_G_1,1,15,11.0,0.0,0.0
57696_G_1,1,16,11.0,0.0,0.0
57696_G_1,1,17,11.0,0.0,0.0
57696_G_1,1,18,11.0,0.0,0.0
57696_G_1,1,19,11.0,0.0,0.0
57696_G_1,1,20,11.0,0.0,0.0
57696_G_1,1,21,11.0,0.0,0.0
57696_G_1,1,22,11.0,0.0,0.0
57696_G_1,1,23,11.0,0.0,0.0
57696_G_1,1,24,11.0,0.0,0.0
57696_G_1,1,25,11.0,0.0,0.0
57901_G_5,1,1,78.0,0.0,0.0
57901_G_5,1,2,78.0,0.0,0.0
57901_G_5,1,3,78.0,0.0,0.0
57901_G_5,1,4,78.0,0.0,0.0
57901_G_5,1,5,78.0,0.0,0.0
57901_G_5,1,6,78.0,0.0,0.0
57901_G_5,1,7,78.0,0.0,0.0
57901_G_5,1,8,78.0,0.0,0.0
57901_G_5,1,9,78.0,0.0,0.0
57901_G_5,1,10,78.0,0.0,0.0
57901_G_5,1,11,78.0,0.0,0.0
57901_G_5,1,12,78.0,0.0,0.0
57901_G_5,1,13,78.0,0.0,0.0
57901_G_5,1,14,78.0,0.0,0.0
57901_G_5,1,15,78.0,0.0,0.0
57901_G_5,1,16,132.98999999999984,0.0,0.0
57901_G_5,1,17,195.0,0.0,0.0
57901_G_5,1,18,195.0,0.0,0.0
57901_G_5,1,19,195.0,0.0,0.0
57901_G_5,1,20,195.0,0.0,0.0
57901_G_5,1,21,195.0,0.0,0.0
57901_G_5,1,22,195.0,0.0,0.0
57901_G_5,1,23,140.01000000000008,54.99000000000001,0.0
57901_G_5,1,24,78.0,0.0,0.0
57901_G_5,1,25,78.0,0.0,0.0
57901_G_6,1,1,24.0,0.0,0.0
57901_G_6,1,2,24.0,0.0,0.0
57901_G_6,1,3,24.0,0.0,0.0
57901_G_6,1,4,24.0,0.0,0.0
57901_G_6,1,5,24.0,0.0,0.0
57901_G_6,1,6,24.0,0.0,0.0
57901_G_6,1,7,24.0,0.0,0.0
57901_G_6,1,8,24.0,0.0,0.0
57901_G_6,1,9,24.0,0.0,0.0
57901_G_6,1,10,24.0,0.0,0.0
57901_G_6,1,11,24.0,0.0,0.0
57901_G_6,1,12,24.0,0.0,0.0
57901_G_6,1,13,24.0,0.0,0.0
57901_G_6,1,14,24.0,0.0,0.0
57901_G_6,1,15,24.0,0.0,0.0
57901_G_6,1,16,24.0,0.0,0.0
57901_G_6,1,17,60.0,0.0,0.0
57901_G_6,1,18,60.0,0.0,0.0
57901_G_6,1,19,60.0,0.0,0.0
57901_G_6,1,20,60.0,0.0,0.0
57901_G_6,1,21,60.0,0.0,0.0
57901_G_6,1,22,60.0,0.0,0.0
57901_G_6,1,23,60.0,0.0,0.0
57901_G_6,1,24,24.0,0.0,0.0
57901_G_6,1,25,24.0,0.0,0.0
57901_G_7,1,1,78.0,0.0,0.0
57901_G_7,1,2,78.0,0.0,0.0
57901_G_7,1,3,78.0,0.0,0.0
57901_G_7,1,4,78.0,0.0,0.0
57901_G_7,1,5,78.0,0.0,0.0
57901_G_7,1,6,78.0,0.0,0.0
57901_G_7,1,7,78.0,0.0,0.0
57901_G_7,1,8,78.0,0.0,0.0
57901_G_7,1,9,78.0,0.0,0.0
57901_G_7,1,10,78.0,0.0,0.0
57901_G_7,1,11,78.0,0.0,0.0
57901_G_7,1,12,78.0,0.0,0.0
57901_G_7,1,13,78.0,0.0,0.0
57901_G_7,1,14,78.0,0.0,0.0
57901_G_7,1,15,78.0,0.0,0.0
57901_G_7,1,16,132.99,0.0,0.0
57901_G_7,1,17,195.0,0.0,0.0
57901_G_7,1,18,195.0,0.0,0.0
57901_G_7,1,19,195.0,0.0,0.0
57901_G_7,1,20,195.0,0.0,0.0
57901_G_7,1,21,195.0,0.0,0.0
57901_G_7,1,22,195.0,0.0,0.0
57901_G_7,1,23,140.01,54.99000000000001,0.0
57901_G_7,1,24,78.0,0.0,0.0
57901_G_7,1,25,78.0,0.0,0.0
57901_G_8,1,1,24.0,0.0,0.0
57901_G_8,1,2,24.0,0.0,0.0
57901_G_8,1,3,24.0,0.0,0.0
57901_G_8,1,4,24.0,0.0,0.0
57901_G_8,1,5,24.0,0.0,0.0
57901_G_8,1,6,24.0,0.0,0.0
57901_G_8,1,7,40.470472804625075,0.0,0.0
57901_G_8,1,8,24.0,0.0,0.0
57901_G_8,1,9,24.0,0.0,0.0
57901_G_8,1,10,24.0,0.0,0.0
57901_G_8,1,11,24.0,0.0,0.0
57901_G_8,1,12,24.0,0.0,0.0
57901_G_8,1,13,24.0,0.0,0.0
57901_G_8,1,14,24.0,0.0,0.0
57901_G_8,1,15,24.0,0.0,0.0
57901_G_8,1,16,24.0,0.0,0.0
57901_G_8,1,17,60.0,0.0,0.0
57901_G_8,1,18,60.0,0.0,0.0
57901_G_8,1,19,60.0,0.0,0.0
57901_G_8,1,20,60.0,0.0,0.0
57901_G_8,1,21,60.0,0.0,0.0
57901_G_8,1,22,60.0,0.0,0.0
57901_G_8,1,23,60.0,0.0,0.0
57901_G_8,1,24,24.0,0.0,0.0
57901_G_8,1,25,24.0,0.0,0.0
57978_G_CT1,1,1,162.0,0.0,0.0
57978_G_CT1,1,2,162.0,0.0,0.0
57978_G_CT1,1,3,162.0,0.0,0.0
57978_G_CT1,1,4,162.0,0.0,0.0
57978_G_CT1,1,5,162.0,0.0,0.0
57978_G_CT1,1,6,162.0,0.0,0.0
57978_G_CT1,1,7,162.0,0.0,0.0
57978_G_CT1,1,8,110.484,0.0,0.0
57978_G_CT1,1,9,64.8,0.0,0.0
57978_G_CT1,1,10,64.8,0.0,0.0
57978_G_CT1,1,11,64.8,0.0,0.0
57978_G_CT1,1,12,64.8,0.0,0.0
57978_G_CT1,1,13,64.8,0.0,0.0
57978_G_CT1,1,14,116.316,0.0,0.0
57978_G_CT1,1,15,162.0,0.0,0.0
57978_G_CT1,1,16,162.0,0.0,0.0
57978_G_CT1,1,17,162.0,0.0,0.0
57978_G_CT1,1,18,162.0,0.0,0.0
57978_G_CT1,1,19,162.0,0.0,0.0
57978_G_CT1,1,20,162.0,0.0,0.0
57978_G_CT1,1,21,162.0,0.0,0.0
57978_G_CT1,1,22,162.0,0.0,0.0
57978_G_CT1,1,23,162.0,0.0,0.0
57978_G_CT1,1,24,162.0,0.0,0.0
57978_G_CT1,1,25,162.0,0.0,0.0
57978_G_ST1,1,1,95.0,0.0,0.0
57978_G_ST1,1,2,95.0,0.0,0.0
57978_G_ST1,1,3,95.0,0.0,0.0
57978_G_ST1,1,4,95.0,0.0,0.0
57978_G_ST1,1,5,95.0,0.0,0.0
57978_G_ST1,1,6,95.0,0.0,0.0
57978_G_ST1,1,7,95.0,0.0,0.0
57978_G_ST1,1,8,38.0,0.0,0.0
57978_G_ST1,1,9,38.0,0.0,0.0
57978_G_ST1,1,10,38.0,0.0,0.0
57978_G_ST1,1,11,38.0,0.0,0.0
57978_G_ST1,1,12,38.0,0.0,0.0
57978_G_ST1,1,13,38.000000000008505,0.0,0.0
57978_G_ST1,1,14,95.0,0.0,0.0
57978_G_ST1,1,15,95.0,0.0,0.0
57978_G_ST1,1,16,95.0,0.0,0.0
57978_G_ST1,1,17,95.0,0.0,0.0
57978_G_ST1,1,18,95.0,0.0,0.0
57978_G_ST1,1,19,95.0,0.0,0.0
57978_G_ST1,1,20,95.0,0.0,0.0
57978_G_ST1,1,21,95.0,0.0,0.0
57978_G_ST1,1,22,95.0,0.0,0.0
57978_G_ST1,1,23,95.0,0.0,0.0
57978_G_ST1,1,24,95.0,0.0,0.0
57978_G_ST1,1,25,95.0,0.0,0.0
58198_G_GTG1,1,1,2.08,0.0,0.0
58198_G_GTG1,1,2,2.08,0.0,0.0
58198_G_GTG1,1,3,2.08,0.0,0.0
58198_G_GTG1,1,4,2.08,0.0,0.0
58198_G_GTG1,1,5,2.08,0.0,0.0
58198_G_GTG1,1,6,5.2,0.0,0.0
58198_G_GTG1,1,7,5.2,0.0,0.0
58198_G_GTG1,1,8,2.08,0.0,0.0
58198_G_GTG1,1,9,2.08,0.0,0.0
58198_G_GTG1,1,10,2.08,0.0,0.0
58198_G_GTG1,1,11,2.08,0.0,0.0
58198_G_GTG1,1,12,2.08,0.0,0.0
58198_G_GTG1,1,13,2.08,0.0,0.0
58198_G_GTG1,1,14,2.08,0.0,0.0
58198_G_GTG1,1,15,2.08,0.0,0.0
58198_G_GTG1,1,16,5.2,0.0,0.0
58198_G_GTG1,1,17,5.2,0.0,0.0
58198_G_GTG1,1,18,5.2,0.0,0.0
58198_G_GTG1,1,19,5.2,0.0,0.0
58198_G_GTG1,1,20,5.2,0.0,0.0
58198_G_GTG1,1,21,5.2,0.0,0.0
58198_G_GTG1,1,22,5.2,0.0,0.0
58198_G_GTG1,1,23,5.2,0.0,0.0
58198_G_GTG1,1,24,5.2,0.0,0.0
58198_G_GTG1,1,25,2.08,0.0,0.0
58198_G_GTG2,1,1,2.2,0.0,0.0
58198_G_GTG2,1,2,2.2,0.0,0.0
58198_G_GTG2,1,3,2.2,0.0,0.0
58198_G_GTG2,1,4,2.2,0.0,0.0
58198_G_GTG2,1,5,2.2,0.0,0.0
58198_G_GTG2,1,6,5.5,0.0,0.0
58198_G_GTG2,1,7,5.5,0.0,0.0
58198_G_GTG2,1,8,2.2,0.0,0.0
58198_G_GTG2,1,9,2.2,0.0,0.0
58198_G_GTG2,1,10,2.2,0.0,0.0
58198_G_GTG2,1,11,2.2,0.0,0.0
58198_G_GTG2,1,12,2.2,0.0,0.0
58198_G_GTG2,1,13,2.2,0.0,0.0
58198_G_GTG2,1,14,2.2,0.0,0.0
58198_G_GTG2,1,15,2.2,0.0,0.0
58198_G_GTG2,1,16,5.5,0.0,0.0
58198_G_GTG2,1,17,5.5,0.0,0.0
58198_G_GTG2,1,18,5.5,0.0,0.0
58198_G_GTG2,1,19,5.5,0.0,0.0
58198_G_GTG2,1,20,5.5,0.0,0.0
58198_G_GTG2,1,21,5.5,0.0,0.0
58198_G_GTG2,1,22,5.5,0.0,0.0
58198_G_GTG2,1,23,5.5,0.0,0.0
58198_G_GTG2,1,24,5.5,0.0,0.0
58198_G_GTG2,1,25,2.2,0.0,0.0
58198_G_STG1,1,1,0.72,0.0,0.0
58198_G_STG1,1,2,0.72,0.0,0.0
58198_G_STG1,1,3,0.7200000000000001,0.0,0.0
58198_G_STG1,1,4,0.7200000000000001,0.0,0.0
58198_G_STG1,1,5,0.7200000000000001,0.0,0.0
58198_G_STG1,1,6,1.8,0.0,0.0
58198_G_STG1,1,7,1.8,0.0,0.0
58198_G_STG1,1,8,0.7200000000000001,0.0,0.0
58198_G_STG1,1,9,0.7200000000000001,0.0,0.0
58198_G_STG1,1,10,0.72,0.0,0.0
58198_G_STG1,1,11,0.7200000000000001,0.0,0.0
58198_G_STG1,1,12,0.7200000000000001,0.0,0.0
58198_G_STG1,1,13,0.72,0.0,0.0
58198_G_STG1,1,14,0.7200000000000001,0.0,0.0
58198_G_STG1,1,15,0.7200000000000001,0.0,0.0
58198_G_STG1,1,16,1.8,0.0,0.0
58198_G_STG1,1,17,1.8,0.0,0.0
58198_G_STG1,1,18,1.8,0.0,0.0
58198_G_STG1,1,19,1.8,0.0,0.0
58198_G_STG1,1,20,1.8,0.0,0.0
58198_G_STG1,1,21,1.8,0.0,0.0
58198_G_STG1,1,22,1.8,0.0,0.0
58198_G_STG1,1,23,1.8,0.0,0.0
58198_G_STG1,1,24,1.8,0.0,0.0
58198_G_STG1,1,25,0.72,0.0,0.0
59074_G_EG6B,1,1,0.0,0.0,0.0
59074_G_EG6B,1,2,0.0,0.0,0.0
59074_G_EG6B,1,3,0.0,0.0,0.0
59074_G_EG6B,1,4,0.0,0.0,0.0
59074_G_EG6B,1,5,0.0,0.0,0.0
59074_G_EG6B,1,6,0.0,0.0,0.0
59074_G_EG6B,1,7,0.0,0.0,0.0
59074_G_EG6B,1,8,0.0,0.0,0.0
59074_G_EG6B,1,9,0.0,0.0,0.0
59074_G_EG6B,1,10,0.0,0.0,0.0
59074_G_EG6B,1,11,0.0,0.0,0.0
59074_G_EG6B,1,12,0.0,0.0,0.0
59074_G_EG6B,1,13,0.0,0.0,0.0
59074_G_EG6B,1,14,0.0,0.0,0.0
59074_G_EG6B,1,15,0.0,0.0,0.0
59074_G_EG6B,1,16,0.0,0.0,0.0
59074_G_EG6B,1,17,0.0,0.0,0.0
59074_G_EG6B,1,18,0.0,0.0,0.0
59074_G_EG6B,1,19,0.0,0.0,0.0
59074_G_EG6B,1,20,0.0,0.0,0.0
59074_G_EG6B,1,21,0.0,0.0,0.0
59074_G_EG6B,1,22,0.0,0.0,0.0
59074_G_EG6B,1,23,0.0,0.0,0.0
59074_G_EG6B,1,24,0.0,0.0,0.0
59074_G_EG6B,1,25,0.0,0.0,0.0
59557_G_AC2FC,1,1,0.0,0.0,0.0
59557_G_AC2FC,1,2,0.0,0.0,0.0
59557_G_AC2FC,1,3,0.0,0.0,0.0
59557_G_AC2FC,1,4,0.0,0.0,0.0
59557_G_AC2FC,1,5,0.0,0.0,0.0
59557_G_AC2FC,1,6,0.0,0.0,0.0
59557_G_AC2FC,1,7,0.0,0.0,0.0
59557_G_AC2FC,1,8,0.0,0.0,0.0
59557_G_AC2FC,1,9,0.0,0.0,0.0
59557_G_AC2FC,1,10,0.0,0.0,0.0
59557_G_AC2FC,1,11,0.0,0.0,0.0
59557_G_AC2FC,1,12,0.0,0.0,0.0
59557_G_AC2FC,1,13,0.0,0.0,0.0
59557_G_AC2FC,1,14,0.0,0.0,0.0
59557_G_AC2FC,1,15,0.0,0.0,0.0
59557_G_AC2FC,1,16,0.0,0.0,0.0
59557_G_AC2FC,1,17,0.0,0.0,0.0
59557_G_AC2FC,1,18,0.0,0.0,0.0
59557_G_AC2FC,1,19,0.0,0.0,0.0
59557_G_AC2FC,1,20,0.0,0.0,0.0
59557_G_AC2FC,1,21,0.0,0.0,0.0
59557_G_AC2FC,1,22,0.0,0.0,0.0
59557_G_AC2FC,1,23,0.0,0.0,0.0
59557_G_AC2FC,1,24,0.0,0.0,0.0
59557_G_AC2FC,1,25,0.0,0.0,0.0
6060_G_4,1,1,0.0,0.0,0.0
6060_G_4,1,2,0.0,0.0,0.0
6060_G_4,1,3,0.0,0.0,0.0
6060_G_4,1,4,0.0,0.0,0.0
6060_G_4,1,5,0.0,0.0,0.0
6060_G_4,1,6,0.0,0.0,0.0
6060_G_4,1,7,0.0,0.0,0.0
6060_G_4,1,8,0.0,0.0,0.0
6060_G_4,1,9,0.0,0.0,0.0
6060_G_4,1,10,0.0,0.0,0.0
6060_G_4,1,11,0.0,0.0,0.0
6060_G_4,1,12,0.0,0.0,0.0
6060_G_4,1,13,0.0,0.0,0.0
6060_G_4,1,14,0.0,0.0,0.0
6060_G_4,1,15,0.0,0.0,0.0
6060_G_4,1,16,0.0,0.0,0.0
6060_G_4,1,17,0.0,0.0,0.0
6060_G_4,1,18,0.0,0.0,0.0
6060_G_4,1,19,0.0,0.0,0.0
6060_G_4,1,20,0.0,0.0,0.0
6060_G_4,1,21,0.0,0.0,0.0
6060_G_4,1,22,0.0,0.0,0.0
6060_G_4,1,23,0.0,0.0,0.0
6060_G_4,1,24,0.0,0.0,0.0
6060_G_4,1,25,0.0,0.0,0.0
60918_G_00003,1,1,26.0,0.0,0.0
60918_G_00003,1,2,26.0,0.0,0.0
60918_G_00003,1,3,26.0,0.0,0.0
60918_G_00003,1,4,26.0,0.0,0.0
60918_G_00003,1,5,26.0,0.0,0.0
60918_G_00003,1,6,26.0,0.0,0.0
60918_G_00003,1,7,26.0,0.0,0.0
60918_G_00003,1,8,26.0,0.0,0.0
60918_G_00003,1,9,10.4,0.0,0.0
60918_G_00003,1,10,10.4,0.0,0.0
60918_G_00003,1,11,10.4,0.0,0.0
60918_G_00003,1,12,10.4,0.0,0.0
60918_G_00003,1,13,26.0,0.0,0.0
60918_G_00003,1,14,26.0,0.0,0.0
60918_G_00003,1,15,26.0,0.0,0.0
60918_G_00003,1,16,26.0,0.0,0.0
60918_G_00003,1,17,26.0,0.0,0.0
60918_G_00003,1,18,26.0,0.0,0.0
60918_G_00003,1,19,26.0,0.0,0.0
60918_G_00003,1,20,26.0,0.0,0.0
60918_G_00003,1,21,26.0,0.0,0.0
60918_G_00003,1,22,26.0,0.0,0.0
60918_G_00003,1,23,26.0,0.0,0.0
60918_G_00003,1,24,26.0,0.0,0.0
60918_G_00003,1,25,26.0,0.0,0.0
6099_G_1,1,1,1122.0,0.0,0.0
6099_G_1,1,2,1122.0,0.0,0.0
6099_G_1,1,3,1122.0,0.0,0.0
6099_G_1,1,4,1122.0,0.0,0.0
6099_G_1,1,5,1122.0,0.0,0.0
6099_G_1,1,6,1122.0,0.0,0.0
6099_G_1,1,7,1122.0,0.0,0.0
6099_G_1,1,8,1122.0,0.0,0.0
6099_G_1,1,9,1032.24,0.0,0.0
6099_G_1,1,10,1009.8,0.0,0.0
6099_G_1,1,11,1009.8,0.0,0.0
6099_G_1,1,12,1032.24,0.0,0.0
6099_G_1,1,13,1122.0,0.0,0.0
6099_G_1,1,14,1122.0,0.0,0.0
6099_G_1,1,15,1122.0,0.0,0.0
6099_G_1,1,16,1122.0,0.0,0.0
6099_G_1,1,17,1122.0,0.0,0.0
6099_G_1,1,18,1122.0,0.0,0.0
6099_G_1,1,19,1122.0,0.0,0.0
6099_G_1,1,20,1122.0,0.0,0.0
6099_G_1,1,21,1122.0,0.0,0.0
6099_G_1,1,22,1122.0,0.0,0.0
6099_G_1,1,23,1122.0,0.0,0.0
6099_G_1,1,24,1122.0,0.0,0.0
6099_G_1,1,25,1122.0,0.0,0.0
6099_G_2,1,1,1118.0,0.0,0.0
6099_G_2,1,2,1118.0,0.0,0.0
6099_G_2,1,3,1118.0,0.0,0.0
6099_G_2,1,4,1118.0,0.0,0.0
6099_G_2,1,5,1118.0,0.0,0.0
6099_G_2,1,6,1118.0,0.0,0.0
6099_G_2,1,7,1118.0,0.0,0.0
6099_G_2,1,8,1118.0,0.0,0.0
6099_G_2,1,9,1028.56,0.0,0.0
6099_G_2,1,10,1006.2,0.0,0.0
6099_G_2,1,11,1006.2,0.0,0.0
6099_G_2,1,12,1028.56,0.0,0.0
6099_G_2,1,13,1118.0,0.0,0.0
6099_G_2,1,14,1118.0,0.0,0.0
6099_G_2,1,15,1118.0,0.0,0.0
6099_G_2,1,16,1118.0,0.0,0.0
6099_G_2,1,17,1118.0,0.0,0.0
6099_G_2,1,18,1118.0,0.0,0.0
6099_G_2,1,19,1118.0,0.0,0.0
6099_G_2,1,20,1118.0,0.0,0.0
6099_G_2,1,21,1118.0,0.0,0.0
6099_G_2,1,22,1118.0,0.0,0.0
6099_G_2,1,23,1118.0,0.0,0.0
6099_G_2,1,24,1118.0,0.0,0.0
6099_G_2,1,25,1118.0,0.0,0.0
6211_G_GEN1,1,1,0.0,0.0,0.0
6211_G_GEN1,1,2,0.0,0.0,0.0
6211_G_GEN1,1,3,0.0,0.0,0.0
6211_G_GEN1,1,4,0.0,0.0,0.0
6211_G_GEN1,1,5,0.0,0.0,0.0
6211_G_GEN1,1,6,0.0,0.0,0.0
6211_G_GEN1,1,7,0.0,0.0,0.0
6211_G_GEN1,1,8,0.0,0.0,0.0
6211_G_GEN1,1,9,0.0,0.0,0.0
6211_G_GEN1,1,10,0.0,0.0,0.0
6211_G_GEN1,1,11,0.0,0.0,0.0
6211_G_GEN1,1,12,0.0,0.0,0.0
6211_G_GEN1,1,13,0.0,0.0,0.0
6211_G_GEN1,1,14,0.0,0.0,0.0
6211_G_GEN1,1,15,0.0,0.0,0.0
6211_G_GEN1,1,16,0.0,0.0,0.0
6211_G_GEN1,1,17,0.0,0.0,0.0
6211_G_GEN1,1,18,0.0,0.0,0.0
6211_G_GEN1,1,19,0.0,0.0,0.0
6211_G_GEN1,1,20,0.0,0.0,0.0
6211_G_GEN1,1,21,0.0,0.0,0.0
6211_G_GEN1,1,22,0.0,0.0,0.0
6211_G_GEN1,1,23,0.0,0.0,0.0
6211_G_GEN1,1,24,0.0,0.0,0.0
6211_G_GEN1,1,25,0.0,0.0,0.0
6704_G_10,1,1,0.0,0.0,0.0
6704_G_10,1,2,0.0,0.0,0.0
6704_G_10,1,3,0.0,0.0,0.0
6704_G_10,1,4,0.0,0.0,0.0
6704_G_10,1,5,0.0,0.0,0.0
6704_G_10,1,6,0.0,0.0,0.0
6704_G_10,1,7,0.0,0.0,0.0
6704_G_10,1,8,0.0,0.0,0.0
6704_G_10,1,9,0.0,0.0,0.0
6704_G_10,1,10,0.0,0.0,0.0
6704_G_10,1,11,0.0,0.0,0.0
6704_G_10,1,12,0.0,0.0,0.0
6704_G_10,1,13,0.0,0.0,0.0
6704_G_10,1,14,0.0,0.0,0.0
6704_G_10,1,15,0.0,0.0,0.0
6704_G_10,1,16,0.0,0.0,0.0
6704_G_10,1,17,0.0,0.0,0.0
6704_G_10,1,18,0.0,0.0,0.0
6704_G_10,1,19,0.0,0.0,0.0
6704_G_10,1,20,0.0,0.0,0.0
6704_G_10,1,21,0.0,0.0,0.0
6704_G_10,1,22,0.0,0.0,0.0
6704_G_10,1,23,0.0,0.0,0.0
6704_G_10,1,24,0.0,0.0,0.0
6704_G_10,1,25,0.0,0.0,0.0
6704_G_14,1,1,0.0,0.0,0.0
6704_G_14,1,2,0.0,0.0,0.0
6704_G_14,1,3,0.0,0.0,0.0
6704_G_14,1,4,0.0,0.0,0.0
6704_G_14,1,5,0.0,0.0,0.0
6704_G_14,1,6,0.0,0.0,0.0
6704_G_14,1,7,0.0,0.0,0.0
6704_G_14,1,8,0.0,0.0,0.0
6704_G_14,1,9,0.0,0.0,0.0
6704_G_14,1,10,0.0,0.0,0.0
6704_G_14,1,11,0.0,0.0,0.0
6704_G_14,1,12,0.0,0.0,0.0
6704_G_14,1,13,0.0,0.0,0.0
6704_G_14,1,14,0.0,0.0,0.0
6704_G_14,1,15,0.0,0.0,0.0
6704_G_14,1,16,0.0,0.0,0.0
6704_G_14,1,17,0.0,0.0,0.0
6704_G_14,1,18,0.0,0.0,0.0
6704_G_14,1,19,0.0,0.0,0.0
6704_G_14,1,20,0.0,0.0,0.0
6704_G_14,1,21,0.0,0.0,0.0
6704_G_14,1,22,0.0,0.0,0.0
6704_G_14,1,23,0.0,0.0,0.0
6704_G_14,1,24,0.0,0.0,0.0
6704_G_14,1,25,0.0,0.0,0.0
7266_G_2,1,1,14.8,0.0,0.0
7266_G_2,1,2,14.8,0.0,0.0
7266_G_2,1,3,14.8,0.0,0.0
7266_G_2,1,4,14.8,0.0,0.0
7266_G_2,1,5,14.8,0.0,0.0
7266_G_2,1,6,14.8,0.0,0.0
7266_G_2,1,7,14.8,0.0,0.0
7266_G_2,1,8,14.8,0.0,0.0
7266_G_2,1,9,14.8,0.0,0.0
7266_G_2,1,10,14.8,0.0,0.0
7266_G_2,1,11,14.8,0.0,0.0
7266_G_2,1,12,14.8,0.0,0.0
7266_G_2,1,13,14.8,0.0,0.0
7266_G_2,1,14,14.8,0.0,0.0
7266_G_2,1,15,14.8,0.0,0.0
7266_G_2,1,16,14.8,0.0,0.0
7266_G_2,1,17,37.0,0.0,0.0
7266_G_2,1,18,37.0,0.0,0.0
7266_G_2,1,19,37.0,0.0,0.0
7266_G_2,1,20,37.0,0.0,0.0
7266_G_2,1,21,37.0,0.0,0.0
7266_G_2,1,22,37.0,0.0,0.0
7266_G_2,1,23,14.8,0.0,0.0
7266_G_2,1,24,14.8,0.0,0.0
7266_G_2,1,25,14.8,0.0,0.0
7266_G_3,1,1,19.200000000000006,0.0,0.0
7266_G_3,1,2,19.200000000000006,0.0,0.0
7266_G_3,1,3,19.200000000000006,0.0,0.0
7266_G_3,1,4,19.200000000000006,0.0,0.0
7266_G_3,1,5,19.200000000000006,0.0,0.0
7266_G_3,1,6,19.200000000000006,0.0,0.0
7266_G_3,1,7,19.200000000000006,0.0,0.0
7266_G_3,1,8,19.200000000000006,0.0,0.0
7266_G_3,1,9,19.200000000000006,0.0,0.0
7266_G_3,1,10,19.200000000000006,0.0,0.0
7266_G_3,1,11,19.200000000000006,0.0,0.0
7266_G_3,1,12,19.200000000000006,0.0,0.0
7266_G_3,1,13,19.200000000000006,0.0,0.0
7266_G_3,1,14,19.200000000000006,0.0,0.0
7266_G_3,1,15,19.200000000000006,0.0,0.0
7266_G_3,1,16,19.200000000000006,0.0,0.0
7266_G_3,1,17,48.0,0.0,0.0
7266_G_3,1,18,48.0,0.0,0.0
7266_G_3,1,19,48.0,0.0,0.0
7266_G_3,1,20,48.0,0.0,0.0
7266_G_3,1,21,48.0,0.0,0.0
7266_G_3,1,22,48.0,0.0,0.0
7266_G_3,1,23,19.200000000000006,0.0,0.0
7266_G_3,1,24,19.200000000000006,0.0,0.0
7266_G_3,1,25,19.200000000000006,0.0,0.0
7307_G_4,1,1,10.8,0.0,0.0
7307_G_4,1,2,10.8,0.0,0.0
7307_G_4,1,3,10.8,0.0,0.0
7307_G_4,1,4,10.8,0.0,0.0
7307_G_4,1,5,10.8,0.0,0.0
7307_G_4,1,6,10.8,0.0,0.0
7307_G_4,1,7,10.8,0.0,0.0
7307_G_4,1,8,10.8,0.0,0.0
7307_G_4,1,9,10.8,0.0,0.0
7307_G_4,1,10,10.8,0.0,0.0
7307_G_4,1,11,10.8,0.0,0.0
7307_G_4,1,12,10.8,0.0,0.0
7307_G_4,1,13,10.8,0.0,0.0
7307_G_4,1,14,10.8,0.0,0.0
7307_G_4,1,15,10.8,0.0,0.0
7307_G_4,1,16,10.8,0.0,0.0
7307_G_4,1,17,27.0,0.0,0.0
7307_G_4,1,18,27.0,0.0,0.0
7307_G_4,1,19,27.0,0.0,0.0
7307_G_4,1,20,27.0,0.0,0.0
7307_G_4,1,21,27.0,0.0,0.0
7307_G_4,1,22,27.0,0.0,0.0
7307_G_4,1,23,10.8,0.0,0.0
7307_G_4,1,24,10.8,0.0,0.0
7307_G_4,1,25,10.8,0.0,0.0
7307_G_5,1,1,16.400000000000002,0.0,0.0
7307_G_5,1,2,16.400000000000002,0.0,0.0
7307_G_5,1,3,16.400000000000002,0.0,0.0
7307_G_5,1,4,16.400000000000002,0.0,0.0
7307_G_5,1,5,16.400000000000002,0.0,0.0
7307_G_5,1,6,16.400000000000002,0.0,0.0
7307_G_5,1,7,16.400000000000002,0.0,0.0
7307_G_5,1,8,16.400000000000002,0.0,0.0
7307_G_5,1,9,16.400000000000002,0.0,0.0
7307_G_5,1,10,16.400000000000002,0.0,0.0
7307_G_5,1,11,16.400000000000002,0.0,0.0
7307_G_5,1,12,16.400000000000002,0.0,0.0
7307_G_5,1,13,16.400000000000002,0.0,0.0
7307_G_5,1,14,16.400000000000002,0.0,0.0
7307_G_5,1,15,16.400000000000002,0.0,0.0
7307_G_5,1,16,16.400000000000002,0.0,0.0
7307_G_5,1,17,41.0,0.0,0.0
7307_G_5,1,18,41.0,0.0,0.0
7307_G_5,1,19,41.0,0.0,0.0
7307_G_5,1,20,41.0,0.0,0.0
7307_G_5,1,21,41.0,0.0,0.0
7307_G_5,1,22,41.0,0.0,0.0
7307_G_5,1,23,16.400000000000002,0.0,0.0
7307_G_5,1,24,16.400000000000002,0.0,0.0
7307_G_5,1,25,16.400000000000002,0.0,0.0
7307_G_6,1,1,16.400000000000002,0.0,0.0
7307_G_6,1,2,16.400000000000002,0.0,0.0
7307_G_6,1,3,16.400000000000002,0.0,0.0
7307_G_6,1,4,16.400000000000002,0.0,0.0
7307_G_6,1,5,16.400000000000002,0.0,0.0
7307_G_6,1,6,16.400000000000002,0.0,0.0
7307_G_6,1,7,16.400000000000002,0.0,0.0
7307_G_6,1,8,16.400000000000002,0.0,0.0
7307_G_6,1,9,16.400000000000002,0.0,0.0
7307_G_6,1,10,16.400000000000002,0.0,0.0
7307_G_6,1,11,16.400000000000002,0.0,0.0
7307_G_6,1,12,16.400000000000002,0.0,0.0
7307_G_6,1,13,16.400000000000002,0.0,0.0
7307_G_6,1,14,16.400000000000002,0.0,0.0
7307_G_6,1,15,16.400000000000002,0.0,0.0
7307_G_6,1,16,16.400000000000002,0.0,0.0
7307_G_6,1,17,41.0,0.0,0.0
7307_G_6,1,18,41.0,0.0,0.0
7307_G_6,1,19,41.0,0.0,0.0
7307_G_6,1,20,41.0,0.0,0.0
7307_G_6,1,21,41.0,0.0,0.0
7307_G_6,1,22,41.0,0.0,0.0
7307_G_6,1,23,16.400000000000002,0.0,0.0
7307_G_6,1,24,16.400000000000002,0.0,0.0
7307_G_6,1,25,16.400000000000002,0.0,0.0
7368_G_1,1,1,27.0,0.0,0.0
7368_G_1,1,2,27.0,0.0,0.0
7368_G_1,1,3,27.0,0.0,0.0
7368_G_1,1,4,27.0,0.0,0.0
7368_G_1,1,5,27.0,0.0,0.0
7368_G_1,1,6,27.0,0.0,0.0
7368_G_1,1,7,27.0,0.0,0.0
7368_G_1,1,8,27.0,0.0,0.0
7368_G_1,1,9,27.0,0.0,0.0
7368_G_1,1,10,17.765999999999988,0.0,0.0
7368_G_1,1,11,10.8,0.0,0.0
7368_G_1,1,12,17.766,0.0,0.0
7368_G_1,1,13,27.0,0.0,0.0
7368_G_1,1,14,27.0,0.0,0.0
7368_G_1,1,15,27.0,0.0,0.0
7368_G_1,1,16,27.0,0.0,0.0
7368_G_1,1,17,27.0,0.0,0.0
7368_G_1,1,18,27.0,0.0,0.0
7368_G_1,1,19,27.0,0.0,0.0
7368_G_1,1,20,27.0,0.0,0.0
7368_G_1,1,21,27.0,0.0,0.0
7368_G_1,1,22,27.0,0.0,0.0
7368_G_1,1,23,27.0,0.0,0.0
7368_G_1,1,24,27.0,0.0,0.0
7368_G_1,1,25,27.0,0.0,0.0
7368_G_2,1,1,27.0,0.0,0.0
7368_G_2,1,2,27.0,0.0,0.0
7368_G_2,1,3,27.0,0.0,0.0
7368_G_2,1,4,27.0,0.0,0.0
7368_G_2,1,5,27.0,0.0,0.0
7368_G_2,1,6,27.0,0.0,0.0
7368_G_2,1,7,27.0,0.0,0.0
7368_G_2,1,8,27.0,0.0,0.0
7368_G_2,1,9,27.0,0.0,0.0
7368_G_2,1,10,17.766000000000002,0.0,0.0
7368_G_2,1,11,10.8,0.0,0.0
7368_G_2,1,12,17.766,0.0,0.0
7368_G_2,1,13,27.0,0.0,0.0
7368_G_2,1,14,27.0,0.0,0.0
7368_G_2,1,15,27.0,0.0,0.0
7368_G_2,1,16,27.0,0.0,0.0
7368_G_2,1,17,27.0,0.0,0.0
7368_G_2,1,18,27.0,0.0,0.0
7368_G_2,1,19,27.0,0.0,0.0
7368_G_2,1,20,27.0,0.0,0.0
7368_G_2,1,21,27.0,0.0,0.0
7368_G_2,1,22,27.0,0.0,0.0
7368_G_2,1,23,27.0,0.0,0.0
7368_G_2,1,24,27.0,0.0,0.0
7368_G_2,1,25,27.0,0.0,0.0
7369_G_3,1,1,30.1,0.0,0.0
7369_G_3,1,2,30.1,0.0,0.0
7369_G_3,1,3,30.1,0.0,0.0
7369_G_3,1,4,30.1,0.0,0.0
7369_G_3,1,5,30.1,0.0,0.0
7369_G_3,1,6,30.1,0.0,0.0
7369_G_3,1,7,30.1,0.0,13.285864256429981
7369_G_3,1,8,30.1,0.0,0.0
7369_G_3,1,9,30.1,0.0,18.060000000000002
7369_G_3,1,10,19.805799999999998,10.294200000000004,7.765799999999999
7369_G_3,1,11,14.481003082378622,15.618996917621379,2.4410030823786233
7369_G_3,1,12,24.775203082378624,5.324796917621377,0.0
7369_G_3,1,13,30.1,0.0,0.0
7369_G_3,1,14,30.1,0.0,0.0
7369_G_3,1,15,30.1,0.0,8.95401440136248
7369_G_3,1,16,30.1,0.0,11.37116367119299
7369_G_3,1,17,30.1,0.0,1.7481121829878763
7369_G_3,1,18,30.1,0.0,1.1316046383241432
7369_G_3,1,19,30.1,0.0,0.08430044487828958
7369_G_3,1,20,30.1,0.0,0.0
7369_G_3,1,21,30.1,0.0,0.0
7369_G_3,1,22,30.1,0.0,0.0
7369_G_3,1,23,30.1,0.0,0.0
7369_G_3,1,24,30.1,0.0,0.0
7369_G_3,1,25,30.1,0.0,0.0
7369_G_4,1,1,48.0,0.0,0.0
7369_G_4,1,2,48.0,0.0,0.0
7369_G_4,1,3,48.0,0.0,0.0
7369_G_4,1,4,48.0,0.0,0.0
7369_G_4,1,5,48.0,0.0,0.0
7369_G_4,1,6,48.0,0.0,0.0
7369_G_4,1,7,48.0,0.0,0.0
7369_G_4,1,8,48.0,0.0,0.0
7369_G_4,1,9,48.0,0.0,0.0
7369_G_4,1,10,31.584,0.0,0.0
7369_G_4,1,11,19.200000000000006,0.0,0.0
7369_G_4,1,12,31.584,0.0,0.0
7369_G_4,1,13,48.0,0.0,0.0
7369_G_4,1,14,48.0,0.0,0.0
7369_G_4,1,15,48.0,0.0,0.0
7369_G_4,1,16,48.0,0.0,0.0
7369_G_4,1,17,48.0,0.0,0.0
7369_G_4,1,18,48.0,0.0,0.0
7369_G_4,1,19,48.0,0.0,0.0
7369_G_4,1,20,48.0,0.0,0.0
7369_G_4,1,21,48.0,0.0,0.0
7369_G_4,1,22,48.0,0.0,0.0
7369_G_4,1,23,48.0,0.0,0.0
7369_G_4,1,24,48.0,0.0,0.0
7369_G_4,1,25,48.0,0.0,0.0
7449_G_NA1,1,1,0.0,0.0,0.0
7449_G_NA1,1,2,0.0,0.0,0.0
7449_G_NA1,1,3,0.0,0.0,0.0
7449_G_NA1,1,4,0.0,0.0,0.0
7449_G_NA1,1,5,0.0,0.0,0.0
7449_G_NA1,1,6,0.0,0.0,0.0
7449_G_NA1,1,7,0.0,0.0,0.0
7449_G_NA1,1,8,0.0,0.0,0.0
7449_G_NA1,1,9,0.0,0.0,0.0
7449_G_NA1,1,10,0.0,0.0,0.0
7449_G_NA1,1,11,0.0,0.0,0.0
7449_G_NA1,1,12,0.0,0.0,0.0
7449_G_NA1,1,13,0.0,0.0,0.0
7449_G_NA1,1,14,0.0,0.0,0.0
7449_G_NA1,1,15,0.0,0.0,0.0
7449_G_NA1,1,16,0.0,0.0,0.0
7449_G_NA1,1,17,0.0,0.0,0.0
7449_G_NA1,1,18,0.0,0.0,0.0
7449_G_NA1,1,19,0.0,0.0,0.0
7449_G_NA1,1,20,0.0,0.0,0.0
7449_G_NA1,1,21,0.0,0.0,0.0
7449_G_NA1,1,22,0.0,0.0,0.0
7449_G_NA1,1,23,0.0,0.0,0.0
7449_G_NA1,1,24,0.0,0.0,0.0
7449_G_NA1,1,25,0.0,0.0,0.0
7527_G_2,1,1,0.0,0.0,0.0
7527_G_2,1,2,0.0,0.0,0.0
7527_G_2,1,3,0.0,0.0,0.0
7527_G_2,1,4,0.0,0.0,0.0
7527_G_2,1,5,0.0,0.0,0.0
7527_G_2,1,6,0.0,0.0,0.0
7527_G_2,1,7,0.0,0.0,0.0
7527_G_2,1,8,0.0,0.0,0.0
7527_G_2,1,9,0.0,0.0,0.0
7527_G_2,1,10,0.0,0.0,0.0
7527_G_2,1,11,0.0,0.0,0.0
7527_G_2,1,12,0.0,0.0,0.0
7527_G_2,1,13,0.0,0.0,0.0
7527_G_2,1,14,0.0,0.0,0.0
7527_G_2,1,15,0.0,0.0,0.0
7527_G_2,1,16,0.0,0.0,0.0
7527_G_2,1,17,16.6,0.0,0.0
7527_G_2,1,18,16.6,0.0,0.0
7527_G_2,1,19,16.6,0.0,0.0
7527_G_2,1,20,16.6,0.0,0.0
7527_G_2,1,21,16.6,0.0,0.0
7527_G_2,1,22,16.6,0.0,0.0
7527_G_2,1,23,0.0,0.0,0.0
7527_G_2,1,24,0.0,0.0,0.0
7527_G_2,1,25,0.0,0.0,0.0
7527_G_CCCT,1,1,0.0,0.0,0.0
7527_G_CCCT,1,2,0.0,0.0,0.0
7527_G_CCCT,1,3,0.0,0.0,0.0
7527_G_CCCT,1,4,0.0,0.0,0.0
7527_G_CCCT,1,5,0.0,0.0,0.0
7527_G_CCCT,1,6,0.0,0.0,0.0
7527_G_CCCT,1,7,0.0,0.0,0.0
7527_G_CCCT,1,8,0.0,0.0,0.0
7527_G_CCCT,1,9,0.0,0.0,0.0
7527_G_CCCT,1,10,0.0,0.0,0.0
7527_G_CCCT,1,11,0.0,0.0,0.0
7527_G_CCCT,1,12,0.0,0.0,0.0
7527_G_CCCT,1,13,0.0,0.0,0.0
7527_G_CCCT,1,14,0.0,0.0,0.0
7527_G_CCCT,1,15,0.0,0.0,0.0
7527_G_CCCT,1,16,0.0,0.0,0.0
7527_G_CCCT,1,17,51.2,0.0,0.0
7527_G_CCCT,1,18,51.2,0.0,0.0
7527_G_CCCT,1,19,51.2,0.0,0.0
7527_G_CCCT,1,20,51.2,0.0,0.0
7527_G_CCCT,1,21,51.2,0.0,0.0
7527_G_CCCT,1,22,51.2,0.0,0.0
7527_G_CCCT,1,23,0.0,0.0,0.0
7527_G_CCCT,1,24,0.0,0.0,0.0
7527_G_CCCT,1,25,0.0,0.0,0.0
7551_G_CCST,1,1,15.04,0.0,0.0
7551_G_CCST,1,2,15.04,0.0,0.0
7551_G_CCST,1,3,15.04,0.0,0.0
7551_G_CCST,1,4,15.04,0.0,0.0
7551_G_CCST,1,5,15.04,0.0,0.0
7551_G_CCST,1,6,15.04,0.0,0.0
7551_G_CCST,1,7,15.04,0.0,0.0
7551_G_CCST,1,8,15.04,0.0,0.0
7551_G_CCST,1,9,15.04,0.0,0.0
7551_G_CCST,1,10,15.04,0.0,0.0
7551_G_CCST,1,11,15.04,0.0,0.0
7551_G_CCST,1,12,15.04,0.0,0.0
7551_G_CCST,1,13,15.04,0.0,0.0
7551_G_CCST,1,14,15.04,0.0,0.0
7551_G_CCST,1,15,15.04,0.0,0.0
7551_G_CCST,1,16,15.04,0.0,0.0
7551_G_CCST,1,17,37.6,0.0,0.0
7551_G_CCST,1,18,37.6,0.0,0.0
7551_G_CCST,1,19,37.6,0.0,0.0
7551_G_CCST,1,20,37.6,0.0,0.0
7551_G_CCST,1,21,37.6,0.0,0.0
7551_G_CCST,1,22,37.6,0.0,0.0
7551_G_CCST,1,23,37.6,0.0,0.0
7551_G_CCST,1,24,15.04,0.0,0.0
7551_G_CCST,1,25,15.04,0.0,0.0
7551_G_CT1A,1,1,19.040000000000006,0.0,0.0
7551_G_CT1A,1,2,19.040000000000006,0.0,0.0
7551_G_CT1A,1,3,19.040000000000006,0.0,0.0
7551_G_CT1A,1,4,19.040000000000006,0.0,0.0
7551_G_CT1A,1,5,19.040000000000006,0.0,0.0
7551_G_CT1A,1,6,19.040000000000006,0.0,0.0
7551_G_CT1A,1,7,19.040000000000006,0.0,0.0
7551_G_CT1A,1,8,19.040000000000006,0.0,0.0
7551_G_CT1A,1,9,19.040000000000006,0.0,0.0
7551_G_CT1A,1,10,19.040000000000006,0.0,0.0
7551_G_CT1A,1,11,19.040000000000006,0.0,0.0
7551_G_CT1A,1,12,19.040000000000006,0.0,0.0
7551_G_CT1A,1,13,19.040000000000006,0.0,0.0
7551_G_CT1A,1,14,19.040000000000006,0.0,0.0
7551_G_CT1A,1,15,19.040000000000006,0.0,0.0
7551_G_CT1A,1,16,19.040000000000006,0.0,0.0
7551_G_CT1A,1,17,47.6,0.0,0.0
7551_G_CT1A,1,18,47.6,0.0,0.0
7551_G_CT1A,1,19,47.6,0.0,0.0
7551_G_CT1A,1,20,47.6,0.0,0.0
7551_G_CT1A,1,21,47.6,0.0,0.0
7551_G_CT1A,1,22,47.6,0.0,0.0
7551_G_CT1A,1,23,47.6,0.0,0.0
7551_G_CT1A,1,24,19.040000000000006,0.0,0.0
7551_G_CT1A,1,25,19.040000000000006,0.0,0.0
7551_G_CT1B,1,1,19.040000000000006,0.0,0.0
7551_G_CT1B,1,2,19.040000000000006,0.0,0.0
7551_G_CT1B,1,3,19.040000000000006,0.0,0.0
7551_G_CT1B,1,4,19.040000000000006,0.0,0.0
7551_G_CT1B,1,5,19.040000000000006,0.0,0.0
7551_G_CT1B,1,6,19.040000000000006,0.0,0.0
7551_G_CT1B,1,7,19.040000000000006,0.0,0.0
7551_G_CT1B,1,8,19.040000000000006,0.0,0.0
7551_G_CT1B,1,9,19.040000000000006,0.0,0.0
7551_G_CT1B,1,10,19.040000000000006,0.0,0.0
7551_G_CT1B,1,11,19.040000000000006,0.0,0.0
7551_G_CT1B,1,12,19.040000000000006,0.0,0.0
7551_G_CT1B,1,13,19.040000000000006,0.0,0.0
7551_G_CT1B,1,14,19.040000000000006,0.0,0.0
7551_G_CT1B,1,15,19.040000000000006,0.0,0.0
7551_G_CT1B,1,16,19.040000000000006,0.0,0.0
7551_G_CT1B,1,17,47.6,0.0,0.0
7551_G_CT1B,1,18,47.6,0.0,0.0
7551_G_CT1B,1,19,47.6,0.0,0.0
7551_G_CT1B,1,20,47.6,0.0,0.0
7551_G_CT1B,1,21,47.6,0.0,0.0
7551_G_CT1B,1,22,47.6,0.0,0.0
7551_G_CT1B,1,23,47.6,0.0,0.0
7551_G_CT1B,1,24,19.040000000000006,0.0,0.0
7551_G_CT1B,1,25,19.040000000000006,0.0,0.0
7552_G_CCCT,1,1,44.400000000000006,0.0,0.0
7552_G_CCCT,1,2,44.400000000000006,0.0,0.0
7552_G_CCCT,1,3,44.400000000000006,0.0,0.0
7552_G_CCCT,1,4,44.400000000000006,0.0,0.0
7552_G_CCCT,1,5,44.400000000000006,0.0,0.0
7552_G_CCCT,1,6,44.40000000000001,0.0,0.0
7552_G_CCCT,1,7,79.69800000000001,0.0,0.0
7552_G_CCCT,1,8,44.400000000000006,0.0,0.0
7552_G_CCCT,1,9,44.400000000000006,0.0,0.0
7552_G_CCCT,1,10,44.40000000000001,0.0,0.0
7552_G_CCCT,1,11,44.40000000000001,0.0,0.0
7552_G_CCCT,1,12,44.400000000000006,0.0,0.0
7552_G_CCCT,1,13,44.40000000000001,0.0,0.0
7552_G_CCCT,1,14,44.40000000000001,0.0,0.0
7552_G_CCCT,1,15,44.40000000000001,0.0,0.0
7552_G_CCCT,1,16,75.702,0.0,0.0
7552_G_CCCT,1,17,111.0,0.0,0.0
7552_G_CCCT,1,18,111.0,0.0,0.0
7552_G_CCCT,1,19,111.0,0.0,0.0
7552_G_CCCT,1,20,111.0,0.0,0.0
7552_G_CCCT,1,21,111.0,0.0,0.0
7552_G_CCCT,1,22,111.0,0.0,0.0
7552_G_CCCT,1,23,111.0,0.0,0.0
7552_G_CCCT,1,24,75.702,0.0,0.0
7552_G_CCCT,1,25,44.400000000000006,0.0,0.0
7552_G_CCST,1,1,21.200000000000006,0.0,0.0
7552_G_CCST,1,2,21.200000000000006,0.0,0.0
7552_G_CCST,1,3,21.200000000000006,0.0,0.0
7552_G_CCST,1,4,21.200000000000006,0.0,0.0
7552_G_CCST,1,5,21.200000000000006,0.0,0.0
7552_G_CCST,1,6,21.200000000000006,0.0,0.0
7552_G_CCST,1,7,53.0,0.0,0.0
7552_G_CCST,1,8,21.200000000000006,0.0,0.0
7552_G_CCST,1,9,21.200000000000006,0.0,0.0
7552_G_CCST,1,10,21.200000000000006,0.0,0.0
7552_G_CCST,1,11,21.200000000000006,0.0,0.0
7552_G_CCST,1,12,21.200000000000006,0.0,0.0
7552_G_CCST,1,13,21.200000000000006,0.0,0.0
7552_G_CCST,1,14,21.200000000000006,0.0,0.0
7552_G_CCST,1,15,21.200000000000006,0.0,0.0
7552_G_CCST,1,16,21.200000000000006,0.0,0.0
7552_G_CCST,1,17,53.0,0.0,0.0
7552_G_CCST,1,18,53.0,0.0,0.0
7552_G_CCST,1,19,53.0,0.0,0.0
7552_G_CCST,1,20,53.0,0.0,0.0
7552_G_CCST,1,21,53.0,0.0,0.0
7552_G_CCST,1,22,53.0,0.0,0.0
7552_G_CCST,1,23,53.0,0.0,0.0
7552_G_CCST,1,24,21.200000000000006,0.0,0.0
7552_G_CCST,1,25,21.200000000000006,0.0,0.0
902_G_1,1,1,10.0,0.0,6.0
902_G_1,1,2,10.0,0.0,6.0
902_G_1,1,3,10.0,0.0,6.0
902_G_1,1,4,10.0,0.0,6.0
902_G_1,1,5,10.0,0.0,6.0
902_G_1,1,6,10.0,0.0,6.0
902_G_1,1,7,10.0,0.0,6.0
902_G_1,1,8,10.0,0.0,6.0
902_G_1,1,9,10.0,0.0,6.0
902_G_1,1,10,6.58,3.42,2.58
902_G_1,1,11,10.0,0.0,6.0
902_G_1,1,12,10.0,0.0,6.0
902_G_1,1,13,10.0,0.0,6.0
902_G_1,1,14,10.0,0.0,6.0
902_G_1,1,15,10.0,0.0,6.0
902_G_1,1,16,10.0,0.0,6.0
902_G_1,1,17,10.0,0.0,6.0
902_G_1,1,18,10.0,0.0,6.0
902_G_1,1,19,10.0,0.0,6.0
902_G_1,1,20,10.0,0.0,6.0
902_G_1,1,21,10.0,0.0,6.0
902_G_1,1,22,10.0,0.0,6.0
902_G_1,1,23,10.0,0.0,6.0
902_G_1,1,24,10.0,0.0,6.0
902_G_1,1,25,10.0,0.0,6.0
hydro,1,1,3206.0,0.0,0.0
hydro,1,2,3206.0,0.0,0.0
hydro,1,3,3206.0,0.0,0.0
hydro,1,4,3206.0,0.0,0.0
hydro,1,5,3206.0,0.0,0.0
hydro,1,6,3206.0,0.0,0.0
hydro,1,7,3206.0,0.0,0.0
hydro,1,8,3206.0,0.0,0.0
hydro,1,9,3206.0,0.0,0.0
hydro,1,10,3206.0,0.0,0.0
hydro,1,11,3206.0,0.0,0.0
hydro,1,12,3206.0,0.0,0.0
hydro,1,13,3206.0,0.0,0.0
hydro,1,14,3206.0,0.0,0.0
hydro,1,15,3206.0,0.0,0.0
hydro,1,16,3206.0,0.0,0.0
hydro,1,17,3206.0,0.0,0.0
hydro,1,18,3206.0,0.0,0.0
hydro,1,19,3206.0,0.0,0.0
hydro,1,20,3206.0,0.0,0.0
hydro,1,21,3206.0,0.0,0.0
hydro,1,22,3206.0,0.0,0.0
hydro,1,23,3206.0,0.0,0.0
hydro,1,24,3206.0,0.0,0.0
hydro,1,25,3206.0,0.0,0.0
solar,1,1,0.0,0.0,0.0
solar,1,2,0.0,0.0,0.0
solar,1,3,0.0,0.0,0.0
solar,1,4,0.0,0.0,0.0
solar,1,5,0.0,0.0,0.0
solar,1,6,0.0,0.0,0.0
solar,1,7,1320.2283329203538,0.0,0.0
solar,1,8,7162.58146619469,0.0,0.0
solar,1,9,11464.85547876106,0.0,0.0
solar,1,10,12245.495559292034,0.0,0.0
solar,1,11,12483.16006778761,0.0,0.0
solar,1,12,12499.768508495574,0.0,0.0
solar,1,13,12301.776839469025,0.0,0.0
solar,1,14,12341.155154336282,0.0,0.0
solar,1,15,11660.777404247787,0.0,0.0
solar,1,16,8116.279179292034,0.0,0.0
solar,1,17,2097.5756415929204,0.0,0.0
solar,1,18,40.324753274336274,0.0,0.0
solar,1,19,13.774831327433628,0.0,0.0
solar,1,20,14.231900707964598,0.0,0.0
solar,1,21,13.698648318584068,0.0,0.0
solar,1,22,10.86971256637168,0.0,0.0
solar,1,23,10.012245132743361,0.0,0.0
solar,1,24,10.853125486725661,0.0,0.0
solar,1,25,10.805801415929205,0.0,0.0
vehicle,1,1,31.99200000000458,0.0,37.493750000000006
vehicle,1,2,53.83600000000167,0.0,36.33875
vehicle,1,3,55.98600000000127,0.0,36.0045
vehicle,1,4,48.16,0.0,36.9565
vehicle,1,5,48.16000000000004,0.0,39.58675
vehicle,1,6,78.26000000000995,0.0,43.25299999999999
vehicle,1,7,44.29,0.0,0.0
vehicle,1,8,0.0,0.0,44.882250000000006
vehicle,1,9,0.0,0.0,0.0
vehicle,1,10,0.0,0.0,45.89550000000002
vehicle,1,11,0.0,0.0,46.68125
vehicle,1,12,0.0,0.0,48.060249999999996
vehicle,1,13,0.0,0.0,50.07275000000002
vehicle,1,14,0.0,0.0,52.41775000000001
vehicle,1,15,0.0,0.0,54.41275
vehicle,1,16,0.0,0.0,55.58875
vehicle,1,17,802.9390000000224,0.0,55.580376585884395
vehicle,1,18,605.2250000000056,0.0,55.43825000000002
vehicle,1,19,645.6255274134726,0.0,54.45475000000002
vehicle,1,20,0.0,0.0,51.73000000000001
vehicle,1,21,0.0,0.0,48.4925
vehicle,1,22,0.0,0.0,44.710750000000004
vehicle,1,23,0.0,0.0,41.459354999999995
vehicle,1,24,0.0,0.0,39.342805531007144
vehicle,1,25,31.99200000000458,0.0,37.493750000000006
wind,1,1,751.9625681415926,0.0,0.0
wind,1,2,728.5190893805309,0.0,0.0
wind,1,3,605.8775628318583,0.0,0.0
wind,1,4,463.2187571681415,0.0,0.0
wind,1,5,415.4515805309734,0.0,0.0
wind,1,6,368.92487946902645,0.0,0.0
wind,1,7,408.756321238938,0.0,0.0
wind,1,8,437.52149999999995,0.0,0.0
wind,1,9,530.695183539823,0.0,0.0
wind,1,10,1172.5028410619468,0.0,0.0
wind,1,11,1578.1839005309735,0.0,0.0
wind,1,12,1541.3316387610619,0.0,0.0
wind,1,13,1387.708286017699,0.0,0.0
wind,1,14,1274.410360353982,0.0,0.0
wind,1,15,1233.1626801769908,0.0,0.0
wind,1,16,1314.9205821238936,0.0,0.0
wind,1,17,1133.948203008849,0.0,0.0
wind,1,18,1236.4070957522122,0.0,0.0
wind,1,19,1890.1146854867254,0.0,0.0
wind,1,20,2053.8449601769908,0.0,0.0
wind,1,21,2024.6012506194686,0.0,0.0
wind,1,22,2005.9101207079646,0.0,0.0
wind,1,23,2017.3590621238934,0.0,0.0
wind,1,24,2192.728033274336,0.0,0.0
wind,1,25,2424.926676106193,0.0,0.0
