Generator,Day,Hour,Generation,Reg Up,Reg Down
10034_G_GEN1,1,1,0.0,0.0,0.0
10034_G_GEN1,1,2,0.0,0.0,0.0
10034_G_GEN1,1,3,0.0,0.0,0.0
10034_G_GEN1,1,4,0.0,0.0,0.0
10034_G_GEN1,1,5,0.0,0.0,0.0
10034_G_GEN1,1,6,0.0,0.0,0.0
10034_G_GEN1,1,7,0.0,0.0,0.0
10034_G_GEN1,1,8,0.0,0.0,0.0
10034_G_GEN1,1,9,0.0,0.0,0.0
10034_G_GEN1,1,10,0.0,0.0,0.0
10034_G_GEN1,1,11,0.0,0.0,0.0
10034_G_GEN1,1,12,0.0,0.0,0.0
10034_G_GEN1,1,13,0.0,0.0,0.0
10034_G_GEN1,1,14,0.0,0.0,0.0
10034_G_GEN1,1,15,0.0,0.0,0.0
10034_G_GEN1,1,16,0.0,0.0,0.0
10034_G_GEN1,1,17,0.0,0.0,0.0
10034_G_GEN1,1,18,0.0,0.0,0.0
10034_G_GEN1,1,19,0.0,0.0,0.0
10034_G_GEN1,1,20,0.0,0.0,0.0
10034_G_GEN1,1,21,0.0,0.0,0.0
10034_G_GEN1,1,22,0.0,0.0,0.0
10034_G_GEN1,1,23,0.0,0.0,0.0
10034_G_GEN1,1,24,0.0,0.0,0.0
10034_G_GEN1,1,25,0.0,0.0,0.0
10034_G_GEN2,1,1,0.0,0.0,0.0
10034_G_GEN2,1,2,0.0,0.0,0.0
10034_G_GEN2,1,3,0.0,0.0,0.0
10034_G_GEN2,1,4,0.0,0.0,0.0
10034_G_GEN2,1,5,0.0,0.0,0.0
10034_G_GEN2,1,6,0.0,0.0,0.0
10034_G_GEN2,1,7,0.0,0.0,0.0
10034_G_GEN2,1,8,0.0,0.0,0.0
10034_G_GEN2,1,9,0.0,0.0,0.0
10034_G_GEN2,1,10,0.0,0.0,0.0
10034_G_GEN2,1,11,0.0,0.0,0.0
10034_G_GEN2,1,12,0.0,0.0,0.0
10034_G_GEN2,1,13,0.0,0.0,0.0
10034_G_GEN2,1,14,0.0,0.0,0.0
10034_G_GEN2,1,15,0.0,0.0,0.0
10034_G_GEN2,1,16,0.0,0.0,0.0
10034_G_GEN2,1,17,0.0,0.0,0.0
10034_G_GEN2,1,18,0.0,0.0,0.0
10034_G_GEN2,1,19,0.0,0.0,0.0
10034_G_GEN2,1,20,0.0,0.0,0.0
10034_G_GEN2,1,21,0.0,0.0,0.0
10034_G_GEN2,1,22,0.0,0.0,0.0
10034_G_GEN2,1,23,0.0,0.0,0.0
10034_G_GEN2,1,24,0.0,0.0,0.0
10034_G_GEN2,1,25,0.0,0.0,0.0
10052_B_BLR1,1,1,296.6,0.0,0.0
10052_B_BLR1,1,2,296.6,0.0,0.0
10052_B_BLR1,1,3,296.6,0.0,0.0
10052_B_BLR1,1,4,296.5999999999964,0.0,0.0
10052_B_BLR1,1,5,296.6,0.0,0.0
10052_B_BLR1,1,6,296.6,0.0,0.0
10052_B_BLR1,1,7,296.6,0.0,0.0
10052_B_BLR1,1,8,118.63999999999999,0.0,0.0
10052_B_BLR1,1,9,118.63999999999999,0.0,0.0
10052_B_BLR1,1,10,118.64,0.0,0.0
10052_B_BLR1,1,11,118.64,0.0,0.0
10052_B_BLR1,1,12,118.64,0.0,0.0
10052_B_BLR1,1,13,118.64,0.0,0.0
10052_B_BLR1,1,14,118.63999999999999,0.0,0.0
10052_B_BLR1,1,15,118.63999999999999,0.0,0.0
10052_B_BLR1,1,16,118.63999999999999,0.0,0.0
10052_B_BLR1,1,17,296.6,0.0,0.0
10052_B_BLR1,1,18,296.6,0.0,0.0
10052_B_BLR1,1,19,296.6,0.0,0.0
10052_B_BLR1,1,20,296.6,0.0,0.0
10052_B_BLR1,1,21,296.6,0.0,0.0
10052_B_BLR1,1,22,296.6,0.0,0.0
10052_B_BLR1,1,23,296.6,0.0,0.0
10052_B_BLR1,1,24,296.6,0.0,0.0
10052_B_BLR1,1,25,296.6,0.0,0.0
10091_G_G2,1,1,46.0,0.0,0.0
10091_G_G2,1,2,46.0,0.0,0.0
10091_G_G2,1,3,46.0,0.0,0.0
10091_G_G2,1,4,46.0,0.0,0.0
10091_G_G2,1,5,46.0,0.0,0.0
10091_G_G2,1,6,46.0,0.0,0.0
10091_G_G2,1,7,46.0,0.0,0.0
10091_G_G2,1,8,18.4,0.0,0.0
10091_G_G2,1,9,18.4,0.0,0.0
10091_G_G2,1,10,18.4,0.0,0.0
10091_G_G2,1,11,18.4,0.0,0.0
10091_G_G2,1,12,18.4,0.0,0.0
10091_G_G2,1,13,18.4,0.0,0.0
10091_G_G2,1,14,18.4,0.0,0.0
10091_G_G2,1,15,18.4,0.0,0.0
10091_G_G2,1,16,46.0,0.0,0.0
10091_G_G2,1,17,46.0,0.0,0.0
10091_G_G2,1,18,46.0,0.0,0.0
10091_G_G2,1,19,46.0,0.0,0.0
10091_G_G2,1,20,46.0,0.0,0.0
10091_G_G2,1,21,46.0,0.0,0.0
10091_G_G2,1,22,46.0,0.0,0.0
10091_G_G2,1,23,46.0,0.0,0.0
10091_G_G2,1,24,46.0,0.0,0.0
10091_G_G2,1,25,46.0,0.0,0.0
10091_G_GEN1,1,1,18.6,0.0,0.0
10091_G_GEN1,1,2,18.6,0.0,0.0
10091_G_GEN1,1,3,18.6,0.0,0.0
10091_G_GEN1,1,4,18.6,0.0,0.0
10091_G_GEN1,1,5,18.6,0.0,0.0
10091_G_GEN1,1,6,18.6,0.0,0.0
10091_G_GEN1,1,7,18.6,0.0,0.0
10091_G_GEN1,1,8,7.440000000000001,0.0,0.0
10091_G_GEN1,1,9,7.440000000000001,0.0,0.0
10091_G_GEN1,1,10,7.440000000000001,0.0,0.0
10091_G_GEN1,1,11,7.440000000000001,0.0,0.0
10091_G_GEN1,1,12,7.440000000000001,0.0,0.0
10091_G_GEN1,1,13,7.440000000000001,0.0,0.0
10091_G_GEN1,1,14,7.440000000000001,0.0,0.0
10091_G_GEN1,1,15,7.440000000000001,0.0,0.0
10091_G_GEN1,1,16,7.440000000000001,0.0,0.0
10091_G_GEN1,1,17,18.6,0.0,0.0
10091_G_GEN1,1,18,18.6,0.0,0.0
10091_G_GEN1,1,19,18.6,0.0,0.0
10091_G_GEN1,1,20,18.6,0.0,0.0
10091_G_GEN1,1,21,18.6,0.0,0.0
10091_G_GEN1,1,22,18.6,0.0,0.0
10091_G_GEN1,1,23,18.6,0.0,0.0
10091_G_GEN1,1,24,18.6,0.0,0.0
10091_G_GEN1,1,25,18.6,0.0,0.0
10110_G_GEN1,1,1,0.0,0.0,0.0
10110_G_GEN1,1,2,0.0,0.0,0.0
10110_G_GEN1,1,3,0.0,0.0,0.0
10110_G_GEN1,1,4,0.0,0.0,0.0
10110_G_GEN1,1,5,0.0,0.0,0.0
10110_G_GEN1,1,6,0.0,0.0,0.0
10110_G_GEN1,1,7,0.0,0.0,0.0
10110_G_GEN1,1,8,0.0,0.0,0.0
10110_G_GEN1,1,9,0.0,0.0,0.0
10110_G_GEN1,1,10,0.0,0.0,0.0
10110_G_GEN1,1,11,0.0,0.0,0.0
10110_G_GEN1,1,12,0.0,0.0,0.0
10110_G_GEN1,1,13,0.0,0.0,0.0
10110_G_GEN1,1,14,0.0,0.0,0.0
10110_G_GEN1,1,15,0.0,0.0,0.0
10110_G_GEN1,1,16,0.0,0.0,0.0
10110_G_GEN1,1,17,0.0,0.0,0.0
10110_G_GEN1,1,18,0.0,0.0,0.0
10110_G_GEN1,1,19,0.0,0.0,0.0
10110_G_GEN1,1,20,0.0,0.0,0.0
10110_G_GEN1,1,21,0.0,0.0,0.0
10110_G_GEN1,1,22,0.0,0.0,0.0
10110_G_GEN1,1,23,0.0,0.0,0.0
10110_G_GEN1,1,24,0.0,0.0,0.0
10110_G_GEN1,1,25,0.0,0.0,0.0
10144_B_BLR3,1,1,26.5,0.0,0.0
10144_B_BLR3,1,2,26.5,0.0,0.0
10144_B_BLR3,1,3,26.5,0.0,0.0
10144_B_BLR3,1,4,26.5,0.0,0.0
10144_B_BLR3,1,5,26.5,0.0,0.0
10144_B_BLR3,1,6,26.5,0.0,0.0
10144_B_BLR3,1,7,26.5,0.0,0.0
10144_B_BLR3,1,8,10.6,0.0,0.0
10144_B_BLR3,1,9,10.6,0.0,0.0
10144_B_BLR3,1,10,10.6,0.0,0.0
10144_B_BLR3,1,11,10.6,0.0,0.0
10144_B_BLR3,1,12,10.6,0.0,0.0
10144_B_BLR3,1,13,10.6,0.0,0.0
10144_B_BLR3,1,14,10.6,0.0,0.0
10144_B_BLR3,1,15,10.6,0.0,0.0
10144_B_BLR3,1,16,10.6,0.0,0.0
10144_B_BLR3,1,17,26.5,0.0,0.0
10144_B_BLR3,1,18,26.5,0.0,0.0
10144_B_BLR3,1,19,26.5,0.0,0.0
10144_B_BLR3,1,20,26.5,0.0,0.0
10144_B_BLR3,1,21,26.5,0.0,0.0
10144_B_BLR3,1,22,26.5,0.0,0.0
10144_B_BLR3,1,23,26.5,0.0,0.0
10144_B_BLR3,1,24,26.5,0.0,0.0
10144_B_BLR3,1,25,26.5,0.0,0.0
10156_G_GEN2,1,1,0.0,0.0,0.0
10156_G_GEN2,1,2,0.0,0.0,0.0
10156_G_GEN2,1,3,0.0,0.0,0.0
10156_G_GEN2,1,4,0.0,0.0,0.0
10156_G_GEN2,1,5,0.0,0.0,0.0
10156_G_GEN2,1,6,0.0,0.0,0.0
10156_G_GEN2,1,7,0.0,0.0,0.0
10156_G_GEN2,1,8,0.0,0.0,0.0
10156_G_GEN2,1,9,0.0,0.0,0.0
10156_G_GEN2,1,10,0.0,0.0,0.0
10156_G_GEN2,1,11,0.0,0.0,0.0
10156_G_GEN2,1,12,0.0,0.0,0.0
10156_G_GEN2,1,13,0.0,0.0,0.0
10156_G_GEN2,1,14,0.0,0.0,0.0
10156_G_GEN2,1,15,0.0,0.0,0.0
10156_G_GEN2,1,16,0.0,0.0,0.0
10156_G_GEN2,1,17,0.0,0.0,0.0
10156_G_GEN2,1,18,0.0,0.0,0.0
10156_G_GEN2,1,19,0.0,0.0,0.0
10156_G_GEN2,1,20,0.0,0.0,0.0
10156_G_GEN2,1,21,0.0,0.0,0.0
10156_G_GEN2,1,22,0.0,0.0,0.0
10156_G_GEN2,1,23,0.0,0.0,0.0
10156_G_GEN2,1,24,0.0,0.0,0.0
10156_G_GEN2,1,25,0.0,0.0,0.0
10156_G_GEN3,1,1,0.0,0.0,0.0
10156_G_GEN3,1,2,0.0,0.0,0.0
10156_G_GEN3,1,3,0.0,0.0,0.0
10156_G_GEN3,1,4,0.0,0.0,0.0
10156_G_GEN3,1,5,0.0,0.0,0.0
10156_G_GEN3,1,6,0.0,0.0,0.0
10156_G_GEN3,1,7,0.0,0.0,0.0
10156_G_GEN3,1,8,0.0,0.0,0.0
10156_G_GEN3,1,9,0.0,0.0,0.0
10156_G_GEN3,1,10,0.0,0.0,0.0
10156_G_GEN3,1,11,0.0,0.0,0.0
10156_G_GEN3,1,12,0.0,0.0,0.0
10156_G_GEN3,1,13,0.0,0.0,0.0
10156_G_GEN3,1,14,0.0,0.0,0.0
10156_G_GEN3,1,15,0.0,0.0,0.0
10156_G_GEN3,1,16,0.0,0.0,0.0
10156_G_GEN3,1,17,0.0,0.0,0.0
10156_G_GEN3,1,18,0.0,0.0,0.0
10156_G_GEN3,1,19,0.0,0.0,0.0
10156_G_GEN3,1,20,0.0,0.0,0.0
10156_G_GEN3,1,21,0.0,0.0,0.0
10156_G_GEN3,1,22,0.0,0.0,0.0
10156_G_GEN3,1,23,0.0,0.0,0.0
10156_G_GEN3,1,24,0.0,0.0,0.0
10156_G_GEN3,1,25,0.0,0.0,0.0
10156_G_GEN4,1,1,0.0,0.0,0.0
10156_G_GEN4,1,2,0.0,0.0,0.0
10156_G_GEN4,1,3,0.0,0.0,0.0
10156_G_GEN4,1,4,0.0,0.0,0.0
10156_G_GEN4,1,5,0.0,0.0,0.0
10156_G_GEN4,1,6,0.0,0.0,0.0
10156_G_GEN4,1,7,0.0,0.0,0.0
10156_G_GEN4,1,8,0.0,0.0,0.0
10156_G_GEN4,1,9,0.0,0.0,0.0
10156_G_GEN4,1,10,0.0,0.0,0.0
10156_G_GEN4,1,11,0.0,0.0,0.0
10156_G_GEN4,1,12,0.0,0.0,0.0
10156_G_GEN4,1,13,0.0,0.0,0.0
10156_G_GEN4,1,14,0.0,0.0,0.0
10156_G_GEN4,1,15,0.0,0.0,0.0
10156_G_GEN4,1,16,0.0,0.0,0.0
10156_G_GEN4,1,17,0.0,0.0,0.0
10156_G_GEN4,1,18,0.0,0.0,0.0
10156_G_GEN4,1,19,0.0,0.0,0.0
10156_G_GEN4,1,20,0.0,0.0,0.0
10156_G_GEN4,1,21,0.0,0.0,0.0
10156_G_GEN4,1,22,0.0,0.0,0.0
10156_G_GEN4,1,23,0.0,0.0,0.0
10156_G_GEN4,1,24,0.0,0.0,0.0
10156_G_GEN4,1,25,0.0,0.0,0.0
10169_G_GEN1,1,1,0.0,0.0,0.0
10169_G_GEN1,1,2,0.0,0.0,0.0
10169_G_GEN1,1,3,0.0,0.0,0.0
10169_G_GEN1,1,4,0.0,0.0,0.0
10169_G_GEN1,1,5,0.0,0.0,0.0
10169_G_GEN1,1,6,0.0,0.0,0.0
10169_G_GEN1,1,7,0.0,0.0,0.0
10169_G_GEN1,1,8,0.0,0.0,0.0
10169_G_GEN1,1,9,0.0,0.0,0.0
10169_G_GEN1,1,10,0.0,0.0,0.0
10169_G_GEN1,1,11,0.0,0.0,0.0
10169_G_GEN1,1,12,0.0,0.0,0.0
10169_G_GEN1,1,13,0.0,0.0,0.0
10169_G_GEN1,1,14,0.0,0.0,0.0
10169_G_GEN1,1,15,0.0,0.0,0.0
10169_G_GEN1,1,16,0.0,0.0,0.0
10169_G_GEN1,1,17,0.0,0.0,0.0
10169_G_GEN1,1,18,0.0,0.0,0.0
10169_G_GEN1,1,19,0.0,0.0,0.0
10169_G_GEN1,1,20,0.0,0.0,0.0
10169_G_GEN1,1,21,0.0,0.0,0.0
10169_G_GEN1,1,22,0.0,0.0,0.0
10169_G_GEN1,1,23,0.0,0.0,0.0
10169_G_GEN1,1,24,0.0,0.0,0.0
10169_G_GEN1,1,25,0.0,0.0,0.0
10169_G_GEN2,1,1,0.0,0.0,0.0
10169_G_GEN2,1,2,0.0,0.0,0.0
10169_G_GEN2,1,3,0.0,0.0,0.0
10169_G_GEN2,1,4,0.0,0.0,0.0
10169_G_GEN2,1,5,0.0,0.0,0.0
10169_G_GEN2,1,6,0.0,0.0,0.0
10169_G_GEN2,1,7,0.0,0.0,0.0
10169_G_GEN2,1,8,0.0,0.0,0.0
10169_G_GEN2,1,9,0.0,0.0,0.0
10169_G_GEN2,1,10,0.0,0.0,0.0
10169_G_GEN2,1,11,0.0,0.0,0.0
10169_G_GEN2,1,12,0.0,0.0,0.0
10169_G_GEN2,1,13,0.0,0.0,0.0
10169_G_GEN2,1,14,0.0,0.0,0.0
10169_G_GEN2,1,15,0.0,0.0,0.0
10169_G_GEN2,1,16,0.0,0.0,0.0
10169_G_GEN2,1,17,0.0,0.0,0.0
10169_G_GEN2,1,18,0.0,0.0,0.0
10169_G_GEN2,1,19,0.0,0.0,0.0
10169_G_GEN2,1,20,0.0,0.0,0.0
10169_G_GEN2,1,21,0.0,0.0,0.0
10169_G_GEN2,1,22,0.0,0.0,0.0
10169_G_GEN2,1,23,0.0,0.0,0.0
10169_G_GEN2,1,24,0.0,0.0,0.0
10169_G_GEN2,1,25,0.0,0.0,0.0
10175_G_0799,1,1,0.0,0.0,0.0
10175_G_0799,1,2,0.0,0.0,0.0
10175_G_0799,1,3,0.0,0.0,0.0
10175_G_0799,1,4,0.0,0.0,0.0
10175_G_0799,1,5,0.0,0.0,0.0
10175_G_0799,1,6,0.0,0.0,0.0
10175_G_0799,1,7,0.0,0.0,0.0
10175_G_0799,1,8,0.0,0.0,0.0
10175_G_0799,1,9,0.0,0.0,0.0
10175_G_0799,1,10,0.0,0.0,0.0
10175_G_0799,1,11,0.0,0.0,0.0
10175_G_0799,1,12,0.0,0.0,0.0
10175_G_0799,1,13,0.0,0.0,0.0
10175_G_0799,1,14,0.0,0.0,0.0
10175_G_0799,1,15,0.0,0.0,0.0
10175_G_0799,1,16,0.0,0.0,0.0
10175_G_0799,1,17,0.0,0.0,0.0
10175_G_0799,1,18,0.0,0.0,0.0
10175_G_0799,1,19,0.0,0.0,0.0
10175_G_0799,1,20,0.0,0.0,0.0
10175_G_0799,1,21,0.0,0.0,0.0
10175_G_0799,1,22,0.0,0.0,0.0
10175_G_0799,1,23,0.0,0.0,0.0
10175_G_0799,1,24,0.0,0.0,0.0
10175_G_0799,1,25,0.0,0.0,0.0
10175_G_5083,1,1,0.0,0.0,0.0
10175_G_5083,1,2,0.0,0.0,0.0
10175_G_5083,1,3,0.0,0.0,0.0
10175_G_5083,1,4,0.0,0.0,0.0
10175_G_5083,1,5,0.0,0.0,0.0
10175_G_5083,1,6,0.0,0.0,0.0
10175_G_5083,1,7,0.0,0.0,0.0
10175_G_5083,1,8,0.0,0.0,0.0
10175_G_5083,1,9,0.0,0.0,0.0
10175_G_5083,1,10,0.0,0.0,0.0
10175_G_5083,1,11,0.0,0.0,0.0
10175_G_5083,1,12,0.0,0.0,0.0
10175_G_5083,1,13,0.0,0.0,0.0
10175_G_5083,1,14,0.0,0.0,0.0
10175_G_5083,1,15,0.0,0.0,0.0
10175_G_5083,1,16,0.0,0.0,0.0
10175_G_5083,1,17,0.0,0.0,0.0
10175_G_5083,1,18,0.0,0.0,0.0
10175_G_5083,1,19,0.0,0.0,0.0
10175_G_5083,1,20,0.0,0.0,0.0
10175_G_5083,1,21,0.0,0.0,0.0
10175_G_5083,1,22,0.0,0.0,0.0
10175_G_5083,1,23,0.0,0.0,0.0
10175_G_5083,1,24,0.0,0.0,0.0
10175_G_5083,1,25,0.0,0.0,0.0
10213_G_GEN1,1,1,0.0,0.0,0.0
10213_G_GEN1,1,2,0.0,0.0,0.0
10213_G_GEN1,1,3,0.0,0.0,0.0
10213_G_GEN1,1,4,0.0,0.0,0.0
10213_G_GEN1,1,5,0.0,0.0,0.0
10213_G_GEN1,1,6,0.0,0.0,0.0
10213_G_GEN1,1,7,0.0,0.0,0.0
10213_G_GEN1,1,8,0.0,0.0,0.0
10213_G_GEN1,1,9,0.0,0.0,0.0
10213_G_GEN1,1,10,0.0,0.0,0.0
10213_G_GEN1,1,11,0.0,0.0,0.0
10213_G_GEN1,1,12,0.0,0.0,0.0
10213_G_GEN1,1,13,0.0,0.0,0.0
10213_G_GEN1,1,14,0.0,0.0,0.0
10213_G_GEN1,1,15,0.0,0.0,0.0
10213_G_GEN1,1,16,0.0,0.0,0.0
10213_G_GEN1,1,17,0.0,0.0,0.0
10213_G_GEN1,1,18,0.0,0.0,0.0
10213_G_GEN1,1,19,0.0,0.0,0.0
10213_G_GEN1,1,20,0.0,0.0,0.0
10213_G_GEN1,1,21,0.0,0.0,0.0
10213_G_GEN1,1,22,0.0,0.0,0.0
10213_G_GEN1,1,23,0.0,0.0,0.0
10213_G_GEN1,1,24,0.0,0.0,0.0
10213_G_GEN1,1,25,0.0,0.0,0.0
10213_G_GEN2,1,1,0.0,0.0,0.0
10213_G_GEN2,1,2,0.0,0.0,0.0
10213_G_GEN2,1,3,0.0,0.0,0.0
10213_G_GEN2,1,4,0.0,0.0,0.0
10213_G_GEN2,1,5,0.0,0.0,0.0
10213_G_GEN2,1,6,0.0,0.0,0.0
10213_G_GEN2,1,7,0.0,0.0,0.0
10213_G_GEN2,1,8,0.0,0.0,0.0
10213_G_GEN2,1,9,0.0,0.0,0.0
10213_G_GEN2,1,10,0.0,0.0,0.0
10213_G_GEN2,1,11,0.0,0.0,0.0
10213_G_GEN2,1,12,0.0,0.0,0.0
10213_G_GEN2,1,13,0.0,0.0,0.0
10213_G_GEN2,1,14,0.0,0.0,0.0
10213_G_GEN2,1,15,0.0,0.0,0.0
10213_G_GEN2,1,16,0.0,0.0,0.0
10213_G_GEN2,1,17,0.0,0.0,0.0
10213_G_GEN2,1,18,0.0,0.0,0.0
10213_G_GEN2,1,19,0.0,0.0,0.0
10213_G_GEN2,1,20,0.0,0.0,0.0
10213_G_GEN2,1,21,0.0,0.0,0.0
10213_G_GEN2,1,22,0.0,0.0,0.0
10213_G_GEN2,1,23,0.0,0.0,0.0
10213_G_GEN2,1,24,0.0,0.0,0.0
10213_G_GEN2,1,25,0.0,0.0,0.0
10213_G_GEN5,1,1,0.0,0.0,0.0
10213_G_GEN5,1,2,0.0,0.0,0.0
10213_G_GEN5,1,3,0.0,0.0,0.0
10213_G_GEN5,1,4,0.0,0.0,0.0
10213_G_GEN5,1,5,0.0,0.0,0.0
10213_G_GEN5,1,6,0.0,0.0,0.0
10213_G_GEN5,1,7,0.0,0.0,0.0
10213_G_GEN5,1,8,0.0,0.0,0.0
10213_G_GEN5,1,9,0.0,0.0,0.0
10213_G_GEN5,1,10,0.0,0.0,0.0
10213_G_GEN5,1,11,0.0,0.0,0.0
10213_G_GEN5,1,12,0.0,0.0,0.0
10213_G_GEN5,1,13,0.0,0.0,0.0
10213_G_GEN5,1,14,0.0,0.0,0.0
10213_G_GEN5,1,15,0.0,0.0,0.0
10213_G_GEN5,1,16,0.0,0.0,0.0
10213_G_GEN5,1,17,0.0,0.0,0.0
10213_G_GEN5,1,18,0.0,0.0,0.0
10213_G_GEN5,1,19,0.0,0.0,0.0
10213_G_GEN5,1,20,0.0,0.0,0.0
10213_G_GEN5,1,21,0.0,0.0,0.0
10213_G_GEN5,1,22,0.0,0.0,0.0
10213_G_GEN5,1,23,0.0,0.0,0.0
10213_G_GEN5,1,24,0.0,0.0,0.0
10213_G_GEN5,1,25,0.0,0.0,0.0
10213_G_GEN6,1,1,0.0,0.0,0.0
10213_G_GEN6,1,2,0.0,0.0,0.0
10213_G_GEN6,1,3,0.0,0.0,0.0
10213_G_GEN6,1,4,0.0,0.0,0.0
10213_G_GEN6,1,5,0.0,0.0,0.0
10213_G_GEN6,1,6,0.0,0.0,0.0
10213_G_GEN6,1,7,0.0,0.0,0.0
10213_G_GEN6,1,8,0.0,0.0,0.0
10213_G_GEN6,1,9,0.0,0.0,0.0
10213_G_GEN6,1,10,0.0,0.0,0.0
10213_G_GEN6,1,11,0.0,0.0,0.0
10213_G_GEN6,1,12,0.0,0.0,0.0
10213_G_GEN6,1,13,0.0,0.0,0.0
10213_G_GEN6,1,14,0.0,0.0,0.0
10213_G_GEN6,1,15,0.0,0.0,0.0
10213_G_GEN6,1,16,0.0,0.0,0.0
10213_G_GEN6,1,17,0.0,0.0,0.0
10213_G_GEN6,1,18,0.0,0.0,0.0
10213_G_GEN6,1,19,0.0,0.0,0.0
10213_G_GEN6,1,20,0.0,0.0,0.0
10213_G_GEN6,1,21,0.0,0.0,0.0
10213_G_GEN6,1,22,0.0,0.0,0.0
10213_G_GEN6,1,23,0.0,0.0,0.0
10213_G_GEN6,1,24,0.0,0.0,0.0
10213_G_GEN6,1,25,0.0,0.0,0.0
10213_G_GEN7,1,1,0.0,0.0,0.0
10213_G_GEN7,1,2,0.0,0.0,0.0
10213_G_GEN7,1,3,0.0,0.0,0.0
10213_G_GEN7,1,4,0.0,0.0,0.0
10213_G_GEN7,1,5,0.0,0.0,0.0
10213_G_GEN7,1,6,0.0,0.0,0.0
10213_G_GEN7,1,7,0.0,0.0,0.0
10213_G_GEN7,1,8,0.0,0.0,0.0
10213_G_GEN7,1,9,0.0,0.0,0.0
10213_G_GEN7,1,10,0.0,0.0,0.0
10213_G_GEN7,1,11,0.0,0.0,0.0
10213_G_GEN7,1,12,0.0,0.0,0.0
10213_G_GEN7,1,13,0.0,0.0,0.0
10213_G_GEN7,1,14,0.0,0.0,0.0
10213_G_GEN7,1,15,0.0,0.0,0.0
10213_G_GEN7,1,16,0.0,0.0,0.0
10213_G_GEN7,1,17,0.0,0.0,0.0
10213_G_GEN7,1,18,0.0,0.0,0.0
10213_G_GEN7,1,19,40.7,0.0,0.0
10213_G_GEN7,1,20,16.28,24.419999999999973,0.0
10213_G_GEN7,1,21,27.02145126321581,13.678548736784194,0.0
10213_G_GEN7,1,22,0.0,0.0,0.0
10213_G_GEN7,1,23,0.0,0.0,0.0
10213_G_GEN7,1,24,0.0,0.0,0.0
10213_G_GEN7,1,25,0.0,0.0,0.0
10213_G_GEN8,1,1,0.0,0.0,0.0
10213_G_GEN8,1,2,0.0,0.0,0.0
10213_G_GEN8,1,3,0.0,0.0,0.0
10213_G_GEN8,1,4,0.0,0.0,0.0
10213_G_GEN8,1,5,0.0,0.0,0.0
10213_G_GEN8,1,6,0.0,0.0,0.0
10213_G_GEN8,1,7,0.0,0.0,0.0
10213_G_GEN8,1,8,0.0,0.0,0.0
10213_G_GEN8,1,9,0.0,0.0,0.0
10213_G_GEN8,1,10,0.0,0.0,0.0
10213_G_GEN8,1,11,0.0,0.0,0.0
10213_G_GEN8,1,12,0.0,0.0,0.0
10213_G_GEN8,1,13,0.0,0.0,0.0
10213_G_GEN8,1,14,0.0,0.0,0.0
10213_G_GEN8,1,15,0.0,0.0,0.0
10213_G_GEN8,1,16,0.0,0.0,0.0
10213_G_GEN8,1,17,0.0,0.0,0.0
10213_G_GEN8,1,18,0.0,0.0,0.0
10213_G_GEN8,1,19,0.0,0.0,0.0
10213_G_GEN8,1,20,0.0,0.0,0.0
10213_G_GEN8,1,21,0.0,0.0,0.0
10213_G_GEN8,1,22,0.0,0.0,0.0
10213_G_GEN8,1,23,0.0,0.0,0.0
10213_G_GEN8,1,24,0.0,0.0,0.0
10213_G_GEN8,1,25,0.0,0.0,0.0
10294_G_GTG,1,1,0.0,0.0,0.0
10294_G_GTG,1,2,0.0,0.0,0.0
10294_G_GTG,1,3,0.0,0.0,0.0
10294_G_GTG,1,4,0.0,0.0,0.0
10294_G_GTG,1,5,0.0,0.0,0.0
10294_G_GTG,1,6,0.0,0.0,0.0
10294_G_GTG,1,7,0.0,0.0,0.0
10294_G_GTG,1,8,0.0,0.0,0.0
10294_G_GTG,1,9,0.0,0.0,0.0
10294_G_GTG,1,10,0.0,0.0,0.0
10294_G_GTG,1,11,0.0,0.0,0.0
10294_G_GTG,1,12,0.0,0.0,0.0
10294_G_GTG,1,13,0.0,0.0,0.0
10294_G_GTG,1,14,0.0,0.0,0.0
10294_G_GTG,1,15,0.0,0.0,0.0
10294_G_GTG,1,16,0.0,0.0,0.0
10294_G_GTG,1,17,0.0,0.0,0.0
10294_G_GTG,1,18,0.0,0.0,0.0
10294_G_GTG,1,19,0.0,0.0,0.0
10294_G_GTG,1,20,0.0,0.0,0.0
10294_G_GTG,1,21,0.0,0.0,0.0
10294_G_GTG,1,22,0.0,0.0,0.0
10294_G_GTG,1,23,0.0,0.0,0.0
10294_G_GTG,1,24,0.0,0.0,0.0
10294_G_GTG,1,25,0.0,0.0,0.0
10294_G_STG,1,1,0.0,0.0,0.0
10294_G_STG,1,2,0.0,0.0,0.0
10294_G_STG,1,3,0.0,0.0,0.0
10294_G_STG,1,4,0.0,0.0,0.0
10294_G_STG,1,5,0.0,0.0,0.0
10294_G_STG,1,6,0.0,0.0,0.0
10294_G_STG,1,7,0.0,0.0,0.0
10294_G_STG,1,8,0.0,0.0,0.0
10294_G_STG,1,9,0.0,0.0,0.0
10294_G_STG,1,10,0.0,0.0,0.0
10294_G_STG,1,11,0.0,0.0,0.0
10294_G_STG,1,12,0.0,0.0,0.0
10294_G_STG,1,13,0.0,0.0,0.0
10294_G_STG,1,14,0.0,0.0,0.0
10294_G_STG,1,15,0.0,0.0,0.0
10294_G_STG,1,16,0.0,0.0,0.0
10294_G_STG,1,17,0.0,0.0,0.0
10294_G_STG,1,18,0.0,0.0,0.0
10294_G_STG,1,19,0.0,0.0,0.0
10294_G_STG,1,20,0.0,0.0,0.0
10294_G_STG,1,21,0.0,0.0,0.0
10294_G_STG,1,22,0.0,0.0,0.0
10294_G_STG,1,23,0.0,0.0,0.0
10294_G_STG,1,24,0.0,0.0,0.0
10294_G_STG,1,25,0.0,0.0,0.0
10342_G_TG1,1,1,0.0,0.0,0.0
10342_G_TG1,1,2,0.0,0.0,0.0
10342_G_TG1,1,3,0.0,0.0,0.0
10342_G_TG1,1,4,0.0,0.0,0.0
10342_G_TG1,1,5,0.0,0.0,0.0
10342_G_TG1,1,6,0.0,0.0,0.0
10342_G_TG1,1,7,0.0,0.0,0.0
10342_G_TG1,1,8,0.0,0.0,0.0
10342_G_TG1,1,9,0.0,0.0,0.0
10342_G_TG1,1,10,0.0,0.0,0.0
10342_G_TG1,1,11,0.0,0.0,0.0
10342_G_TG1,1,12,0.0,0.0,0.0
10342_G_TG1,1,13,0.0,0.0,0.0
10342_G_TG1,1,14,0.0,0.0,0.0
10342_G_TG1,1,15,0.0,0.0,0.0
10342_G_TG1,1,16,0.0,0.0,0.0
10342_G_TG1,1,17,0.0,0.0,0.0
10342_G_TG1,1,18,0.0,0.0,0.0
10342_G_TG1,1,19,0.0,0.0,0.0
10342_G_TG1,1,20,0.0,0.0,0.0
10342_G_TG1,1,21,0.0,0.0,0.0
10342_G_TG1,1,22,0.0,0.0,0.0
10342_G_TG1,1,23,0.0,0.0,0.0
10342_G_TG1,1,24,0.0,0.0,0.0
10342_G_TG1,1,25,0.0,0.0,0.0
10342_G_TG2,1,1,0.0,0.0,0.0
10342_G_TG2,1,2,0.0,0.0,0.0
10342_G_TG2,1,3,0.0,0.0,0.0
10342_G_TG2,1,4,0.0,0.0,0.0
10342_G_TG2,1,5,0.0,0.0,0.0
10342_G_TG2,1,6,0.0,0.0,0.0
10342_G_TG2,1,7,0.0,0.0,0.0
10342_G_TG2,1,8,0.0,0.0,0.0
10342_G_TG2,1,9,0.0,0.0,0.0
10342_G_TG2,1,10,0.0,0.0,0.0
10342_G_TG2,1,11,0.0,0.0,0.0
10342_G_TG2,1,12,0.0,0.0,0.0
10342_G_TG2,1,13,0.0,0.0,0.0
10342_G_TG2,1,14,0.0,0.0,0.0
10342_G_TG2,1,15,0.0,0.0,0.0
10342_G_TG2,1,16,0.0,0.0,0.0
10342_G_TG2,1,17,0.0,0.0,0.0
10342_G_TG2,1,18,0.0,0.0,0.0
10342_G_TG2,1,19,0.0,0.0,0.0
10342_G_TG2,1,20,0.0,0.0,0.0
10342_G_TG2,1,21,0.0,0.0,0.0
10342_G_TG2,1,22,0.0,0.0,0.0
10342_G_TG2,1,23,0.0,0.0,0.0
10342_G_TG2,1,24,0.0,0.0,0.0
10342_G_TG2,1,25,0.0,0.0,0.0
10342_G_TG3,1,1,0.0,0.0,0.0
10342_G_TG3,1,2,0.0,0.0,0.0
10342_G_TG3,1,3,0.0,0.0,0.0
10342_G_TG3,1,4,0.0,0.0,0.0
10342_G_TG3,1,5,0.0,0.0,0.0
10342_G_TG3,1,6,0.0,0.0,0.0
10342_G_TG3,1,7,0.0,0.0,0.0
10342_G_TG3,1,8,0.0,0.0,0.0
10342_G_TG3,1,9,0.0,0.0,0.0
10342_G_TG3,1,10,0.0,0.0,0.0
10342_G_TG3,1,11,0.0,0.0,0.0
10342_G_TG3,1,12,0.0,0.0,0.0
10342_G_TG3,1,13,0.0,0.0,0.0
10342_G_TG3,1,14,0.0,0.0,0.0
10342_G_TG3,1,15,0.0,0.0,0.0
10342_G_TG3,1,16,0.0,0.0,0.0
10342_G_TG3,1,17,0.0,0.0,0.0
10342_G_TG3,1,18,0.0,0.0,0.0
10342_G_TG3,1,19,0.0,0.0,0.0
10342_G_TG3,1,20,0.0,0.0,0.0
10342_G_TG3,1,21,0.0,0.0,0.0
10342_G_TG3,1,22,0.0,0.0,0.0
10342_G_TG3,1,23,0.0,0.0,0.0
10342_G_TG3,1,24,0.0,0.0,0.0
10342_G_TG3,1,25,0.0,0.0,0.0
10349_G_GEN1,1,1,0.0,0.0,0.0
10349_G_GEN1,1,2,0.0,0.0,0.0
10349_G_GEN1,1,3,0.0,0.0,0.0
10349_G_GEN1,1,4,0.0,0.0,0.0
10349_G_GEN1,1,5,0.0,0.0,0.0
10349_G_GEN1,1,6,0.0,0.0,0.0
10349_G_GEN1,1,7,0.0,0.0,0.0
10349_G_GEN1,1,8,0.0,0.0,0.0
10349_G_GEN1,1,9,0.0,0.0,0.0
10349_G_GEN1,1,10,0.0,0.0,0.0
10349_G_GEN1,1,11,0.0,0.0,0.0
10349_G_GEN1,1,12,0.0,0.0,0.0
10349_G_GEN1,1,13,0.0,0.0,0.0
10349_G_GEN1,1,14,0.0,0.0,0.0
10349_G_GEN1,1,15,0.0,0.0,0.0
10349_G_GEN1,1,16,0.0,0.0,0.0
10349_G_GEN1,1,17,0.0,0.0,0.0
10349_G_GEN1,1,18,0.0,0.0,0.0
10349_G_GEN1,1,19,0.0,0.0,0.0
10349_G_GEN1,1,20,70.861,0.0,0.0
10349_G_GEN1,1,21,70.861,0.0,0.0
10349_G_GEN1,1,22,0.0,0.0,0.0
10349_G_GEN1,1,23,0.0,0.0,0.0
10349_G_GEN1,1,24,0.0,0.0,0.0
10349_G_GEN1,1,25,0.0,0.0,0.0
10387_G_1A,1,1,126.2,0.0,0.0
10387_G_1A,1,2,126.2,0.0,0.0
10387_G_1A,1,3,126.2,0.0,0.0
10387_G_1A,1,4,126.2,0.0,0.0
10387_G_1A,1,5,126.2,0.0,0.0
10387_G_1A,1,6,126.2,0.0,0.0
10387_G_1A,1,7,126.2,0.0,0.0
10387_G_1A,1,8,0.0,0.0,0.0
10387_G_1A,1,9,0.0,0.0,0.0
10387_G_1A,1,10,0.0,0.0,0.0
10387_G_1A,1,11,0.0,0.0,0.0
10387_G_1A,1,12,0.0,0.0,0.0
10387_G_1A,1,13,0.0,0.0,0.0
10387_G_1A,1,14,0.0,0.0,0.0
10387_G_1A,1,15,0.0,0.0,0.0
10387_G_1A,1,16,0.0,0.0,0.0
10387_G_1A,1,17,126.2,0.0,0.0
10387_G_1A,1,18,126.2,0.0,0.0
10387_G_1A,1,19,126.2,0.0,0.0
10387_G_1A,1,20,126.2,0.0,0.0
10387_G_1A,1,21,126.2,0.0,0.0
10387_G_1A,1,22,126.2,0.0,0.0
10387_G_1A,1,23,126.2,0.0,0.0
10387_G_1A,1,24,126.2,0.0,0.0
10387_G_1A,1,25,126.2,0.0,0.0
10387_G_3,1,1,39.8,0.0,0.0
10387_G_3,1,2,39.8,0.0,0.0
10387_G_3,1,3,39.8,0.0,0.0
10387_G_3,1,4,39.8,0.0,0.0
10387_G_3,1,5,39.8,0.0,0.0
10387_G_3,1,6,39.8,0.0,0.0
10387_G_3,1,7,39.8,0.0,0.0
10387_G_3,1,8,0.0,0.0,0.0
10387_G_3,1,9,0.0,0.0,0.0
10387_G_3,1,10,0.0,0.0,0.0
10387_G_3,1,11,0.0,0.0,0.0
10387_G_3,1,12,0.0,0.0,0.0
10387_G_3,1,13,0.0,0.0,0.0
10387_G_3,1,14,0.0,0.0,0.0
10387_G_3,1,15,0.0,0.0,0.0
10387_G_3,1,16,0.0,0.0,0.0
10387_G_3,1,17,39.8,0.0,0.0
10387_G_3,1,18,39.8,0.0,0.0
10387_G_3,1,19,39.8,0.0,0.0
10387_G_3,1,20,39.8,0.0,0.0
10387_G_3,1,21,39.8,0.0,0.0
10387_G_3,1,22,39.8,0.0,0.0
10387_G_3,1,23,39.8,0.0,0.0
10387_G_3,1,24,39.8,0.0,0.0
10387_G_3,1,25,39.8,0.0,0.0
10405_G_GEN1,1,1,0.0,0.0,0.0
10405_G_GEN1,1,2,0.0,0.0,0.0
10405_G_GEN1,1,3,0.0,0.0,0.0
10405_G_GEN1,1,4,0.0,0.0,0.0
10405_G_GEN1,1,5,0.0,0.0,0.0
10405_G_GEN1,1,6,0.0,0.0,0.0
10405_G_GEN1,1,7,0.0,0.0,0.0
10405_G_GEN1,1,8,0.0,0.0,0.0
10405_G_GEN1,1,9,0.0,0.0,0.0
10405_G_GEN1,1,10,0.0,0.0,0.0
10405_G_GEN1,1,11,0.0,0.0,0.0
10405_G_GEN1,1,12,0.0,0.0,0.0
10405_G_GEN1,1,13,0.0,0.0,0.0
10405_G_GEN1,1,14,0.0,0.0,0.0
10405_G_GEN1,1,15,0.0,0.0,0.0
10405_G_GEN1,1,16,0.0,0.0,0.0
10405_G_GEN1,1,17,0.0,0.0,0.0
10405_G_GEN1,1,18,0.0,0.0,0.0
10405_G_GEN1,1,19,0.0,0.0,0.0
10405_G_GEN1,1,20,0.0,0.0,0.0
10405_G_GEN1,1,21,0.0,0.0,0.0
10405_G_GEN1,1,22,0.0,0.0,0.0
10405_G_GEN1,1,23,0.0,0.0,0.0
10405_G_GEN1,1,24,0.0,0.0,0.0
10405_G_GEN1,1,25,0.0,0.0,0.0
10405_G_GEN2,1,1,0.0,0.0,0.0
10405_G_GEN2,1,2,0.0,0.0,0.0
10405_G_GEN2,1,3,0.0,0.0,0.0
10405_G_GEN2,1,4,0.0,0.0,0.0
10405_G_GEN2,1,5,0.0,0.0,0.0
10405_G_GEN2,1,6,0.0,0.0,0.0
10405_G_GEN2,1,7,0.0,0.0,0.0
10405_G_GEN2,1,8,0.0,0.0,0.0
10405_G_GEN2,1,9,0.0,0.0,0.0
10405_G_GEN2,1,10,0.0,0.0,0.0
10405_G_GEN2,1,11,0.0,0.0,0.0
10405_G_GEN2,1,12,0.0,0.0,0.0
10405_G_GEN2,1,13,0.0,0.0,0.0
10405_G_GEN2,1,14,0.0,0.0,0.0
10405_G_GEN2,1,15,0.0,0.0,0.0
10405_G_GEN2,1,16,0.0,0.0,0.0
10405_G_GEN2,1,17,0.0,0.0,0.0
10405_G_GEN2,1,18,0.0,0.0,0.0
10405_G_GEN2,1,19,0.0,0.0,0.0
10405_G_GEN2,1,20,0.0,0.0,0.0
10405_G_GEN2,1,21,0.0,0.0,0.0
10405_G_GEN2,1,22,0.0,0.0,0.0
10405_G_GEN2,1,23,0.0,0.0,0.0
10405_G_GEN2,1,24,0.0,0.0,0.0
10405_G_GEN2,1,25,0.0,0.0,0.0
10472_B_B300,1,1,59.20000000000001,0.0,0.0
10472_B_B300,1,2,59.20000000000001,0.0,0.0
10472_B_B300,1,3,59.20000000000001,0.0,0.0
10472_B_B300,1,4,59.20000000000001,0.0,0.0
10472_B_B300,1,5,59.20000000000001,0.0,0.0
10472_B_B300,1,6,59.20000000000001,0.0,0.0
10472_B_B300,1,7,59.20000000000001,0.0,0.0
10472_B_B300,1,8,0.0,0.0,0.0
10472_B_B300,1,9,0.0,0.0,0.0
10472_B_B300,1,10,0.0,0.0,0.0
10472_B_B300,1,11,0.0,0.0,0.0
10472_B_B300,1,12,0.0,0.0,0.0
10472_B_B300,1,13,0.0,0.0,0.0
10472_B_B300,1,14,0.0,0.0,0.0
10472_B_B300,1,15,0.0,0.0,0.0
10472_B_B300,1,16,0.0,0.0,0.0
10472_B_B300,1,17,59.20000000000001,0.0,0.0
10472_B_B300,1,18,59.20000000000001,0.0,0.0
10472_B_B300,1,19,59.20000000000001,0.0,0.0
10472_B_B300,1,20,59.20000000000001,0.0,0.0
10472_B_B300,1,21,59.20000000000001,0.0,0.0
10472_B_B300,1,22,59.20000000000001,0.0,0.0
10472_B_B300,1,23,59.20000000000001,0.0,0.0
10472_B_B300,1,24,59.20000000000001,0.0,0.0
10472_B_B300,1,25,59.20000000000001,0.0,0.0
10479_G_T101,1,1,4.0,0.0,0.0
10479_G_T101,1,2,4.0,0.0,0.0
10479_G_T101,1,3,4.0,0.0,0.0
10479_G_T101,1,4,4.0,0.0,0.0
10479_G_T101,1,5,4.0,0.0,0.0
10479_G_T101,1,6,4.0,0.0,0.0
10479_G_T101,1,7,4.0,0.0,0.0
10479_G_T101,1,8,4.0,0.0,0.0
10479_G_T101,1,9,2.631999999999999,0.0,1.0319999999999419
10479_G_T101,1,10,1.6,0.3583928790171331,0.0
10479_G_T101,1,11,1.6,0.3305636843446127,0.0
10479_G_T101,1,12,1.6,0.7089686379920157,0.0
10479_G_T101,1,13,1.6,2.4,0.0
10479_G_T101,1,14,1.6,2.4,0.0
10479_G_T101,1,15,2.6319999999999992,1.3680000000000054,1.0319999999999991
10479_G_T101,1,16,4.0,0.0,0.0
10479_G_T101,1,17,4.0,0.0,0.0
10479_G_T101,1,18,4.0,0.0,0.0
10479_G_T101,1,19,4.0,0.0,0.0
10479_G_T101,1,20,4.0,0.0,0.0
10479_G_T101,1,21,4.0,0.0,0.0
10479_G_T101,1,22,4.0,0.0,0.0
10479_G_T101,1,23,4.0,0.0,0.0
10479_G_T101,1,24,4.0,0.0,0.0
10479_G_T101,1,25,4.0,0.0,0.0
10479_G_T102,1,1,4.0,0.0,0.0
10479_G_T102,1,2,4.0,0.0,0.0
10479_G_T102,1,3,4.0,0.0,0.0
10479_G_T102,1,4,4.0,0.0,0.0
10479_G_T102,1,5,4.0,0.0,0.0
10479_G_T102,1,6,4.0,0.0,0.0
10479_G_T102,1,7,4.0,0.0,0.0
10479_G_T102,1,8,4.0,0.0,0.0
10479_G_T102,1,9,2.631999999999999,0.0,0.0
10479_G_T102,1,10,1.6,0.0,0.0
10479_G_T102,1,11,1.6,0.0,0.0
10479_G_T102,1,12,1.6,0.0,0.0
10479_G_T102,1,13,1.6,0.0,0.0
10479_G_T102,1,14,1.6,0.0,0.0
10479_G_T102,1,15,2.6319999999999997,0.0,0.0
10479_G_T102,1,16,4.0,0.0,0.0
10479_G_T102,1,17,4.0,0.0,0.0
10479_G_T102,1,18,4.0,0.0,0.0
10479_G_T102,1,19,4.0,0.0,0.0
10479_G_T102,1,20,4.0,0.0,0.0
10479_G_T102,1,21,4.0,0.0,0.0
10479_G_T102,1,22,4.0,0.0,0.0
10479_G_T102,1,23,4.0,0.0,0.0
10479_G_T102,1,24,4.0,0.0,0.0
10479_G_T102,1,25,4.0,0.0,0.0
10479_G_T103,1,1,4.0,0.0,0.0
10479_G_T103,1,2,4.0,0.0,0.0
10479_G_T103,1,3,4.0,0.0,0.0
10479_G_T103,1,4,4.0,0.0,0.0
10479_G_T103,1,5,4.0,0.0,0.0
10479_G_T103,1,6,4.0,0.0,0.0
10479_G_T103,1,7,4.0,0.0,0.0
10479_G_T103,1,8,4.0,0.0,0.0
10479_G_T103,1,9,2.631999999999999,0.0,0.0
10479_G_T103,1,10,1.6,0.0,0.0
10479_G_T103,1,11,1.6,0.0,0.0
10479_G_T103,1,12,1.6,0.0,0.0
10479_G_T103,1,13,1.6,0.0,0.0
10479_G_T103,1,14,1.6,0.0,0.0
10479_G_T103,1,15,2.6319999999999997,0.0,0.0
10479_G_T103,1,16,4.0,0.0,0.0
10479_G_T103,1,17,4.0,0.0,0.0
10479_G_T103,1,18,4.0,0.0,0.0
10479_G_T103,1,19,4.0,0.0,0.0
10479_G_T103,1,20,4.0,0.0,0.0
10479_G_T103,1,21,4.0,0.0,0.0
10479_G_T103,1,22,4.0,0.0,0.0
10479_G_T103,1,23,4.0,0.0,0.0
10479_G_T103,1,24,4.0,0.0,0.0
10479_G_T103,1,25,4.0,0.0,0.0
10480_G_GEN1,1,1,3.2,0.0,0.0
10480_G_GEN1,1,2,3.2,0.0,0.0
10480_G_GEN1,1,3,3.2,0.0,0.0
10480_G_GEN1,1,4,3.2,0.0,0.0
10480_G_GEN1,1,5,3.2,0.0,0.0
10480_G_GEN1,1,6,3.2,0.0,0.0
10480_G_GEN1,1,7,3.2,0.0,0.0
10480_G_GEN1,1,8,3.2,0.0,0.0
10480_G_GEN1,1,9,2.105599999999998,0.0,0.0
10480_G_GEN1,1,10,1.2800000000000002,0.0,0.0
10480_G_GEN1,1,11,1.2800000000000002,0.0,0.0
10480_G_GEN1,1,12,1.2800000000000002,0.0,0.0
10480_G_GEN1,1,13,1.2800000000000002,0.0,0.0
10480_G_GEN1,1,14,1.2800000000000002,0.0,0.0
10480_G_GEN1,1,15,2.1056,0.0,0.0
10480_G_GEN1,1,16,3.2,0.0,0.0
10480_G_GEN1,1,17,3.2,0.0,0.0
10480_G_GEN1,1,18,3.2,0.0,0.0
10480_G_GEN1,1,19,3.2,0.0,0.0
10480_G_GEN1,1,20,3.2,0.0,0.0
10480_G_GEN1,1,21,3.2,0.0,0.0
10480_G_GEN1,1,22,3.2,0.0,0.0
10480_G_GEN1,1,23,3.2,0.0,0.0
10480_G_GEN1,1,24,3.2,0.0,0.0
10480_G_GEN1,1,25,3.2,0.0,0.0
10480_G_GEN2,1,1,3.2,0.0,0.0
10480_G_GEN2,1,2,3.2,0.0,0.0
10480_G_GEN2,1,3,3.2,0.0,0.0
10480_G_GEN2,1,4,3.2,0.0,0.0
10480_G_GEN2,1,5,3.2,0.0,0.0
10480_G_GEN2,1,6,3.2,0.0,0.0
10480_G_GEN2,1,7,3.2,0.0,0.0
10480_G_GEN2,1,8,3.2,0.0,0.0
10480_G_GEN2,1,9,2.1056,0.0,0.0
10480_G_GEN2,1,10,1.2800000000000002,0.0,0.0
10480_G_GEN2,1,11,1.2800000000000002,0.0,0.0
10480_G_GEN2,1,12,1.2800000000000002,0.0,0.0
10480_G_GEN2,1,13,1.2800000000000002,0.0,0.0
10480_G_GEN2,1,14,1.2800000000000002,0.0,0.0
10480_G_GEN2,1,15,2.105599999999999,0.0,0.0
10480_G_GEN2,1,16,3.2,0.0,0.0
10480_G_GEN2,1,17,3.2,0.0,0.0
10480_G_GEN2,1,18,3.2,0.0,0.0
10480_G_GEN2,1,19,3.2,0.0,0.0
10480_G_GEN2,1,20,3.2,0.0,0.0
10480_G_GEN2,1,21,3.2,0.0,0.0
10480_G_GEN2,1,22,3.2,0.0,0.0
10480_G_GEN2,1,23,3.2,0.0,0.0
10480_G_GEN2,1,24,3.2,0.0,0.0
10480_G_GEN2,1,25,3.2,0.0,0.0
10481_G_1,1,1,3.0,0.0,0.0
10481_G_1,1,2,3.0,0.0,0.0
10481_G_1,1,3,3.0,0.0,0.0
10481_G_1,1,4,3.0,0.0,0.0
10481_G_1,1,5,3.0,0.0,0.0
10481_G_1,1,6,3.0,0.0,0.0
10481_G_1,1,7,3.0,0.0,0.0
10481_G_1,1,8,3.0,0.0,0.0
10481_G_1,1,9,1.9740000000000002,0.0,0.0
10481_G_1,1,10,1.2000000000000002,0.0,0.0
10481_G_1,1,11,1.2000000000000002,0.0,0.0
10481_G_1,1,12,1.2000000000000002,0.0,0.0
10481_G_1,1,13,1.2000000000000002,0.0,0.0
10481_G_1,1,14,1.2000000000000002,0.0,0.0
10481_G_1,1,15,1.974,0.0,0.0
10481_G_1,1,16,3.0,0.0,0.0
10481_G_1,1,17,3.0,0.0,0.0
10481_G_1,1,18,3.0,0.0,0.0
10481_G_1,1,19,3.0,0.0,0.0
10481_G_1,1,20,3.0,0.0,0.0
10481_G_1,1,21,3.0,0.0,0.0
10481_G_1,1,22,3.0,0.0,0.0
10481_G_1,1,23,3.0,0.0,0.0
10481_G_1,1,24,3.0,0.0,0.0
10481_G_1,1,25,3.0,0.0,0.0
10481_G_2,1,1,3.0,0.0,0.0
10481_G_2,1,2,3.0,0.0,0.0
10481_G_2,1,3,3.0,0.0,0.0
10481_G_2,1,4,3.0,0.0,0.0
10481_G_2,1,5,3.0,0.0,0.0
10481_G_2,1,6,3.0,0.0,0.0
10481_G_2,1,7,3.0,0.0,1.7999999999999998
10481_G_2,1,8,3.0,0.0,0.0
10481_G_2,1,9,1.9740000000000002,1.0259999999999998,0.7740000000000007
10481_G_2,1,10,1.2000000000000002,1.7999999999999998,0.0
10481_G_2,1,11,1.2000000000000002,1.7999999999999998,0.0
10481_G_2,1,12,1.2000000000000002,1.7999999999999998,0.0
10481_G_2,1,13,1.2000000000000002,1.7999999999999998,0.0
10481_G_2,1,14,1.2000000000000002,1.7999999999999998,0.0
10481_G_2,1,15,1.9739999999999998,1.0260000000000002,0.7739999999999996
10481_G_2,1,16,3.0,0.0,1.7999999999999998
10481_G_2,1,17,3.0,0.0,1.7999999999999998
10481_G_2,1,18,3.0,0.0,1.7999999999999998
10481_G_2,1,19,3.0,0.0,1.7999999999999998
10481_G_2,1,20,3.0,0.0,1.7999999999999998
10481_G_2,1,21,3.0,0.0,1.7999999999999998
10481_G_2,1,22,3.0,0.0,1.7999999999999998
10481_G_2,1,23,3.0,0.0,1.7999999999999998
10481_G_2,1,24,3.0,0.0,1.7999999999999998
10481_G_2,1,25,3.0,0.0,0.0
10481_G_3,1,1,3.0,0.0,0.0
10481_G_3,1,2,3.0,0.0,0.0
10481_G_3,1,3,3.0,0.0,0.0
10481_G_3,1,4,3.0,0.0,0.0
10481_G_3,1,5,3.0,0.0,0.0
10481_G_3,1,6,3.0,0.0,0.0
10481_G_3,1,7,3.0,0.0,0.0
10481_G_3,1,8,3.0,0.0,0.0
10481_G_3,1,9,1.9740000000000002,0.0,0.0
10481_G_3,1,10,1.2000000000000002,0.0,0.0
10481_G_3,1,11,1.2000000000000002,0.0,0.0
10481_G_3,1,12,1.2000000000000002,0.0,0.0
10481_G_3,1,13,1.2000000000000002,0.0,0.0
10481_G_3,1,14,1.2000000000000002,0.0,0.0
10481_G_3,1,15,1.974,0.0,0.0
10481_G_3,1,16,3.0,0.0,0.0
10481_G_3,1,17,3.0,0.0,0.0
10481_G_3,1,18,3.0,0.0,0.0
10481_G_3,1,19,3.0,0.0,0.0
10481_G_3,1,20,3.0,0.0,0.0
10481_G_3,1,21,3.0,0.0,0.0
10481_G_3,1,22,3.0,0.0,0.0
10481_G_3,1,23,3.0,0.0,0.0
10481_G_3,1,24,3.0,0.0,0.0
10481_G_3,1,25,3.0,0.0,0.0
10496_G_GTAG,1,1,0.0,0.0,0.0
10496_G_GTAG,1,2,0.0,0.0,0.0
10496_G_GTAG,1,3,0.0,0.0,0.0
10496_G_GTAG,1,4,0.0,0.0,0.0
10496_G_GTAG,1,5,0.0,0.0,0.0
10496_G_GTAG,1,6,0.0,0.0,0.0
10496_G_GTAG,1,7,0.0,0.0,0.0
10496_G_GTAG,1,8,0.0,0.0,0.0
10496_G_GTAG,1,9,0.0,0.0,0.0
10496_G_GTAG,1,10,0.0,0.0,0.0
10496_G_GTAG,1,11,0.0,0.0,0.0
10496_G_GTAG,1,12,0.0,0.0,0.0
10496_G_GTAG,1,13,0.0,0.0,0.0
10496_G_GTAG,1,14,0.0,0.0,0.0
10496_G_GTAG,1,15,0.0,0.0,0.0
10496_G_GTAG,1,16,0.0,0.0,0.0
10496_G_GTAG,1,17,0.0,0.0,0.0
10496_G_GTAG,1,18,0.0,0.0,0.0
10496_G_GTAG,1,19,0.0,0.0,0.0
10496_G_GTAG,1,20,217.8512,0.0,0.0
10496_G_GTAG,1,21,126.3209797820938,0.0,0.0
10496_G_GTAG,1,22,0.0,0.0,0.0
10496_G_GTAG,1,23,0.0,0.0,0.0
10496_G_GTAG,1,24,0.0,0.0,0.0
10496_G_GTAG,1,25,0.0,0.0,0.0
10601_G_GEN1,1,1,44.8,0.0,0.0
10601_G_GEN1,1,2,44.8,0.0,0.0
10601_G_GEN1,1,3,44.8,0.0,0.0
10601_G_GEN1,1,4,44.8,0.0,0.0
10601_G_GEN1,1,5,44.8,0.0,0.0
10601_G_GEN1,1,6,44.8,0.0,0.0
10601_G_GEN1,1,7,44.8,0.0,0.0
10601_G_GEN1,1,8,17.919999999999995,0.0,0.0
10601_G_GEN1,1,9,17.919999999999995,0.0,0.0
10601_G_GEN1,1,10,17.919999999999995,0.0,0.0
10601_G_GEN1,1,11,17.919999999999995,0.0,0.0
10601_G_GEN1,1,12,17.919999999999995,0.0,0.0
10601_G_GEN1,1,13,17.919999999999995,0.0,0.0
10601_G_GEN1,1,14,17.919999999999995,0.0,0.0
10601_G_GEN1,1,15,17.919999999999995,0.0,0.0
10601_G_GEN1,1,16,44.8,0.0,0.0
10601_G_GEN1,1,17,44.8,0.0,0.0
10601_G_GEN1,1,18,44.8,0.0,0.0
10601_G_GEN1,1,19,44.8,0.0,0.0
10601_G_GEN1,1,20,44.8,0.0,0.0
10601_G_GEN1,1,21,44.8,0.0,0.0
10601_G_GEN1,1,22,44.8,0.0,0.0
10601_G_GEN1,1,23,44.8,0.0,0.0
10601_G_GEN1,1,24,44.8,0.0,0.0
10601_G_GEN1,1,25,44.8,0.0,0.0
10623_G_GEN1,1,1,0.0,0.0,0.0
10623_G_GEN1,1,2,0.0,0.0,0.0
10623_G_GEN1,1,3,0.0,0.0,0.0
10623_G_GEN1,1,4,0.0,0.0,0.0
10623_G_GEN1,1,5,0.0,0.0,0.0
10623_G_GEN1,1,6,0.0,0.0,0.0
10623_G_GEN1,1,7,0.0,0.0,0.0
10623_G_GEN1,1,8,0.0,0.0,0.0
10623_G_GEN1,1,9,0.0,0.0,0.0
10623_G_GEN1,1,10,0.0,0.0,0.0
10623_G_GEN1,1,11,0.0,0.0,0.0
10623_G_GEN1,1,12,0.0,0.0,0.0
10623_G_GEN1,1,13,0.0,0.0,0.0
10623_G_GEN1,1,14,0.0,0.0,0.0
10623_G_GEN1,1,15,0.0,0.0,0.0
10623_G_GEN1,1,16,0.0,0.0,0.0
10623_G_GEN1,1,17,0.0,0.0,0.0
10623_G_GEN1,1,18,0.0,0.0,0.0
10623_G_GEN1,1,19,0.0,0.0,0.0
10623_G_GEN1,1,20,0.0,0.0,0.0
10623_G_GEN1,1,21,0.0,0.0,0.0
10623_G_GEN1,1,22,0.0,0.0,0.0
10623_G_GEN1,1,23,0.0,0.0,0.0
10623_G_GEN1,1,24,0.0,0.0,0.0
10623_G_GEN1,1,25,0.0,0.0,0.0
10623_G_GEN2,1,1,0.0,0.0,0.0
10623_G_GEN2,1,2,0.0,0.0,0.0
10623_G_GEN2,1,3,0.0,0.0,0.0
10623_G_GEN2,1,4,0.0,0.0,0.0
10623_G_GEN2,1,5,0.0,0.0,0.0
10623_G_GEN2,1,6,0.0,0.0,0.0
10623_G_GEN2,1,7,0.0,0.0,0.0
10623_G_GEN2,1,8,0.0,0.0,0.0
10623_G_GEN2,1,9,0.0,0.0,0.0
10623_G_GEN2,1,10,0.0,0.0,0.0
10623_G_GEN2,1,11,0.0,0.0,0.0
10623_G_GEN2,1,12,0.0,0.0,0.0
10623_G_GEN2,1,13,0.0,0.0,0.0
10623_G_GEN2,1,14,0.0,0.0,0.0
10623_G_GEN2,1,15,0.0,0.0,0.0
10623_G_GEN2,1,16,0.0,0.0,0.0
10623_G_GEN2,1,17,0.0,0.0,0.0
10623_G_GEN2,1,18,0.0,0.0,0.0
10623_G_GEN2,1,19,0.0,0.0,0.0
10623_G_GEN2,1,20,0.0,0.0,0.0
10623_G_GEN2,1,21,0.0,0.0,0.0
10623_G_GEN2,1,22,0.0,0.0,0.0
10623_G_GEN2,1,23,0.0,0.0,0.0
10623_G_GEN2,1,24,0.0,0.0,0.0
10623_G_GEN2,1,25,0.0,0.0,0.0
10631_G_GEN1,1,1,42.0,0.0,0.0
10631_G_GEN1,1,2,42.0,0.0,0.0
10631_G_GEN1,1,3,42.0,0.0,0.0
10631_G_GEN1,1,4,42.0,0.0,0.0
10631_G_GEN1,1,5,42.0,0.0,0.0
10631_G_GEN1,1,6,42.0,0.0,0.0
10631_G_GEN1,1,7,42.0,0.0,0.0
10631_G_GEN1,1,8,42.0,0.0,0.0
10631_G_GEN1,1,9,27.636,0.0,10.836000000000007
10631_G_GEN1,1,10,16.8,0.0,0.0
10631_G_GEN1,1,11,16.8,0.0,0.0
10631_G_GEN1,1,12,16.8,0.0,0.0
10631_G_GEN1,1,13,16.8,0.0,0.0
10631_G_GEN1,1,14,16.8,0.0,0.0
10631_G_GEN1,1,15,27.636,0.0,0.0
10631_G_GEN1,1,16,42.0,0.0,0.0
10631_G_GEN1,1,17,42.0,0.0,0.0
10631_G_GEN1,1,18,42.0,0.0,0.0
10631_G_GEN1,1,19,42.0,0.0,0.0
10631_G_GEN1,1,20,42.0,0.0,0.0
10631_G_GEN1,1,21,42.0,0.0,0.0
10631_G_GEN1,1,22,42.0,0.0,0.0
10631_G_GEN1,1,23,42.0,0.0,0.0
10631_G_GEN1,1,24,42.0,0.0,0.0
10631_G_GEN1,1,25,42.0,0.0,0.0
10632_G_GEN1,1,1,42.0,0.0,0.0
10632_G_GEN1,1,2,42.0,0.0,0.0
10632_G_GEN1,1,3,42.0,0.0,0.0
10632_G_GEN1,1,4,42.0,0.0,0.0
10632_G_GEN1,1,5,42.0,0.0,0.0
10632_G_GEN1,1,6,42.0,0.0,0.0
10632_G_GEN1,1,7,42.0,0.0,0.0
10632_G_GEN1,1,8,42.0,0.0,0.0
10632_G_GEN1,1,9,27.636,0.0,0.0
10632_G_GEN1,1,10,16.8,0.0,0.0
10632_G_GEN1,1,11,16.8,0.0,0.0
10632_G_GEN1,1,12,16.8,0.0,0.0
10632_G_GEN1,1,13,16.8,0.0,0.0
10632_G_GEN1,1,14,16.8,0.0,0.0
10632_G_GEN1,1,15,27.636,0.0,0.0
10632_G_GEN1,1,16,42.0,0.0,0.0
10632_G_GEN1,1,17,42.0,0.0,0.0
10632_G_GEN1,1,18,42.0,0.0,0.0
10632_G_GEN1,1,19,42.0,0.0,0.0
10632_G_GEN1,1,20,42.0,0.0,0.0
10632_G_GEN1,1,21,42.0,0.0,0.0
10632_G_GEN1,1,22,42.0,0.0,0.0
10632_G_GEN1,1,23,42.0,0.0,0.0
10632_G_GEN1,1,24,42.0,0.0,0.0
10632_G_GEN1,1,25,42.0,0.0,0.0
10634_G_GEN1,1,1,42.0,0.0,0.0
10634_G_GEN1,1,2,42.0,0.0,0.0
10634_G_GEN1,1,3,42.0,0.0,0.0
10634_G_GEN1,1,4,42.0,0.0,0.0
10634_G_GEN1,1,5,42.0,0.0,0.0
10634_G_GEN1,1,6,42.0,0.0,0.0
10634_G_GEN1,1,7,42.0,0.0,0.0
10634_G_GEN1,1,8,42.0,0.0,0.0
10634_G_GEN1,1,9,27.636,0.0,0.0
10634_G_GEN1,1,10,16.8,0.0,0.0
10634_G_GEN1,1,11,16.8,0.0,0.0
10634_G_GEN1,1,12,16.8,0.0,0.0
10634_G_GEN1,1,13,16.8,0.0,0.0
10634_G_GEN1,1,14,16.8,0.0,0.0
10634_G_GEN1,1,15,27.63599999999999,0.0,0.0
10634_G_GEN1,1,16,42.0,0.0,0.0
10634_G_GEN1,1,17,42.0,0.0,0.0
10634_G_GEN1,1,18,42.0,0.0,0.0
10634_G_GEN1,1,19,42.0,0.0,0.0
10634_G_GEN1,1,20,42.0,0.0,0.0
10634_G_GEN1,1,21,42.0,0.0,0.0
10634_G_GEN1,1,22,42.0,0.0,0.0
10634_G_GEN1,1,23,42.0,0.0,0.0
10634_G_GEN1,1,24,42.0,0.0,0.0
10634_G_GEN1,1,25,42.0,0.0,0.0
10661_B_4,1,1,35.0,0.0,0.0
10661_B_4,1,2,35.0,0.0,0.0
10661_B_4,1,3,35.0,0.0,0.0
10661_B_4,1,4,35.0,0.0,0.0
10661_B_4,1,5,35.0,0.0,0.0
10661_B_4,1,6,35.0,0.0,0.0
10661_B_4,1,7,35.0,0.0,0.0
10661_B_4,1,8,14.0,0.0,0.0
10661_B_4,1,9,14.0,0.0,0.0
10661_B_4,1,10,14.0,0.0,0.0
10661_B_4,1,11,14.0,0.0,0.0
10661_B_4,1,12,14.0,0.0,0.0
10661_B_4,1,13,14.0,0.0,0.0
10661_B_4,1,14,14.0,0.0,0.0
10661_B_4,1,15,14.0,0.0,0.0
10661_B_4,1,16,35.0,0.0,0.0
10661_B_4,1,17,35.0,0.0,0.0
10661_B_4,1,18,35.0,0.0,0.0
10661_B_4,1,19,35.0,0.0,0.0
10661_B_4,1,20,35.0,0.0,0.0
10661_B_4,1,21,35.0,0.0,0.0
10661_B_4,1,22,35.0,0.0,0.0
10661_B_4,1,23,35.0,0.0,0.0
10661_B_4,1,24,35.0,0.0,0.0
10661_B_4,1,25,35.0,0.0,0.0
10684_B_BLR22,1,1,0.0,0.0,0.0
10684_B_BLR22,1,2,0.0,0.0,0.0
10684_B_BLR22,1,3,0.0,0.0,0.0
10684_B_BLR22,1,4,0.0,0.0,0.0
10684_B_BLR22,1,5,0.0,0.0,0.0
10684_B_BLR22,1,6,0.0,0.0,0.0
10684_B_BLR22,1,7,0.0,0.0,0.0
10684_B_BLR22,1,8,0.0,0.0,0.0
10684_B_BLR22,1,9,0.0,0.0,0.0
10684_B_BLR22,1,10,0.0,0.0,0.0
10684_B_BLR22,1,11,0.0,0.0,0.0
10684_B_BLR22,1,12,0.0,0.0,0.0
10684_B_BLR22,1,13,0.0,0.0,0.0
10684_B_BLR22,1,14,0.0,0.0,0.0
10684_B_BLR22,1,15,0.0,0.0,0.0
10684_B_BLR22,1,16,0.0,0.0,0.0
10684_B_BLR22,1,17,0.0,0.0,0.0
10684_B_BLR22,1,18,0.0,0.0,0.0
10684_B_BLR22,1,19,0.0,0.0,0.0
10684_B_BLR22,1,20,0.0,0.0,0.0
10684_B_BLR22,1,21,0.0,0.0,0.0
10684_B_BLR22,1,22,0.0,0.0,0.0
10684_B_BLR22,1,23,0.0,0.0,0.0
10684_B_BLR22,1,24,0.0,0.0,0.0
10684_B_BLR22,1,25,0.0,0.0,0.0
10748_G_U4J16,1,1,37.0,0.0,0.0
10748_G_U4J16,1,2,37.0,0.0,0.0
10748_G_U4J16,1,3,37.0,0.0,0.0
10748_G_U4J16,1,4,37.0,0.0,0.0
10748_G_U4J16,1,5,37.0,0.0,0.0
10748_G_U4J16,1,6,37.0,0.0,0.0
10748_G_U4J16,1,7,37.0,0.0,0.0
10748_G_U4J16,1,8,0.0,0.0,0.0
10748_G_U4J16,1,9,0.0,0.0,0.0
10748_G_U4J16,1,10,0.0,0.0,0.0
10748_G_U4J16,1,11,0.0,0.0,0.0
10748_G_U4J16,1,12,0.0,0.0,0.0
10748_G_U4J16,1,13,0.0,0.0,0.0
10748_G_U4J16,1,14,0.0,0.0,0.0
10748_G_U4J16,1,15,0.0,0.0,0.0
10748_G_U4J16,1,16,0.0,0.0,0.0
10748_G_U4J16,1,17,37.0,0.0,0.0
10748_G_U4J16,1,18,37.0,0.0,0.0
10748_G_U4J16,1,19,37.0,0.0,0.0
10748_G_U4J16,1,20,37.0,0.0,0.0
10748_G_U4J16,1,21,37.0,0.0,0.0
10748_G_U4J16,1,22,37.0,0.0,0.0
10748_G_U4J16,1,23,37.0,0.0,0.0
10748_G_U4J16,1,24,37.0,0.0,0.0
10748_G_U4J16,1,25,37.0,0.0,0.0
10759_G_GEN1,1,1,47.5,0.0,0.0
10759_G_GEN1,1,2,47.5,0.0,0.0
10759_G_GEN1,1,3,47.5,0.0,0.0
10759_G_GEN1,1,4,47.5,0.0,0.0
10759_G_GEN1,1,5,47.5,0.0,0.0
10759_G_GEN1,1,6,47.5,0.0,0.0
10759_G_GEN1,1,7,47.5,0.0,0.0
10759_G_GEN1,1,8,47.5,0.0,0.0
10759_G_GEN1,1,9,31.254999999999995,0.0,0.0
10759_G_GEN1,1,10,19.0,0.0,0.0
10759_G_GEN1,1,11,19.0,0.0,0.0
10759_G_GEN1,1,12,19.0,0.0,0.0
10759_G_GEN1,1,13,19.0,0.0,0.0
10759_G_GEN1,1,14,19.0,0.0,0.0
10759_G_GEN1,1,15,31.255,0.0,0.0
10759_G_GEN1,1,16,47.5,0.0,0.0
10759_G_GEN1,1,17,47.5,0.0,0.0
10759_G_GEN1,1,18,47.5,0.0,0.0
10759_G_GEN1,1,19,47.5,0.0,0.0
10759_G_GEN1,1,20,47.5,0.0,0.0
10759_G_GEN1,1,21,47.5,0.0,0.0
10759_G_GEN1,1,22,47.5,0.0,0.0
10759_G_GEN1,1,23,47.5,0.0,0.0
10759_G_GEN1,1,24,47.5,0.0,0.0
10759_G_GEN1,1,25,47.5,0.0,0.0
10763_G_GBU,1,1,3.2,0.0,0.0
10763_G_GBU,1,2,3.2,0.0,0.0
10763_G_GBU,1,3,3.2,0.0,0.0
10763_G_GBU,1,4,3.2,0.0,0.0
10763_G_GBU,1,5,3.2,0.0,0.0
10763_G_GBU,1,6,3.2,0.0,0.0
10763_G_GBU,1,7,3.2,0.0,0.0
10763_G_GBU,1,8,3.2,0.0,0.0
10763_G_GBU,1,9,2.105599999999998,0.0,0.0
10763_G_GBU,1,10,1.2800000000000002,0.0,0.0
10763_G_GBU,1,11,1.2800000000000002,0.0,0.0
10763_G_GBU,1,12,1.2800000000000002,0.0,0.0
10763_G_GBU,1,13,1.2800000000000002,0.0,0.0
10763_G_GBU,1,14,1.2800000000000002,0.0,0.0
10763_G_GBU,1,15,2.1056,0.0,0.0
10763_G_GBU,1,16,3.2,0.0,0.0
10763_G_GBU,1,17,3.2,0.0,0.0
10763_G_GBU,1,18,3.2,0.0,0.0
10763_G_GBU,1,19,3.2,0.0,0.0
10763_G_GBU,1,20,3.2,0.0,0.0
10763_G_GBU,1,21,3.2,0.0,0.0
10763_G_GBU,1,22,3.2,0.0,0.0
10763_G_GBU,1,23,3.2,0.0,0.0
10763_G_GBU,1,24,3.2,0.0,0.0
10763_G_GBU,1,25,3.2,0.0,0.0
10763_G_GEN1,1,1,13.5,0.0,0.0
10763_G_GEN1,1,2,13.5,0.0,0.0
10763_G_GEN1,1,3,13.5,0.0,0.0
10763_G_GEN1,1,4,13.5,0.0,0.0
10763_G_GEN1,1,5,13.5,0.0,0.0
10763_G_GEN1,1,6,13.5,0.0,0.0
10763_G_GEN1,1,7,13.5,0.0,0.0
10763_G_GEN1,1,8,13.5,0.0,0.0
10763_G_GEN1,1,9,8.882999999999996,0.0,0.0
10763_G_GEN1,1,10,5.4,0.0,0.0
10763_G_GEN1,1,11,5.4,0.0,0.0
10763_G_GEN1,1,12,5.4,0.0,0.0
10763_G_GEN1,1,13,5.4,0.0,0.0
10763_G_GEN1,1,14,5.4,0.0,0.0
10763_G_GEN1,1,15,8.882999999999997,0.0,0.0
10763_G_GEN1,1,16,13.5,0.0,0.0
10763_G_GEN1,1,17,13.5,0.0,0.0
10763_G_GEN1,1,18,13.5,0.0,0.0
10763_G_GEN1,1,19,13.5,0.0,0.0
10763_G_GEN1,1,20,13.5,0.0,0.0
10763_G_GEN1,1,21,13.5,0.0,0.0
10763_G_GEN1,1,22,13.5,0.0,0.0
10763_G_GEN1,1,23,13.5,0.0,0.0
10763_G_GEN1,1,24,13.5,0.0,0.0
10763_G_GEN1,1,25,13.5,0.0,0.0
10873_G_GEN1,1,1,27.5,0.0,0.0
10873_G_GEN1,1,2,27.5,0.0,0.0
10873_G_GEN1,1,3,27.5,0.0,0.0
10873_G_GEN1,1,4,27.5,0.0,0.0
10873_G_GEN1,1,5,27.5,0.0,0.0
10873_G_GEN1,1,6,27.5,0.0,0.0
10873_G_GEN1,1,7,27.5,0.0,0.0
10873_G_GEN1,1,8,27.5,0.0,0.0
10873_G_GEN1,1,9,18.094999999999985,0.0,0.0
10873_G_GEN1,1,10,11.0,0.0,0.0
10873_G_GEN1,1,11,11.0,0.0,0.0
10873_G_GEN1,1,12,11.0,0.0,0.0
10873_G_GEN1,1,13,11.0,0.0,0.0
10873_G_GEN1,1,14,11.0,0.0,0.0
10873_G_GEN1,1,15,18.09499999999999,0.0,0.0
10873_G_GEN1,1,16,27.5,0.0,0.0
10873_G_GEN1,1,17,27.5,0.0,0.0
10873_G_GEN1,1,18,27.5,0.0,0.0
10873_G_GEN1,1,19,27.5,0.0,0.0
10873_G_GEN1,1,20,27.5,0.0,0.0
10873_G_GEN1,1,21,27.5,0.0,0.0
10873_G_GEN1,1,22,27.5,0.0,0.0
10873_G_GEN1,1,23,27.5,0.0,0.0
10873_G_GEN1,1,24,27.5,0.0,0.0
10873_G_GEN1,1,25,27.5,0.0,0.0
10873_G_GEN2,1,1,27.0,0.0,0.0
10873_G_GEN2,1,2,27.0,0.0,0.0
10873_G_GEN2,1,3,27.0,0.0,0.0
10873_G_GEN2,1,4,27.0,0.0,0.0
10873_G_GEN2,1,5,27.0,0.0,0.0
10873_G_GEN2,1,6,27.0,0.0,0.0
10873_G_GEN2,1,7,27.0,0.0,0.0
10873_G_GEN2,1,8,27.0,0.0,0.0
10873_G_GEN2,1,9,17.766000000000002,0.0,0.0
10873_G_GEN2,1,10,10.8,0.0,0.0
10873_G_GEN2,1,11,10.8,0.0,0.0
10873_G_GEN2,1,12,10.8,0.0,0.0
10873_G_GEN2,1,13,10.8,0.0,0.0
10873_G_GEN2,1,14,10.8,0.0,0.0
10873_G_GEN2,1,15,17.766,0.0,0.0
10873_G_GEN2,1,16,27.0,0.0,0.0
10873_G_GEN2,1,17,27.0,0.0,0.0
10873_G_GEN2,1,18,27.0,0.0,0.0
10873_G_GEN2,1,19,27.0,0.0,0.0
10873_G_GEN2,1,20,27.0,0.0,0.0
10873_G_GEN2,1,21,27.0,0.0,0.0
10873_G_GEN2,1,22,27.0,0.0,0.0
10873_G_GEN2,1,23,27.0,0.0,0.0
10873_G_GEN2,1,24,27.0,0.0,0.0
10873_G_GEN2,1,25,27.0,0.0,0.0
10873_G_GEN3,1,1,26.7,0.0,0.0
10873_G_GEN3,1,2,26.7,0.0,0.0
10873_G_GEN3,1,3,26.7,0.0,0.0
10873_G_GEN3,1,4,26.7,0.0,0.0
10873_G_GEN3,1,5,26.7,0.0,0.0
10873_G_GEN3,1,6,26.7,0.0,0.0
10873_G_GEN3,1,7,26.7,0.0,0.0
10873_G_GEN3,1,8,26.7,0.0,0.0
10873_G_GEN3,1,9,17.56859999999999,0.0,0.0
10873_G_GEN3,1,10,10.68,0.0,0.0
10873_G_GEN3,1,11,10.68,0.0,0.0
10873_G_GEN3,1,12,10.68,0.0,0.0
10873_G_GEN3,1,13,10.68,0.0,0.0
10873_G_GEN3,1,14,10.68,0.0,0.0
10873_G_GEN3,1,15,17.568599999999993,0.0,0.0
10873_G_GEN3,1,16,26.7,0.0,0.0
10873_G_GEN3,1,17,26.7,0.0,0.0
10873_G_GEN3,1,18,26.7,0.0,0.0
10873_G_GEN3,1,19,26.7,0.0,0.0
10873_G_GEN3,1,20,26.7,0.0,0.0
10873_G_GEN3,1,21,26.7,0.0,0.0
10873_G_GEN3,1,22,26.7,0.0,0.0
10873_G_GEN3,1,23,26.7,0.0,0.0
10873_G_GEN3,1,24,26.7,0.0,0.0
10873_G_GEN3,1,25,26.7,0.0,0.0
10874_G_GEN4,1,1,30.0,0.0,0.0
10874_G_GEN4,1,2,30.0,0.0,0.0
10874_G_GEN4,1,3,30.0,0.0,0.0
10874_G_GEN4,1,4,30.0,0.0,0.0
10874_G_GEN4,1,5,30.0,0.0,0.0
10874_G_GEN4,1,6,30.0,0.0,0.0
10874_G_GEN4,1,7,30.0,0.0,0.0
10874_G_GEN4,1,8,30.0,0.0,0.0
10874_G_GEN4,1,9,19.74,0.0,0.0
10874_G_GEN4,1,10,12.0,0.0,0.0
10874_G_GEN4,1,11,12.0,0.0,0.0
10874_G_GEN4,1,12,12.0,0.0,0.0
10874_G_GEN4,1,13,12.0,0.0,0.0
10874_G_GEN4,1,14,12.0,0.0,0.0
10874_G_GEN4,1,15,19.74,0.0,0.0
10874_G_GEN4,1,16,30.0,0.0,0.0
10874_G_GEN4,1,17,30.0,0.0,0.0
10874_G_GEN4,1,18,30.0,0.0,0.0
10874_G_GEN4,1,19,30.0,0.0,0.0
10874_G_GEN4,1,20,30.0,0.0,0.0
10874_G_GEN4,1,21,30.0,0.0,0.0
10874_G_GEN4,1,22,30.0,0.0,0.0
10874_G_GEN4,1,23,30.0,0.0,0.0
10874_G_GEN4,1,24,30.0,0.0,0.0
10874_G_GEN4,1,25,30.0,0.0,0.0
10874_G_GEN5,1,1,23.4,0.0,0.0
10874_G_GEN5,1,2,23.4,0.0,0.0
10874_G_GEN5,1,3,23.4,0.0,0.0
10874_G_GEN5,1,4,23.4,0.0,0.0
10874_G_GEN5,1,5,23.4,0.0,0.0
10874_G_GEN5,1,6,23.4,0.0,0.0
10874_G_GEN5,1,7,23.4,0.0,0.0
10874_G_GEN5,1,8,23.4,0.0,0.0
10874_G_GEN5,1,9,15.397199999999998,0.0,1.066894943081305
10874_G_GEN5,1,10,9.36,0.0,0.0
10874_G_GEN5,1,11,9.36,0.0,0.0
10874_G_GEN5,1,12,9.36,0.0,0.0
10874_G_GEN5,1,13,9.36,0.0,0.0
10874_G_GEN5,1,14,9.36,0.0,0.0
10874_G_GEN5,1,15,15.397199999999984,0.0,0.0
10874_G_GEN5,1,16,23.4,0.0,0.0
10874_G_GEN5,1,17,23.4,0.0,0.0
10874_G_GEN5,1,18,23.4,0.0,0.0
10874_G_GEN5,1,19,23.4,0.0,0.0
10874_G_GEN5,1,20,23.4,0.0,0.0
10874_G_GEN5,1,21,23.4,0.0,0.0
10874_G_GEN5,1,22,23.4,0.0,0.0
10874_G_GEN5,1,23,23.4,0.0,0.0
10874_G_GEN5,1,24,23.4,0.0,0.0
10874_G_GEN5,1,25,23.4,0.0,0.0
10874_G_GEN6,1,1,26.9,0.0,0.0
10874_G_GEN6,1,2,26.9,0.0,0.0
10874_G_GEN6,1,3,26.9,0.0,0.0
10874_G_GEN6,1,4,26.9,0.0,0.0
10874_G_GEN6,1,5,26.9,0.0,0.0
10874_G_GEN6,1,6,26.9,0.0,0.0
10874_G_GEN6,1,7,26.9,0.0,0.0
10874_G_GEN6,1,8,26.9,0.0,0.0
10874_G_GEN6,1,9,17.700199999999995,0.0,0.0
10874_G_GEN6,1,10,10.76,0.0,0.0
10874_G_GEN6,1,11,10.759999999999998,0.0,0.0
10874_G_GEN6,1,12,10.76,0.0,0.0
10874_G_GEN6,1,13,10.76,0.0,0.0
10874_G_GEN6,1,14,10.759999999999998,0.0,0.0
10874_G_GEN6,1,15,17.700199999999988,0.0,0.0
10874_G_GEN6,1,16,26.9,0.0,0.0
10874_G_GEN6,1,17,26.9,0.0,0.0
10874_G_GEN6,1,18,26.9,0.0,0.0
10874_G_GEN6,1,19,26.9,0.0,0.0
10874_G_GEN6,1,20,26.9,0.0,0.0
10874_G_GEN6,1,21,26.9,0.0,0.0
10874_G_GEN6,1,22,26.9,0.0,0.0
10874_G_GEN6,1,23,26.9,0.0,0.0
10874_G_GEN6,1,24,26.9,0.0,0.0
10874_G_GEN6,1,25,26.9,0.0,0.0
10875_G_GEN7,1,1,21.8,0.0,0.0
10875_G_GEN7,1,2,21.8,0.0,0.0
10875_G_GEN7,1,3,21.8,0.0,0.0
10875_G_GEN7,1,4,21.8,0.0,0.0
10875_G_GEN7,1,5,21.8,0.0,0.0
10875_G_GEN7,1,6,21.8,0.0,0.0
10875_G_GEN7,1,7,21.8,0.0,0.0
10875_G_GEN7,1,8,21.8,0.0,0.0
10875_G_GEN7,1,9,14.344400000000002,0.0,0.0
10875_G_GEN7,1,10,8.72,0.0,0.0
10875_G_GEN7,1,11,8.72,0.0,0.0
10875_G_GEN7,1,12,8.72,0.0,0.0
10875_G_GEN7,1,13,8.72,0.0,0.0
10875_G_GEN7,1,14,8.72,0.0,0.0
10875_G_GEN7,1,15,14.3444,0.0,0.0
10875_G_GEN7,1,16,21.8,0.0,0.0
10875_G_GEN7,1,17,21.8,0.0,0.0
10875_G_GEN7,1,18,21.8,0.0,0.0
10875_G_GEN7,1,19,21.8,0.0,0.0
10875_G_GEN7,1,20,21.8,0.0,0.0
10875_G_GEN7,1,21,21.8,0.0,0.0
10875_G_GEN7,1,22,21.8,0.0,0.0
10875_G_GEN7,1,23,21.8,0.0,0.0
10875_G_GEN7,1,24,21.8,0.0,0.0
10875_G_GEN7,1,25,21.8,0.0,0.0
10875_G_GEN8,1,1,22.5,0.0,0.0
10875_G_GEN8,1,2,22.5,0.0,0.0
10875_G_GEN8,1,3,22.5,0.0,0.0
10875_G_GEN8,1,4,22.5,0.0,0.0
10875_G_GEN8,1,5,22.5,0.0,0.0
10875_G_GEN8,1,6,22.5,0.0,0.0
10875_G_GEN8,1,7,22.5,0.0,0.0
10875_G_GEN8,1,8,22.5,0.0,0.0
10875_G_GEN8,1,9,14.804999999999966,7.695000000000054,5.804999999999966
10875_G_GEN8,1,10,9.0,13.5,0.0
10875_G_GEN8,1,11,9.0,13.5,0.0
10875_G_GEN8,1,12,9.0,13.5,0.0
10875_G_GEN8,1,13,9.0,13.5,0.0
10875_G_GEN8,1,14,9.0,13.5,0.0
10875_G_GEN8,1,15,14.804999999999986,7.6950000000000145,5.8049999999999855
10875_G_GEN8,1,16,22.5,0.0,0.0
10875_G_GEN8,1,17,22.5,0.0,0.0
10875_G_GEN8,1,18,22.5,0.0,0.0
10875_G_GEN8,1,19,22.5,0.0,0.0
10875_G_GEN8,1,20,22.5,0.0,0.0
10875_G_GEN8,1,21,22.5,0.0,0.0
10875_G_GEN8,1,22,22.5,0.0,0.0
10875_G_GEN8,1,23,22.5,0.0,0.0
10875_G_GEN8,1,24,22.5,0.0,0.0
10875_G_GEN8,1,25,22.5,0.0,0.0
10875_G_GEN9,1,1,23.5,0.0,0.0
10875_G_GEN9,1,2,23.5,0.0,0.0
10875_G_GEN9,1,3,23.5,0.0,0.0
10875_G_GEN9,1,4,23.5,0.0,0.0
10875_G_GEN9,1,5,23.5,0.0,0.0
10875_G_GEN9,1,6,23.5,0.0,0.0
10875_G_GEN9,1,7,23.5,0.0,0.0
10875_G_GEN9,1,8,23.5,0.0,0.0
10875_G_GEN9,1,9,15.463,0.0,0.0
10875_G_GEN9,1,10,9.4,0.0,0.0
10875_G_GEN9,1,11,9.4,0.0,0.0
10875_G_GEN9,1,12,9.4,0.0,0.0
10875_G_GEN9,1,13,9.4,0.0,0.0
10875_G_GEN9,1,14,9.4,0.0,0.0
10875_G_GEN9,1,15,15.463,0.0,0.0
10875_G_GEN9,1,16,23.5,0.0,0.0
10875_G_GEN9,1,17,23.5,0.0,0.0
10875_G_GEN9,1,18,23.5,0.0,0.0
10875_G_GEN9,1,19,23.5,0.0,0.0
10875_G_GEN9,1,20,23.5,0.0,0.0
10875_G_GEN9,1,21,23.5,0.0,0.0
10875_G_GEN9,1,22,23.5,0.0,0.0
10875_G_GEN9,1,23,23.5,0.0,0.0
10875_G_GEN9,1,24,23.5,0.0,0.0
10875_G_GEN9,1,25,23.5,0.0,0.0
10878_G_EE11,1,1,10.0,0.0,0.0
10878_G_EE11,1,2,10.0,0.0,0.0
10878_G_EE11,1,3,10.0,0.0,0.0
10878_G_EE11,1,4,10.0,0.0,0.0
10878_G_EE11,1,5,10.0,0.0,0.0
10878_G_EE11,1,6,10.0,0.0,0.0
10878_G_EE11,1,7,10.0,0.0,0.0
10878_G_EE11,1,8,10.0,0.0,0.0
10878_G_EE11,1,9,6.58,0.0,0.0
10878_G_EE11,1,10,4.0,0.0,0.0
10878_G_EE11,1,11,4.0,0.0,0.0
10878_G_EE11,1,12,4.0,0.0,0.0
10878_G_EE11,1,13,4.0,0.0,0.0
10878_G_EE11,1,14,4.0,0.0,0.0
10878_G_EE11,1,15,6.579999999999991,0.0,0.0
10878_G_EE11,1,16,10.0,0.0,0.0
10878_G_EE11,1,17,10.0,0.0,0.0
10878_G_EE11,1,18,10.0,0.0,0.0
10878_G_EE11,1,19,10.0,0.0,0.0
10878_G_EE11,1,20,10.0,0.0,0.0
10878_G_EE11,1,21,10.0,0.0,0.0
10878_G_EE11,1,22,10.0,0.0,0.0
10878_G_EE11,1,23,10.0,0.0,0.0
10878_G_EE11,1,24,10.0,0.0,0.0
10878_G_EE11,1,25,10.0,0.0,0.0
10879_G_GEN1,1,1,10.0,0.0,0.0
10879_G_GEN1,1,2,10.0,0.0,0.0
10879_G_GEN1,1,3,10.0,0.0,0.0
10879_G_GEN1,1,4,10.0,0.0,0.0
10879_G_GEN1,1,5,10.0,0.0,0.0
10879_G_GEN1,1,6,10.0,0.0,0.0
10879_G_GEN1,1,7,10.0,0.0,0.0
10879_G_GEN1,1,8,10.0,0.0,0.0
10879_G_GEN1,1,9,6.579999999999987,3.420000000000023,2.5799999999999867
10879_G_GEN1,1,10,4.0,6.0,0.0
10879_G_GEN1,1,11,4.0,6.0,0.0
10879_G_GEN1,1,12,4.0,6.0,0.0
10879_G_GEN1,1,13,4.0,6.0,0.0
10879_G_GEN1,1,14,4.0,6.0,0.0
10879_G_GEN1,1,15,6.58,3.42,2.580000000000004
10879_G_GEN1,1,16,10.0,0.0,0.0
10879_G_GEN1,1,17,10.0,0.0,0.0
10879_G_GEN1,1,18,10.0,0.0,0.0
10879_G_GEN1,1,19,10.0,0.0,0.0
10879_G_GEN1,1,20,10.0,0.0,0.0
10879_G_GEN1,1,21,10.0,0.0,0.0
10879_G_GEN1,1,22,10.0,0.0,0.0
10879_G_GEN1,1,23,10.0,0.0,0.0
10879_G_GEN1,1,24,10.0,0.0,0.0
10879_G_GEN1,1,25,10.0,0.0,0.0
10879_G_GEN2,1,1,4.0,0.0,0.0
10879_G_GEN2,1,2,4.0,0.0,0.0
10879_G_GEN2,1,3,4.0,0.0,0.0
10879_G_GEN2,1,4,4.0,0.0,0.0
10879_G_GEN2,1,5,4.0,0.0,0.0
10879_G_GEN2,1,6,4.0,0.0,0.0
10879_G_GEN2,1,7,4.0,0.0,0.0
10879_G_GEN2,1,8,4.0,0.0,0.0
10879_G_GEN2,1,9,2.631999999999996,1.3680000000000085,1.031999999999996
10879_G_GEN2,1,10,1.6,2.4,0.0
10879_G_GEN2,1,11,1.6,2.4,0.0
10879_G_GEN2,1,12,1.6,2.4,0.0
10879_G_GEN2,1,13,1.6,2.4,0.0
10879_G_GEN2,1,14,1.6,2.4,0.0
10879_G_GEN2,1,15,2.631999999999997,1.368000000000003,1.031999999999997
10879_G_GEN2,1,16,4.0,0.0,0.0
10879_G_GEN2,1,17,4.0,0.0,0.0
10879_G_GEN2,1,18,4.0,0.0,0.0
10879_G_GEN2,1,19,4.0,0.0,0.0
10879_G_GEN2,1,20,4.0,0.0,0.0
10879_G_GEN2,1,21,4.0,0.0,0.0
10879_G_GEN2,1,22,4.0,0.0,0.0
10879_G_GEN2,1,23,4.0,0.0,0.0
10879_G_GEN2,1,24,4.0,0.0,0.0
10879_G_GEN2,1,25,4.0,0.0,0.0
10879_G_GEN3,1,1,2.1,0.0,0.0
10879_G_GEN3,1,2,2.1,0.0,0.0
10879_G_GEN3,1,3,2.1,0.0,0.0
10879_G_GEN3,1,4,2.1,0.0,0.0
10879_G_GEN3,1,5,2.1,0.0,0.0
10879_G_GEN3,1,6,2.1,0.0,0.0
10879_G_GEN3,1,7,2.1,0.0,0.0
10879_G_GEN3,1,8,2.1,0.0,0.0
10879_G_GEN3,1,9,1.381799999999997,0.0,0.0
10879_G_GEN3,1,10,0.8400000000000001,0.0,0.0
10879_G_GEN3,1,11,0.8400000000000001,0.0,0.0
10879_G_GEN3,1,12,0.8400000000000001,0.0,0.0
10879_G_GEN3,1,13,0.8400000000000001,0.0,0.0
10879_G_GEN3,1,14,0.8400000000000001,0.0,0.0
10879_G_GEN3,1,15,1.3818000000000001,0.0,0.0
10879_G_GEN3,1,16,2.1,0.0,0.0
10879_G_GEN3,1,17,2.1,0.0,0.0
10879_G_GEN3,1,18,2.1,0.0,0.0
10879_G_GEN3,1,19,2.1,0.0,0.0
10879_G_GEN3,1,20,2.1,0.0,0.0
10879_G_GEN3,1,21,2.1,0.0,0.0
10879_G_GEN3,1,22,2.1,0.0,0.0
10879_G_GEN3,1,23,2.1,0.0,0.0
10879_G_GEN3,1,24,2.1,0.0,0.0
10879_G_GEN3,1,25,2.1,0.0,0.0
151_G_1,1,1,0.0,0.0,0.0
151_G_1,1,2,0.0,0.0,0.0
151_G_1,1,3,0.0,0.0,0.0
151_G_1,1,4,0.0,0.0,0.0
151_G_1,1,5,0.0,0.0,0.0
151_G_1,1,6,0.0,0.0,0.0
151_G_1,1,7,0.0,0.0,0.0
151_G_1,1,8,0.0,0.0,0.0
151_G_1,1,9,0.0,0.0,0.0
151_G_1,1,10,0.0,0.0,0.0
151_G_1,1,11,0.0,0.0,0.0
151_G_1,1,12,0.0,0.0,0.0
151_G_1,1,13,0.0,0.0,0.0
151_G_1,1,14,0.0,0.0,0.0
151_G_1,1,15,0.0,0.0,0.0
151_G_1,1,16,0.0,0.0,0.0
151_G_1,1,17,0.0,0.0,0.0
151_G_1,1,18,0.0,0.0,0.0
151_G_1,1,19,0.0,0.0,0.0
151_G_1,1,20,0.0,0.0,0.0
151_G_1,1,21,0.0,0.0,0.0
151_G_1,1,22,0.0,0.0,0.0
151_G_1,1,23,0.0,0.0,0.0
151_G_1,1,24,0.0,0.0,0.0
151_G_1,1,25,0.0,0.0,0.0
246_G_IC1,1,1,0.0,0.0,0.0
246_G_IC1,1,2,0.0,0.0,0.0
246_G_IC1,1,3,0.0,0.0,0.0
246_G_IC1,1,4,0.0,0.0,0.0
246_G_IC1,1,5,0.0,0.0,0.0
246_G_IC1,1,6,0.0,0.0,0.0
246_G_IC1,1,7,0.0,0.0,0.0
246_G_IC1,1,8,0.0,0.0,0.0
246_G_IC1,1,9,0.0,0.0,0.0
246_G_IC1,1,10,0.0,0.0,0.0
246_G_IC1,1,11,0.0,0.0,0.0
246_G_IC1,1,12,0.0,0.0,0.0
246_G_IC1,1,13,0.0,0.0,0.0
246_G_IC1,1,14,0.0,0.0,0.0
246_G_IC1,1,15,0.0,0.0,0.0
246_G_IC1,1,16,0.0,0.0,0.0
246_G_IC1,1,17,0.0,0.0,0.0
246_G_IC1,1,18,0.0,0.0,0.0
246_G_IC1,1,19,0.0,0.0,0.0
246_G_IC1,1,20,0.0,0.0,0.0
246_G_IC1,1,21,0.0,0.0,0.0
246_G_IC1,1,22,0.0,0.0,0.0
246_G_IC1,1,23,0.0,0.0,0.0
246_G_IC1,1,24,0.0,0.0,0.0
246_G_IC1,1,25,0.0,0.0,0.0
260_G_CT1A,1,1,66.0,0.0,0.0
260_G_CT1A,1,2,66.0,0.0,0.0
260_G_CT1A,1,3,66.0,0.0,0.0
260_G_CT1A,1,4,66.0,0.0,0.0
260_G_CT1A,1,5,66.00000000000009,0.0,0.0
260_G_CT1A,1,6,118.47000000000008,0.0,0.0
260_G_CT1A,1,7,0.0,0.0,0.0
260_G_CT1A,1,8,0.0,0.0,0.0
260_G_CT1A,1,9,0.0,0.0,0.0
260_G_CT1A,1,10,0.0,0.0,0.0
260_G_CT1A,1,11,0.0,0.0,0.0
260_G_CT1A,1,12,0.0,0.0,0.0
260_G_CT1A,1,13,0.0,0.0,0.0
260_G_CT1A,1,14,0.0,0.0,0.0
260_G_CT1A,1,15,0.0,0.0,0.0
260_G_CT1A,1,16,0.0,0.0,0.0
260_G_CT1A,1,17,0.0,0.0,0.0
260_G_CT1A,1,18,112.52999999999982,0.0,0.0
260_G_CT1A,1,19,165.0,0.0,0.0
260_G_CT1A,1,20,165.0,0.0,0.0
260_G_CT1A,1,21,165.0,0.0,0.0
260_G_CT1A,1,22,165.0,0.0,0.0
260_G_CT1A,1,23,165.0,0.0,0.0
260_G_CT1A,1,24,165.0,0.0,0.0
260_G_CT1A,1,25,66.0,0.0,0.0
260_G_CT1B,1,1,66.0,0.0,0.0
260_G_CT1B,1,2,66.0,0.0,0.0
260_G_CT1B,1,3,66.0,0.0,0.0
260_G_CT1B,1,4,66.0,0.0,0.0
260_G_CT1B,1,5,87.0334270796426,0.0,0.0
260_G_CT1B,1,6,118.46999999999926,31.399888672561985,0.0
260_G_CT1B,1,7,0.0,0.0,0.0
260_G_CT1B,1,8,0.0,0.0,0.0
260_G_CT1B,1,9,0.0,0.0,0.0
260_G_CT1B,1,10,0.0,0.0,0.0
260_G_CT1B,1,11,0.0,0.0,0.0
260_G_CT1B,1,12,0.0,0.0,0.0
260_G_CT1B,1,13,0.0,0.0,0.0
260_G_CT1B,1,14,0.0,0.0,0.0
260_G_CT1B,1,15,0.0,0.0,0.0
260_G_CT1B,1,16,0.0,0.0,0.0
260_G_CT1B,1,17,0.0,0.0,0.0
260_G_CT1B,1,18,112.52999999999986,0.0,0.0
260_G_CT1B,1,19,165.0,0.0,0.0
260_G_CT1B,1,20,165.0,0.0,0.0
260_G_CT1B,1,21,165.0,0.0,0.0
260_G_CT1B,1,22,165.0,0.0,0.0
260_G_CT1B,1,23,165.0,0.0,0.0
260_G_CT1B,1,24,165.0,0.0,0.0
260_G_CT1B,1,25,66.0,0.0,0.0
260_G_CT2A,1,1,66.0,0.0,0.0
260_G_CT2A,1,2,66.0,0.0,0.0
260_G_CT2A,1,3,66.0,0.0,0.0
260_G_CT2A,1,4,66.0,0.0,0.0
260_G_CT2A,1,5,66.00000000000003,0.0,0.0
260_G_CT2A,1,6,118.47000000000003,0.0,0.0
260_G_CT2A,1,7,0.0,0.0,0.0
260_G_CT2A,1,8,0.0,0.0,0.0
260_G_CT2A,1,9,0.0,0.0,0.0
260_G_CT2A,1,10,0.0,0.0,0.0
260_G_CT2A,1,11,0.0,0.0,0.0
260_G_CT2A,1,12,0.0,0.0,0.0
260_G_CT2A,1,13,0.0,0.0,0.0
260_G_CT2A,1,14,0.0,0.0,0.0
260_G_CT2A,1,15,0.0,0.0,0.0
260_G_CT2A,1,16,0.0,0.0,0.0
260_G_CT2A,1,17,0.0,0.0,0.0
260_G_CT2A,1,18,112.52999999999982,0.0,0.0
260_G_CT2A,1,19,165.0,0.0,0.0
260_G_CT2A,1,20,165.0,0.0,0.0
260_G_CT2A,1,21,165.0,0.0,0.0
260_G_CT2A,1,22,165.0,0.0,0.0
260_G_CT2A,1,23,165.0,0.0,0.0
260_G_CT2A,1,24,165.0,0.0,0.0
260_G_CT2A,1,25,66.0,0.0,0.0
260_G_CT2B,1,1,66.0,0.0,0.0
260_G_CT2B,1,2,66.0,0.0,0.0
260_G_CT2B,1,3,66.0,0.0,0.0
260_G_CT2B,1,4,66.0,0.0,0.0
260_G_CT2B,1,5,118.47000000000008,0.0,0.0
260_G_CT2B,1,6,161.88788867256196,3.1121113274380434,0.0
260_G_CT2B,1,7,109.41788867256196,0.0,0.0
260_G_CT2B,1,8,0.0,0.0,0.0
260_G_CT2B,1,9,0.0,0.0,0.0
260_G_CT2B,1,10,0.0,0.0,0.0
260_G_CT2B,1,11,0.0,0.0,0.0
260_G_CT2B,1,12,0.0,0.0,0.0
260_G_CT2B,1,13,0.0,0.0,0.0
260_G_CT2B,1,14,0.0,0.0,0.0
260_G_CT2B,1,15,0.0,0.0,0.0
260_G_CT2B,1,16,0.0,0.0,0.0
260_G_CT2B,1,17,0.0,0.0,0.0
260_G_CT2B,1,18,112.52999999999986,0.0,0.0
260_G_CT2B,1,19,165.0,0.0,0.0
260_G_CT2B,1,20,165.0,0.0,0.0
260_G_CT2B,1,21,165.0,0.0,0.0
260_G_CT2B,1,22,165.0,0.0,0.0
260_G_CT2B,1,23,165.0,0.0,0.0
260_G_CT2B,1,24,165.0,0.0,0.0
260_G_CT2B,1,25,66.0,0.0,0.0
260_G_ST1,1,1,72.0,0.0,0.0
260_G_ST1,1,2,72.0,0.0,0.0
260_G_ST1,1,3,72.0,0.0,0.0
260_G_ST1,1,4,72.0,0.0,0.0
260_G_ST1,1,5,129.2400000000001,0.0,0.0
260_G_ST1,1,6,180.0,0.0,0.0
260_G_ST1,1,7,122.75999999999999,0.0,0.0
260_G_ST1,1,8,0.0,0.0,0.0
260_G_ST1,1,9,0.0,0.0,0.0
260_G_ST1,1,10,0.0,0.0,0.0
260_G_ST1,1,11,0.0,0.0,0.0
260_G_ST1,1,12,0.0,0.0,0.0
260_G_ST1,1,13,0.0,0.0,0.0
260_G_ST1,1,14,0.0,0.0,0.0
260_G_ST1,1,15,0.0,0.0,0.0
260_G_ST1,1,16,0.0,0.0,0.0
260_G_ST1,1,17,0.0,0.0,0.0
260_G_ST1,1,18,122.75999999999988,0.0,0.0
260_G_ST1,1,19,180.0,0.0,0.0
260_G_ST1,1,20,180.0,0.0,0.0
260_G_ST1,1,21,180.0,0.0,0.0
260_G_ST1,1,22,180.0,0.0,0.0
260_G_ST1,1,23,180.0,0.0,0.0
260_G_ST1,1,24,180.0,0.0,0.0
260_G_ST1,1,25,72.0,0.0,0.0
260_G_ST2,1,1,72.0,0.0,0.0
260_G_ST2,1,2,72.0,0.0,0.0
260_G_ST2,1,3,72.0,0.0,0.0
260_G_ST2,1,4,72.0,0.0,0.0
260_G_ST2,1,5,129.2400000000001,0.0,0.0
260_G_ST2,1,6,129.24,50.75999999999999,0.0
260_G_ST2,1,7,0.0,0.0,0.0
260_G_ST2,1,8,0.0,0.0,0.0
260_G_ST2,1,9,0.0,0.0,0.0
260_G_ST2,1,10,0.0,0.0,0.0
260_G_ST2,1,11,0.0,0.0,0.0
260_G_ST2,1,12,0.0,0.0,0.0
260_G_ST2,1,13,0.0,0.0,0.0
260_G_ST2,1,14,0.0,0.0,0.0
260_G_ST2,1,15,0.0,0.0,0.0
260_G_ST2,1,16,0.0,0.0,0.0
260_G_ST2,1,17,0.0,0.0,0.0
260_G_ST2,1,18,122.75999999999988,0.0,0.0
260_G_ST2,1,19,180.0,0.0,0.0
260_G_ST2,1,20,180.0,0.0,0.0
260_G_ST2,1,21,180.0,0.0,0.0
260_G_ST2,1,22,180.0,0.0,0.0
260_G_ST2,1,23,180.0,0.0,0.0
260_G_ST2,1,24,180.0,0.0,0.0
260_G_ST2,1,25,72.0,0.0,0.0
286_G_U11,1,1,68.0,0.0,40.79999999999999
286_G_U11,1,2,68.0,0.0,40.79999999999999
286_G_U11,1,3,68.0,0.0,40.79999999999999
286_G_U11,1,4,68.0,0.0,40.79999999999999
286_G_U11,1,5,68.0,0.0,40.79999999999999
286_G_U11,1,6,68.0,0.0,40.79999999999999
286_G_U11,1,7,68.0,0.0,40.79999999999999
286_G_U11,1,8,68.0,0.0,40.79999999999999
286_G_U11,1,9,44.74399999999996,23.256000000000036,17.543999999999947
286_G_U11,1,10,68.0,0.0,40.79999999999999
286_G_U11,1,11,68.0,0.0,40.79999999999999
286_G_U11,1,12,68.0,0.0,40.79999999999999
286_G_U11,1,13,67.99999999963447,0.0,40.79999999963445
286_G_U11,1,14,67.99999999962905,0.0,40.799999999629044
286_G_U11,1,15,44.74399999999996,23.25600000000003,17.543999999999947
286_G_U11,1,16,68.0,0.0,40.79999999999999
286_G_U11,1,17,68.0,0.0,40.79999999999999
286_G_U11,1,18,68.0,0.0,40.79999999999999
286_G_U11,1,19,68.0,0.0,40.79999999999999
286_G_U11,1,20,68.0,0.0,40.79999999999999
286_G_U11,1,21,68.0,0.0,40.79999999999999
286_G_U11,1,22,68.0,0.0,40.79999999999999
286_G_U11,1,23,68.0,0.0,40.79999999999999
286_G_U11,1,24,68.0,0.0,40.79999999999999
286_G_U11,1,25,68.0,0.0,40.79999999999999
286_G_U12,1,1,51.0,0.0,0.0
286_G_U12,1,2,51.0,0.0,0.0
286_G_U12,1,3,51.0,0.0,0.0
286_G_U12,1,4,51.0,0.0,0.0
286_G_U12,1,5,51.0,0.0,0.0
286_G_U12,1,6,51.0,0.0,0.0
286_G_U12,1,7,51.0,0.0,0.0
286_G_U12,1,8,51.0,0.0,0.0
286_G_U12,1,9,33.558,0.0,0.0
286_G_U12,1,10,20.4,0.0,0.0
286_G_U12,1,11,20.4,0.0,0.0
286_G_U12,1,12,20.4,0.0,0.0
286_G_U12,1,13,20.4,0.0,0.0
286_G_U12,1,14,20.4,0.0,0.0
286_G_U12,1,15,33.55799999999995,0.0,0.0
286_G_U12,1,16,51.0,0.0,0.0
286_G_U12,1,17,51.0,0.0,0.0
286_G_U12,1,18,51.0,0.0,0.0
286_G_U12,1,19,51.0,0.0,0.0
286_G_U12,1,20,51.0,0.0,0.0
286_G_U12,1,21,51.0,0.0,0.0
286_G_U12,1,22,51.0,0.0,0.0
286_G_U12,1,23,51.0,0.0,0.0
286_G_U12,1,24,51.0,0.0,0.0
286_G_U12,1,25,51.0,0.0,0.0
286_G_U13,1,1,65.0,0.0,0.0
286_G_U13,1,2,65.0,0.0,0.0
286_G_U13,1,3,65.0,0.0,0.0
286_G_U13,1,4,65.0,0.0,0.0
286_G_U13,1,5,65.0,0.0,0.0
286_G_U13,1,6,65.0,0.0,0.0
286_G_U13,1,7,65.0,0.0,0.0
286_G_U13,1,8,65.0,0.0,0.0
286_G_U13,1,9,42.76999999999997,0.0,16.769999999999968
286_G_U13,1,10,26.0,0.0,0.0
286_G_U13,1,11,26.0,0.0,0.0
286_G_U13,1,12,26.0,0.0,0.0
286_G_U13,1,13,26.0,0.0,0.0
286_G_U13,1,14,26.0,6.185699951439759,0.0
286_G_U13,1,15,42.76999999999998,0.0,16.769999999999982
286_G_U13,1,16,65.0,0.0,0.0
286_G_U13,1,17,65.0,0.0,0.0
286_G_U13,1,18,65.0,0.0,0.0
286_G_U13,1,19,65.0,0.0,0.0
286_G_U13,1,20,65.0,0.0,0.0
286_G_U13,1,21,65.0,0.0,0.0
286_G_U13,1,22,65.0,0.0,0.0
286_G_U13,1,23,65.0,0.0,0.0
286_G_U13,1,24,65.0,0.0,0.0
286_G_U13,1,25,65.0,0.0,0.0
286_G_U14,1,1,60.0,0.0,0.0
286_G_U14,1,2,60.0,0.0,0.0
286_G_U14,1,3,60.0,0.0,0.0
286_G_U14,1,4,60.0,0.0,0.0
286_G_U14,1,5,60.0,0.0,0.0
286_G_U14,1,6,60.0,0.0,0.0
286_G_U14,1,7,60.0,0.0,0.0
286_G_U14,1,8,60.0,0.0,0.0
286_G_U14,1,9,39.47999999999995,0.0,0.0
286_G_U14,1,10,24.0,0.0,0.0
286_G_U14,1,11,24.0,0.0,0.0
286_G_U14,1,12,24.0,0.0,0.0
286_G_U14,1,13,24.0,0.0,0.0
286_G_U14,1,14,24.0,0.0,0.0
286_G_U14,1,15,39.479999999999976,0.0,0.0
286_G_U14,1,16,60.0,0.0,0.0
286_G_U14,1,17,60.0,0.0,0.0
286_G_U14,1,18,60.0,0.0,0.0
286_G_U14,1,19,60.0,0.0,0.0
286_G_U14,1,20,60.0,0.0,0.0
286_G_U14,1,21,60.0,0.0,0.0
286_G_U14,1,22,60.0,0.0,0.0
286_G_U14,1,23,60.0,0.0,0.0
286_G_U14,1,24,60.0,0.0,0.0
286_G_U14,1,25,60.0,0.0,0.0
286_G_U16,1,1,60.0,0.0,0.0
286_G_U16,1,2,60.0,0.0,0.0
286_G_U16,1,3,60.0,0.0,0.0
286_G_U16,1,4,60.0,0.0,0.0
286_G_U16,1,5,60.0,0.0,0.0
286_G_U16,1,6,60.0,0.0,0.0
286_G_U16,1,7,60.0,0.0,0.0
286_G_U16,1,8,60.0,0.0,0.0
286_G_U16,1,9,39.47999999999995,0.0,15.479999999999958
286_G_U16,1,10,24.0,0.0,0.0
286_G_U16,1,11,24.0,0.0,0.0
286_G_U16,1,12,24.0,0.0,0.0
286_G_U16,1,13,24.0,0.0,0.0
286_G_U16,1,14,24.0,0.0,0.0
286_G_U16,1,15,39.48,0.0,0.6970223484751721
286_G_U16,1,16,60.0,0.0,0.0
286_G_U16,1,17,60.0,0.0,0.0
286_G_U16,1,18,60.0,0.0,0.0
286_G_U16,1,19,60.0,0.0,0.0
286_G_U16,1,20,60.0,0.0,0.0
286_G_U16,1,21,60.0,0.0,0.0
286_G_U16,1,22,60.0,0.0,0.0
286_G_U16,1,23,60.0,0.0,0.0
286_G_U16,1,24,60.0,0.0,0.0
286_G_U16,1,25,60.0,0.0,0.0
286_G_U17,1,1,60.0,0.0,0.0
286_G_U17,1,2,60.0,0.0,0.0
286_G_U17,1,3,60.0,0.0,0.0
286_G_U17,1,4,60.0,0.0,0.0
286_G_U17,1,5,60.0,0.0,0.0
286_G_U17,1,6,60.0,0.0,0.0
286_G_U17,1,7,60.0,0.0,0.0
286_G_U17,1,8,60.0,0.0,0.0
286_G_U17,1,9,39.47999999999995,0.0,0.0
286_G_U17,1,10,24.0,0.0,0.0
286_G_U17,1,11,24.0,0.0,0.0
286_G_U17,1,12,24.0,0.0,0.0
286_G_U17,1,13,24.0,0.0,0.0
286_G_U17,1,14,24.0,0.0,0.0
286_G_U17,1,15,39.48,0.0,0.0
286_G_U17,1,16,60.0,0.0,0.0
286_G_U17,1,17,60.0,0.0,0.0
286_G_U17,1,18,60.0,0.0,0.0
286_G_U17,1,19,60.0,0.0,0.0
286_G_U17,1,20,60.0,0.0,0.0
286_G_U17,1,21,60.0,0.0,0.0
286_G_U17,1,22,60.0,0.0,0.0
286_G_U17,1,23,60.0,0.0,0.0
286_G_U17,1,24,60.0,0.0,0.0
286_G_U17,1,25,60.0,0.0,0.0
286_G_U18,1,1,60.0,0.0,0.0
286_G_U18,1,2,60.0,0.0,0.0
286_G_U18,1,3,60.0,0.0,0.0
286_G_U18,1,4,60.0,0.0,0.0
286_G_U18,1,5,60.0,0.0,0.0
286_G_U18,1,6,60.0,0.0,0.0
286_G_U18,1,7,60.0,0.0,0.0
286_G_U18,1,8,60.0,0.0,0.0
286_G_U18,1,9,39.47999999999995,0.0,0.0
286_G_U18,1,10,24.0,0.0,0.0
286_G_U18,1,11,24.0,0.0,0.0
286_G_U18,1,12,24.0,0.0,0.0
286_G_U18,1,13,24.0,0.0,0.0
286_G_U18,1,14,24.0,0.0,0.0
286_G_U18,1,15,39.48,0.0,0.0
286_G_U18,1,16,60.0,0.0,0.0
286_G_U18,1,17,60.0,0.0,0.0
286_G_U18,1,18,60.0,0.0,0.0
286_G_U18,1,19,60.0,0.0,0.0
286_G_U18,1,20,60.0,0.0,0.0
286_G_U18,1,21,60.0,0.0,0.0
286_G_U18,1,22,60.0,0.0,0.0
286_G_U18,1,23,60.0,0.0,0.0
286_G_U18,1,24,60.0,0.0,0.0
286_G_U18,1,25,60.0,0.0,0.0
286_G_U20,1,1,50.0,0.0,0.0
286_G_U20,1,2,50.0,0.0,0.0
286_G_U20,1,3,50.0,0.0,0.0
286_G_U20,1,4,50.0,0.0,0.0
286_G_U20,1,5,50.0,0.0,0.0
286_G_U20,1,6,50.0,0.0,0.0
286_G_U20,1,7,50.0,0.0,0.0
286_G_U20,1,8,50.0,0.0,0.0
286_G_U20,1,9,32.899999999999935,8.66270995121204,12.899999999999935
286_G_U20,1,10,20.0,30.0,0.0
286_G_U20,1,11,20.0,30.0,0.0
286_G_U20,1,12,20.0,30.0,0.0
286_G_U20,1,13,20.0,30.0,0.0
286_G_U20,1,14,20.0,30.0,0.0
286_G_U20,1,15,32.89999999999995,17.10000000000006,12.899999999999949
286_G_U20,1,16,50.0,0.0,0.0
286_G_U20,1,17,50.0,0.0,0.0
286_G_U20,1,18,50.0,0.0,0.0
286_G_U20,1,19,50.0,0.0,0.0
286_G_U20,1,20,50.0,0.0,0.0
286_G_U20,1,21,50.0,0.0,0.0
286_G_U20,1,22,50.0,0.0,0.0
286_G_U20,1,23,50.0,0.0,0.0
286_G_U20,1,24,50.0,0.0,0.0
286_G_U20,1,25,50.0,0.0,0.0
286_G_U5,1,1,45.0,0.0,7.724999999375672
286_G_U5,1,2,45.0,0.0,5.052750000000007
286_G_U5,1,3,45.0,0.0,3.9449999999999967
286_G_U5,1,4,45.0,0.0,7.252500000000001
286_G_U5,1,5,45.0,0.0,14.817749999213593
286_G_U5,1,6,45.0,0.0,23.453999999213615
286_G_U5,1,7,45.0,0.0,27.0
286_G_U5,1,8,45.0,0.0,27.0
286_G_U5,1,9,29.60999999999993,15.39000000000011,11.609999999999928
286_G_U5,1,10,45.0,0.0,27.0
286_G_U5,1,11,45.0,0.0,27.0
286_G_U5,1,12,45.0,0.0,27.0
286_G_U5,1,13,45.0,0.0,27.0
286_G_U5,1,14,45.0,0.0,27.0
286_G_U5,1,15,29.609999999999975,15.390000000000025,11.61
286_G_U5,1,16,45.0,0.0,27.0
286_G_U5,1,17,45.0,0.0,27.0
286_G_U5,1,18,45.0,0.0,27.0
286_G_U5,1,19,45.0,0.0,27.0
286_G_U5,1,20,45.0,0.0,27.0
286_G_U5,1,21,45.0,0.0,27.0
286_G_U5,1,22,45.0,0.0,27.0
286_G_U5,1,23,45.0,0.0,27.0
286_G_U5,1,24,45.0,0.0,27.0
286_G_U5,1,25,45.0,0.0,15.145000000000021
286_G_U6,1,1,45.0,0.0,0.0
286_G_U6,1,2,45.0,0.0,0.0
286_G_U6,1,3,45.0,0.0,0.0
286_G_U6,1,4,45.0,0.0,0.0
286_G_U6,1,5,45.0,0.0,0.0
286_G_U6,1,6,45.0,0.0,0.0
286_G_U6,1,7,45.0,0.0,0.0
286_G_U6,1,8,45.0,0.0,0.0
286_G_U6,1,9,29.61,0.0,0.0
286_G_U6,1,10,18.0,0.0,0.0
286_G_U6,1,11,18.0,0.0,0.0
286_G_U6,1,12,18.0,0.0,0.0
286_G_U6,1,13,18.0,0.0,0.0
286_G_U6,1,14,18.0,0.0,0.0
286_G_U6,1,15,29.61,0.0,0.0
286_G_U6,1,16,45.0,0.0,0.0
286_G_U6,1,17,45.0,0.0,0.0
286_G_U6,1,18,45.0,0.0,0.0
286_G_U6,1,19,45.0,0.0,0.0
286_G_U6,1,20,45.0,0.0,0.0
286_G_U6,1,21,45.0,0.0,0.0
286_G_U6,1,22,45.0,0.0,0.0
286_G_U6,1,23,45.0,0.0,0.0
286_G_U6,1,24,45.0,0.0,0.0
286_G_U6,1,25,45.0,0.0,0.0
286_G_U7,1,1,40.0,0.0,24.0
286_G_U7,1,2,40.0,0.0,24.0
286_G_U7,1,3,40.0,0.0,24.0
286_G_U7,1,4,40.0,0.0,24.0
286_G_U7,1,5,40.0,0.0,24.0
286_G_U7,1,6,40.0,0.0,24.0
286_G_U7,1,7,40.0,0.0,24.0
286_G_U7,1,8,40.0,0.0,24.0
286_G_U7,1,9,26.32,13.68,10.320000000000016
286_G_U7,1,10,40.0,0.0,24.0
286_G_U7,1,11,40.0,0.0,24.0
286_G_U7,1,12,40.0,0.0,24.0
286_G_U7,1,13,40.0,0.0,24.0
286_G_U7,1,14,40.0,0.0,24.0
286_G_U7,1,15,26.32,13.68,10.320000000000016
286_G_U7,1,16,40.0,0.0,24.0
286_G_U7,1,17,40.0,0.0,24.0
286_G_U7,1,18,40.0,0.0,24.0
286_G_U7,1,19,40.0,0.0,24.0
286_G_U7,1,20,40.0,0.0,24.0
286_G_U7,1,21,40.0,0.0,24.0
286_G_U7,1,22,40.0,0.0,24.0
286_G_U7,1,23,40.0,0.0,24.0
286_G_U7,1,24,40.0,0.0,24.0
286_G_U7,1,25,40.0,0.0,24.0
286_G_U8,1,1,40.0,0.0,0.0
286_G_U8,1,2,40.0,0.0,0.0
286_G_U8,1,3,40.0,0.0,0.0
286_G_U8,1,4,40.0,0.0,0.0
286_G_U8,1,5,40.0,0.0,0.0
286_G_U8,1,6,40.0,0.0,0.0
286_G_U8,1,7,40.0,0.0,0.0
286_G_U8,1,8,40.0,0.0,0.0
286_G_U8,1,9,26.32,0.0,0.0
286_G_U8,1,10,16.0,0.0,0.0
286_G_U8,1,11,16.0,0.0,0.0
286_G_U8,1,12,16.0,0.0,0.0
286_G_U8,1,13,16.0,0.0,0.0
286_G_U8,1,14,16.0,0.0,0.0
286_G_U8,1,15,26.319999999999965,0.0,0.0
286_G_U8,1,16,40.0,0.0,0.0
286_G_U8,1,17,40.0,0.0,0.0
286_G_U8,1,18,40.0,0.0,0.0
286_G_U8,1,19,40.0,0.0,0.0
286_G_U8,1,20,40.0,0.0,0.0
286_G_U8,1,21,40.0,0.0,0.0
286_G_U8,1,22,40.0,0.0,0.0
286_G_U8,1,23,40.0,0.0,0.0
286_G_U8,1,24,40.0,0.0,0.0
286_G_U8,1,25,40.0,0.0,0.0
341_G_CT3,1,1,0.0,0.0,0.0
341_G_CT3,1,2,0.0,0.0,0.0
341_G_CT3,1,3,0.0,0.0,0.0
341_G_CT3,1,4,0.0,0.0,0.0
341_G_CT3,1,5,0.0,0.0,0.0
341_G_CT3,1,6,0.0,0.0,0.0
341_G_CT3,1,7,0.0,0.0,0.0
341_G_CT3,1,8,0.0,0.0,0.0
341_G_CT3,1,9,0.0,0.0,0.0
341_G_CT3,1,10,0.0,0.0,0.0
341_G_CT3,1,11,0.0,0.0,0.0
341_G_CT3,1,12,0.0,0.0,0.0
341_G_CT3,1,13,0.0,0.0,0.0
341_G_CT3,1,14,0.0,0.0,0.0
341_G_CT3,1,15,0.0,0.0,0.0
341_G_CT3,1,16,0.0,0.0,0.0
341_G_CT3,1,17,0.0,0.0,0.0
341_G_CT3,1,18,0.0,0.0,0.0
341_G_CT3,1,19,0.0,0.0,0.0
341_G_CT3,1,20,0.0,0.0,0.0
341_G_CT3,1,21,0.0,0.0,0.0
341_G_CT3,1,22,0.0,0.0,0.0
341_G_CT3,1,23,0.0,0.0,0.0
341_G_CT3,1,24,0.0,0.0,0.0
341_G_CT3,1,25,0.0,0.0,0.0
358_G_MV3A,1,1,0.0,0.0,0.0
358_G_MV3A,1,2,0.0,0.0,0.0
358_G_MV3A,1,3,0.0,0.0,0.0
358_G_MV3A,1,4,0.0,0.0,0.0
358_G_MV3A,1,5,0.0,0.0,0.0
358_G_MV3A,1,6,0.0,0.0,0.0
358_G_MV3A,1,7,0.0,0.0,0.0
358_G_MV3A,1,8,0.0,0.0,0.0
358_G_MV3A,1,9,0.0,0.0,0.0
358_G_MV3A,1,10,0.0,0.0,0.0
358_G_MV3A,1,11,0.0,0.0,0.0
358_G_MV3A,1,12,0.0,0.0,0.0
358_G_MV3A,1,13,0.0,0.0,0.0
358_G_MV3A,1,14,0.0,0.0,0.0
358_G_MV3A,1,15,0.0,0.0,0.0
358_G_MV3A,1,16,0.0,0.0,0.0
358_G_MV3A,1,17,0.0,0.0,0.0
358_G_MV3A,1,18,0.0,0.0,0.0
358_G_MV3A,1,19,0.0,0.0,0.0
358_G_MV3A,1,20,0.0,0.0,0.0
358_G_MV3A,1,21,0.0,0.0,0.0
358_G_MV3A,1,22,0.0,0.0,0.0
358_G_MV3A,1,23,0.0,0.0,0.0
358_G_MV3A,1,24,0.0,0.0,0.0
358_G_MV3A,1,25,0.0,0.0,0.0
358_G_MV3B,1,1,0.0,0.0,0.0
358_G_MV3B,1,2,0.0,0.0,0.0
358_G_MV3B,1,3,0.0,0.0,0.0
358_G_MV3B,1,4,0.0,0.0,0.0
358_G_MV3B,1,5,0.0,0.0,0.0
358_G_MV3B,1,6,0.0,0.0,0.0
358_G_MV3B,1,7,0.0,0.0,0.0
358_G_MV3B,1,8,0.0,0.0,0.0
358_G_MV3B,1,9,0.0,0.0,0.0
358_G_MV3B,1,10,0.0,0.0,0.0
358_G_MV3B,1,11,0.0,0.0,0.0
358_G_MV3B,1,12,0.0,0.0,0.0
358_G_MV3B,1,13,0.0,0.0,0.0
358_G_MV3B,1,14,0.0,0.0,0.0
358_G_MV3B,1,15,0.0,0.0,0.0
358_G_MV3B,1,16,0.0,0.0,0.0
358_G_MV3B,1,17,0.0,0.0,0.0
358_G_MV3B,1,18,0.0,0.0,0.0
358_G_MV3B,1,19,0.0,0.0,0.0
358_G_MV3B,1,20,0.0,0.0,0.0
358_G_MV3B,1,21,0.0,0.0,0.0
358_G_MV3B,1,22,0.0,0.0,0.0
358_G_MV3B,1,23,0.0,0.0,0.0
358_G_MV3B,1,24,0.0,0.0,0.0
358_G_MV3B,1,25,0.0,0.0,0.0
358_G_MV3C,1,1,0.0,0.0,0.0
358_G_MV3C,1,2,0.0,0.0,0.0
358_G_MV3C,1,3,0.0,0.0,0.0
358_G_MV3C,1,4,0.0,0.0,0.0
358_G_MV3C,1,5,0.0,0.0,0.0
358_G_MV3C,1,6,0.0,0.0,0.0
358_G_MV3C,1,7,0.0,0.0,0.0
358_G_MV3C,1,8,0.0,0.0,0.0
358_G_MV3C,1,9,0.0,0.0,0.0
358_G_MV3C,1,10,0.0,0.0,0.0
358_G_MV3C,1,11,0.0,0.0,0.0
358_G_MV3C,1,12,0.0,0.0,0.0
358_G_MV3C,1,13,0.0,0.0,0.0
358_G_MV3C,1,14,0.0,0.0,0.0
358_G_MV3C,1,15,0.0,0.0,0.0
358_G_MV3C,1,16,0.0,0.0,0.0
358_G_MV3C,1,17,0.0,0.0,0.0
358_G_MV3C,1,18,0.0,0.0,0.0
358_G_MV3C,1,19,0.0,0.0,0.0
358_G_MV3C,1,20,0.0,0.0,0.0
358_G_MV3C,1,21,0.0,0.0,0.0
358_G_MV3C,1,22,0.0,0.0,0.0
358_G_MV3C,1,23,0.0,0.0,0.0
358_G_MV3C,1,24,0.0,0.0,0.0
358_G_MV3C,1,25,0.0,0.0,0.0
358_G_MV4A,1,1,0.0,0.0,0.0
358_G_MV4A,1,2,0.0,0.0,0.0
358_G_MV4A,1,3,0.0,0.0,0.0
358_G_MV4A,1,4,0.0,0.0,0.0
358_G_MV4A,1,5,0.0,0.0,0.0
358_G_MV4A,1,6,0.0,0.0,0.0
358_G_MV4A,1,7,0.0,0.0,0.0
358_G_MV4A,1,8,0.0,0.0,0.0
358_G_MV4A,1,9,0.0,0.0,0.0
358_G_MV4A,1,10,0.0,0.0,0.0
358_G_MV4A,1,11,0.0,0.0,0.0
358_G_MV4A,1,12,0.0,0.0,0.0
358_G_MV4A,1,13,0.0,0.0,0.0
358_G_MV4A,1,14,0.0,0.0,0.0
358_G_MV4A,1,15,0.0,0.0,0.0
358_G_MV4A,1,16,0.0,0.0,0.0
358_G_MV4A,1,17,0.0,0.0,0.0
358_G_MV4A,1,18,0.0,0.0,0.0
358_G_MV4A,1,19,0.0,0.0,0.0
358_G_MV4A,1,20,0.0,0.0,0.0
358_G_MV4A,1,21,0.0,0.0,0.0
358_G_MV4A,1,22,0.0,0.0,0.0
358_G_MV4A,1,23,0.0,0.0,0.0
358_G_MV4A,1,24,0.0,0.0,0.0
358_G_MV4A,1,25,0.0,0.0,0.0
358_G_MV4B,1,1,0.0,0.0,0.0
358_G_MV4B,1,2,0.0,0.0,0.0
358_G_MV4B,1,3,0.0,0.0,0.0
358_G_MV4B,1,4,0.0,0.0,0.0
358_G_MV4B,1,5,0.0,0.0,0.0
358_G_MV4B,1,6,0.0,0.0,0.0
358_G_MV4B,1,7,0.0,0.0,0.0
358_G_MV4B,1,8,0.0,0.0,0.0
358_G_MV4B,1,9,0.0,0.0,0.0
358_G_MV4B,1,10,0.0,0.0,0.0
358_G_MV4B,1,11,0.0,0.0,0.0
358_G_MV4B,1,12,0.0,0.0,0.0
358_G_MV4B,1,13,0.0,0.0,0.0
358_G_MV4B,1,14,0.0,0.0,0.0
358_G_MV4B,1,15,0.0,0.0,0.0
358_G_MV4B,1,16,0.0,0.0,0.0
358_G_MV4B,1,17,0.0,0.0,0.0
358_G_MV4B,1,18,0.0,0.0,0.0
358_G_MV4B,1,19,0.0,0.0,0.0
358_G_MV4B,1,20,0.0,0.0,0.0
358_G_MV4B,1,21,0.0,0.0,0.0
358_G_MV4B,1,22,0.0,0.0,0.0
358_G_MV4B,1,23,0.0,0.0,0.0
358_G_MV4B,1,24,0.0,0.0,0.0
358_G_MV4B,1,25,0.0,0.0,0.0
358_G_MV4C,1,1,0.0,0.0,0.0
358_G_MV4C,1,2,0.0,0.0,0.0
358_G_MV4C,1,3,0.0,0.0,0.0
358_G_MV4C,1,4,0.0,0.0,0.0
358_G_MV4C,1,5,0.0,0.0,0.0
358_G_MV4C,1,6,0.0,0.0,0.0
358_G_MV4C,1,7,0.0,0.0,0.0
358_G_MV4C,1,8,0.0,0.0,0.0
358_G_MV4C,1,9,0.0,0.0,0.0
358_G_MV4C,1,10,0.0,0.0,0.0
358_G_MV4C,1,11,0.0,0.0,0.0
358_G_MV4C,1,12,0.0,0.0,0.0
358_G_MV4C,1,13,0.0,0.0,0.0
358_G_MV4C,1,14,0.0,0.0,0.0
358_G_MV4C,1,15,0.0,0.0,0.0
358_G_MV4C,1,16,0.0,0.0,0.0
358_G_MV4C,1,17,0.0,0.0,0.0
358_G_MV4C,1,18,0.0,0.0,0.0
358_G_MV4C,1,19,0.0,0.0,0.0
358_G_MV4C,1,20,0.0,0.0,0.0
358_G_MV4C,1,21,0.0,0.0,0.0
358_G_MV4C,1,22,0.0,0.0,0.0
358_G_MV4C,1,23,0.0,0.0,0.0
358_G_MV4C,1,24,0.0,0.0,0.0
358_G_MV4C,1,25,0.0,0.0,0.0
377_G_1,1,1,0.0,0.0,0.0
377_G_1,1,2,0.0,0.0,0.0
377_G_1,1,3,0.0,0.0,0.0
377_G_1,1,4,0.0,0.0,0.0
377_G_1,1,5,0.0,0.0,0.0
377_G_1,1,6,0.0,0.0,0.0
377_G_1,1,7,0.0,0.0,0.0
377_G_1,1,8,0.0,0.0,0.0
377_G_1,1,9,0.0,0.0,0.0
377_G_1,1,10,0.0,0.0,0.0
377_G_1,1,11,0.0,0.0,0.0
377_G_1,1,12,0.0,0.0,0.0
377_G_1,1,13,0.0,0.0,0.0
377_G_1,1,14,0.0,0.0,0.0
377_G_1,1,15,0.0,0.0,0.0
377_G_1,1,16,0.0,0.0,0.0
377_G_1,1,17,0.0,0.0,0.0
377_G_1,1,18,0.0,0.0,0.0
377_G_1,1,19,0.0,0.0,0.0
377_G_1,1,20,0.0,0.0,0.0
377_G_1,1,21,0.0,0.0,0.0
377_G_1,1,22,0.0,0.0,0.0
377_G_1,1,23,0.0,0.0,0.0
377_G_1,1,24,0.0,0.0,0.0
377_G_1,1,25,0.0,0.0,0.0
377_G_2,1,1,0.0,0.0,0.0
377_G_2,1,2,0.0,0.0,0.0
377_G_2,1,3,0.0,0.0,0.0
377_G_2,1,4,0.0,0.0,0.0
377_G_2,1,5,0.0,0.0,0.0
377_G_2,1,6,0.0,0.0,0.0
377_G_2,1,7,0.0,0.0,0.0
377_G_2,1,8,0.0,0.0,0.0
377_G_2,1,9,0.0,0.0,0.0
377_G_2,1,10,0.0,0.0,0.0
377_G_2,1,11,0.0,0.0,0.0
377_G_2,1,12,0.0,0.0,0.0
377_G_2,1,13,0.0,0.0,0.0
377_G_2,1,14,0.0,0.0,0.0
377_G_2,1,15,0.0,0.0,0.0
377_G_2,1,16,0.0,0.0,0.0
377_G_2,1,17,0.0,0.0,0.0
377_G_2,1,18,0.0,0.0,0.0
377_G_2,1,19,0.0,0.0,0.0
377_G_2,1,20,0.0,0.0,0.0
377_G_2,1,21,0.0,0.0,0.0
377_G_2,1,22,0.0,0.0,0.0
377_G_2,1,23,0.0,0.0,0.0
377_G_2,1,24,0.0,0.0,0.0
377_G_2,1,25,0.0,0.0,0.0
377_G_5,1,1,0.0,0.0,0.0
377_G_5,1,2,0.0,0.0,0.0
377_G_5,1,3,0.0,0.0,0.0
377_G_5,1,4,0.0,0.0,0.0
377_G_5,1,5,0.0,0.0,0.0
377_G_5,1,6,0.0,0.0,0.0
377_G_5,1,7,0.0,0.0,0.0
377_G_5,1,8,0.0,0.0,0.0
377_G_5,1,9,0.0,0.0,0.0
377_G_5,1,10,0.0,0.0,0.0
377_G_5,1,11,0.0,0.0,0.0
377_G_5,1,12,0.0,0.0,0.0
377_G_5,1,13,0.0,0.0,0.0
377_G_5,1,14,0.0,0.0,0.0
377_G_5,1,15,0.0,0.0,0.0
377_G_5,1,16,0.0,0.0,0.0
377_G_5,1,17,0.0,0.0,0.0
377_G_5,1,18,0.0,0.0,0.0
377_G_5,1,19,0.0,0.0,0.0
377_G_5,1,20,0.0,0.0,0.0
377_G_5,1,21,0.0,0.0,0.0
377_G_5,1,22,0.0,0.0,0.0
377_G_5,1,23,0.0,0.0,0.0
377_G_5,1,24,0.0,0.0,0.0
377_G_5,1,25,0.0,0.0,0.0
377_G_8A,1,1,0.0,0.0,0.0
377_G_8A,1,2,0.0,0.0,0.0
377_G_8A,1,3,0.0,0.0,0.0
377_G_8A,1,4,0.0,0.0,0.0
377_G_8A,1,5,0.0,0.0,0.0
377_G_8A,1,6,0.0,0.0,0.0
377_G_8A,1,7,0.0,0.0,0.0
377_G_8A,1,8,0.0,0.0,0.0
377_G_8A,1,9,0.0,0.0,0.0
377_G_8A,1,10,0.0,0.0,0.0
377_G_8A,1,11,0.0,0.0,0.0
377_G_8A,1,12,0.0,0.0,0.0
377_G_8A,1,13,0.0,0.0,0.0
377_G_8A,1,14,0.0,0.0,0.0
377_G_8A,1,15,0.0,0.0,0.0
377_G_8A,1,16,0.0,0.0,0.0
377_G_8A,1,17,0.0,0.0,0.0
377_G_8A,1,18,0.0,0.0,0.0
377_G_8A,1,19,0.0,0.0,0.0
377_G_8A,1,20,0.0,0.0,0.0
377_G_8A,1,21,0.0,0.0,0.0
377_G_8A,1,22,0.0,0.0,0.0
377_G_8A,1,23,0.0,0.0,0.0
377_G_8A,1,24,0.0,0.0,0.0
377_G_8A,1,25,0.0,0.0,0.0
377_G_8BC,1,1,0.0,0.0,0.0
377_G_8BC,1,2,0.0,0.0,0.0
377_G_8BC,1,3,0.0,0.0,0.0
377_G_8BC,1,4,0.0,0.0,0.0
377_G_8BC,1,5,0.0,0.0,0.0
377_G_8BC,1,6,0.0,0.0,0.0
377_G_8BC,1,7,0.0,0.0,0.0
377_G_8BC,1,8,0.0,0.0,0.0
377_G_8BC,1,9,0.0,0.0,0.0
377_G_8BC,1,10,0.0,0.0,0.0
377_G_8BC,1,11,0.0,0.0,0.0
377_G_8BC,1,12,0.0,0.0,0.0
377_G_8BC,1,13,0.0,0.0,0.0
377_G_8BC,1,14,0.0,0.0,0.0
377_G_8BC,1,15,0.0,0.0,0.0
377_G_8BC,1,16,0.0,0.0,0.0
377_G_8BC,1,17,0.0,0.0,0.0
377_G_8BC,1,18,0.0,0.0,0.0
377_G_8BC,1,19,0.0,0.0,0.0
377_G_8BC,1,20,0.0,0.0,0.0
377_G_8BC,1,21,0.0,0.0,0.0
377_G_8BC,1,22,0.0,0.0,0.0
377_G_8BC,1,23,0.0,0.0,0.0
377_G_8BC,1,24,0.0,0.0,0.0
377_G_8BC,1,25,0.0,0.0,0.0
389_G_2,1,1,0.0,0.0,0.0
389_G_2,1,2,0.0,0.0,0.0
389_G_2,1,3,0.0,0.0,0.0
389_G_2,1,4,0.0,0.0,0.0
389_G_2,1,5,0.0,0.0,0.0
389_G_2,1,6,0.0,0.0,0.0
389_G_2,1,7,0.0,0.0,0.0
389_G_2,1,8,0.0,0.0,0.0
389_G_2,1,9,0.0,0.0,0.0
389_G_2,1,10,0.0,0.0,0.0
389_G_2,1,11,0.0,0.0,0.0
389_G_2,1,12,0.0,0.0,0.0
389_G_2,1,13,0.0,0.0,0.0
389_G_2,1,14,0.0,0.0,0.0
389_G_2,1,15,0.0,0.0,0.0
389_G_2,1,16,0.0,0.0,0.0
389_G_2,1,17,0.0,0.0,0.0
389_G_2,1,18,0.0,0.0,0.0
389_G_2,1,19,0.0,0.0,0.0
389_G_2,1,20,0.0,0.0,0.0
389_G_2,1,21,0.0,0.0,0.0
389_G_2,1,22,0.0,0.0,0.0
389_G_2,1,23,0.0,0.0,0.0
389_G_2,1,24,0.0,0.0,0.0
389_G_2,1,25,0.0,0.0,0.0
389_G_2A,1,1,0.0,0.0,0.0
389_G_2A,1,2,0.0,0.0,0.0
389_G_2A,1,3,0.0,0.0,0.0
389_G_2A,1,4,0.0,0.0,0.0
389_G_2A,1,5,0.0,0.0,0.0
389_G_2A,1,6,0.0,0.0,0.0
389_G_2A,1,7,0.0,0.0,0.0
389_G_2A,1,8,0.0,0.0,0.0
389_G_2A,1,9,0.0,0.0,0.0
389_G_2A,1,10,0.0,0.0,0.0
389_G_2A,1,11,0.0,0.0,0.0
389_G_2A,1,12,0.0,0.0,0.0
389_G_2A,1,13,0.0,0.0,0.0
389_G_2A,1,14,0.0,0.0,0.0
389_G_2A,1,15,0.0,0.0,0.0
389_G_2A,1,16,0.0,0.0,0.0
389_G_2A,1,17,0.0,0.0,0.0
389_G_2A,1,18,0.0,0.0,0.0
389_G_2A,1,19,0.0,0.0,0.0
389_G_2A,1,20,0.0,0.0,0.0
389_G_2A,1,21,0.0,0.0,0.0
389_G_2A,1,22,0.0,0.0,0.0
389_G_2A,1,23,0.0,0.0,0.0
389_G_2A,1,24,0.0,0.0,0.0
389_G_2A,1,25,0.0,0.0,0.0
389_G_30,1,1,0.0,0.0,0.0
389_G_30,1,2,0.0,0.0,0.0
389_G_30,1,3,0.0,0.0,0.0
389_G_30,1,4,0.0,0.0,0.0
389_G_30,1,5,0.0,0.0,0.0
389_G_30,1,6,0.0,0.0,0.0
389_G_30,1,7,0.0,0.0,0.0
389_G_30,1,8,0.0,0.0,0.0
389_G_30,1,9,0.0,0.0,0.0
389_G_30,1,10,0.0,0.0,0.0
389_G_30,1,11,0.0,0.0,0.0
389_G_30,1,12,0.0,0.0,0.0
389_G_30,1,13,0.0,0.0,0.0
389_G_30,1,14,0.0,0.0,0.0
389_G_30,1,15,0.0,0.0,0.0
389_G_30,1,16,0.0,0.0,0.0
389_G_30,1,17,0.0,0.0,0.0
389_G_30,1,18,0.0,0.0,0.0
389_G_30,1,19,0.0,0.0,0.0
389_G_30,1,20,0.0,0.0,0.0
389_G_30,1,21,0.0,0.0,0.0
389_G_30,1,22,0.0,0.0,0.0
389_G_30,1,23,0.0,0.0,0.0
389_G_30,1,24,0.0,0.0,0.0
389_G_30,1,25,0.0,0.0,0.0
389_G_31,1,1,0.0,0.0,0.0
389_G_31,1,2,0.0,0.0,0.0
389_G_31,1,3,0.0,0.0,0.0
389_G_31,1,4,0.0,0.0,0.0
389_G_31,1,5,0.0,0.0,0.0
389_G_31,1,6,0.0,0.0,0.0
389_G_31,1,7,0.0,0.0,0.0
389_G_31,1,8,0.0,0.0,0.0
389_G_31,1,9,0.0,0.0,0.0
389_G_31,1,10,0.0,0.0,0.0
389_G_31,1,11,0.0,0.0,0.0
389_G_31,1,12,0.0,0.0,0.0
389_G_31,1,13,0.0,0.0,0.0
389_G_31,1,14,0.0,0.0,0.0
389_G_31,1,15,0.0,0.0,0.0
389_G_31,1,16,0.0,0.0,0.0
389_G_31,1,17,0.0,0.0,0.0
389_G_31,1,18,0.0,0.0,0.0
389_G_31,1,19,0.0,0.0,0.0
389_G_31,1,20,0.0,0.0,0.0
389_G_31,1,21,0.0,0.0,0.0
389_G_31,1,22,0.0,0.0,0.0
389_G_31,1,23,0.0,0.0,0.0
389_G_31,1,24,0.0,0.0,0.0
389_G_31,1,25,0.0,0.0,0.0
389_G_32,1,1,0.0,0.0,0.0
389_G_32,1,2,0.0,0.0,0.0
389_G_32,1,3,0.0,0.0,0.0
389_G_32,1,4,0.0,0.0,0.0
389_G_32,1,5,0.0,0.0,0.0
389_G_32,1,6,0.0,0.0,0.0
389_G_32,1,7,0.0,0.0,0.0
389_G_32,1,8,0.0,0.0,0.0
389_G_32,1,9,0.0,0.0,0.0
389_G_32,1,10,0.0,0.0,0.0
389_G_32,1,11,0.0,0.0,0.0
389_G_32,1,12,0.0,0.0,0.0
389_G_32,1,13,0.0,0.0,0.0
389_G_32,1,14,0.0,0.0,0.0
389_G_32,1,15,0.0,0.0,0.0
389_G_32,1,16,0.0,0.0,0.0
389_G_32,1,17,0.0,0.0,0.0
389_G_32,1,18,0.0,0.0,0.0
389_G_32,1,19,0.0,0.0,0.0
389_G_32,1,20,0.0,0.0,0.0
389_G_32,1,21,0.0,0.0,0.0
389_G_32,1,22,0.0,0.0,0.0
389_G_32,1,23,0.0,0.0,0.0
389_G_32,1,24,0.0,0.0,0.0
389_G_32,1,25,0.0,0.0,0.0
399_G_10A,1,1,0.0,0.0,0.0
399_G_10A,1,2,0.0,0.0,0.0
399_G_10A,1,3,0.0,0.0,0.0
399_G_10A,1,4,0.0,0.0,0.0
399_G_10A,1,5,0.0,0.0,0.0
399_G_10A,1,6,0.0,0.0,0.0
399_G_10A,1,7,0.0,0.0,0.0
399_G_10A,1,8,0.0,0.0,0.0
399_G_10A,1,9,0.0,0.0,0.0
399_G_10A,1,10,0.0,0.0,0.0
399_G_10A,1,11,0.0,0.0,0.0
399_G_10A,1,12,0.0,0.0,0.0
399_G_10A,1,13,0.0,0.0,0.0
399_G_10A,1,14,0.0,0.0,0.0
399_G_10A,1,15,0.0,0.0,0.0
399_G_10A,1,16,0.0,0.0,0.0
399_G_10A,1,17,0.0,0.0,0.0
399_G_10A,1,18,0.0,0.0,0.0
399_G_10A,1,19,0.0,0.0,0.0
399_G_10A,1,20,0.0,0.0,0.0
399_G_10A,1,21,0.0,0.0,0.0
399_G_10A,1,22,0.0,0.0,0.0
399_G_10A,1,23,0.0,0.0,0.0
399_G_10A,1,24,0.0,0.0,0.0
399_G_10A,1,25,0.0,0.0,0.0
399_G_10B,1,1,0.0,0.0,0.0
399_G_10B,1,2,0.0,0.0,0.0
399_G_10B,1,3,0.0,0.0,0.0
399_G_10B,1,4,0.0,0.0,0.0
399_G_10B,1,5,0.0,0.0,0.0
399_G_10B,1,6,0.0,0.0,0.0
399_G_10B,1,7,0.0,0.0,0.0
399_G_10B,1,8,0.0,0.0,0.0
399_G_10B,1,9,0.0,0.0,0.0
399_G_10B,1,10,0.0,0.0,0.0
399_G_10B,1,11,0.0,0.0,0.0
399_G_10B,1,12,0.0,0.0,0.0
399_G_10B,1,13,0.0,0.0,0.0
399_G_10B,1,14,0.0,0.0,0.0
399_G_10B,1,15,0.0,0.0,0.0
399_G_10B,1,16,0.0,0.0,0.0
399_G_10B,1,17,0.0,0.0,0.0
399_G_10B,1,18,0.0,0.0,0.0
399_G_10B,1,19,0.0,0.0,0.0
399_G_10B,1,20,0.0,0.0,0.0
399_G_10B,1,21,0.0,0.0,0.0
399_G_10B,1,22,0.0,0.0,0.0
399_G_10B,1,23,0.0,0.0,0.0
399_G_10B,1,24,0.0,0.0,0.0
399_G_10B,1,25,0.0,0.0,0.0
399_G_5,1,1,0.0,0.0,0.0
399_G_5,1,2,0.0,0.0,0.0
399_G_5,1,3,0.0,0.0,0.0
399_G_5,1,4,0.0,0.0,0.0
399_G_5,1,5,0.0,0.0,0.0
399_G_5,1,6,0.0,0.0,0.0
399_G_5,1,7,0.0,0.0,0.0
399_G_5,1,8,0.0,0.0,0.0
399_G_5,1,9,0.0,0.0,0.0
399_G_5,1,10,0.0,0.0,0.0
399_G_5,1,11,0.0,0.0,0.0
399_G_5,1,12,0.0,0.0,0.0
399_G_5,1,13,0.0,0.0,0.0
399_G_5,1,14,0.0,0.0,0.0
399_G_5,1,15,0.0,0.0,0.0
399_G_5,1,16,0.0,0.0,0.0
399_G_5,1,17,0.0,0.0,0.0
399_G_5,1,18,0.0,0.0,0.0
399_G_5,1,19,0.0,0.0,0.0
399_G_5,1,20,0.0,0.0,0.0
399_G_5,1,21,0.0,0.0,0.0
399_G_5,1,22,0.0,0.0,0.0
399_G_5,1,23,0.0,0.0,0.0
399_G_5,1,24,0.0,0.0,0.0
399_G_5,1,25,0.0,0.0,0.0
399_G_GT14,1,1,0.0,0.0,0.0
399_G_GT14,1,2,0.0,0.0,0.0
399_G_GT14,1,3,0.0,0.0,0.0
399_G_GT14,1,4,0.0,0.0,0.0
399_G_GT14,1,5,0.0,0.0,0.0
399_G_GT14,1,6,0.0,0.0,0.0
399_G_GT14,1,7,0.0,0.0,0.0
399_G_GT14,1,8,0.0,0.0,0.0
399_G_GT14,1,9,0.0,0.0,0.0
399_G_GT14,1,10,0.0,0.0,0.0
399_G_GT14,1,11,0.0,0.0,0.0
399_G_GT14,1,12,0.0,0.0,0.0
399_G_GT14,1,13,0.0,0.0,0.0
399_G_GT14,1,14,0.0,0.0,0.0
399_G_GT14,1,15,0.0,0.0,0.0
399_G_GT14,1,16,0.0,0.0,0.0
399_G_GT14,1,17,0.0,0.0,0.0
399_G_GT14,1,18,0.0,0.0,0.0
399_G_GT14,1,19,0.0,0.0,0.0
399_G_GT14,1,20,0.0,0.0,0.0
399_G_GT14,1,21,0.0,0.0,0.0
399_G_GT14,1,22,0.0,0.0,0.0
399_G_GT14,1,23,0.0,0.0,0.0
399_G_GT14,1,24,0.0,0.0,0.0
399_G_GT14,1,25,0.0,0.0,0.0
400_B_1,1,1,0.0,0.0,0.0
400_B_1,1,2,0.0,0.0,0.0
400_B_1,1,3,0.0,0.0,0.0
400_B_1,1,4,0.0,0.0,0.0
400_B_1,1,5,0.0,0.0,0.0
400_B_1,1,6,0.0,0.0,0.0
400_B_1,1,7,0.0,0.0,0.0
400_B_1,1,8,0.0,0.0,0.0
400_B_1,1,9,0.0,0.0,0.0
400_B_1,1,10,0.0,0.0,0.0
400_B_1,1,11,0.0,0.0,0.0
400_B_1,1,12,0.0,0.0,0.0
400_B_1,1,13,0.0,0.0,0.0
400_B_1,1,14,0.0,0.0,0.0
400_B_1,1,15,0.0,0.0,0.0
400_B_1,1,16,0.0,0.0,0.0
400_B_1,1,17,0.0,0.0,0.0
400_B_1,1,18,0.0,0.0,0.0
400_B_1,1,19,0.0,0.0,0.0
400_B_1,1,20,0.0,0.0,0.0
400_B_1,1,21,0.0,0.0,0.0
400_B_1,1,22,0.0,0.0,0.0
400_B_1,1,23,0.0,0.0,0.0
400_B_1,1,24,0.0,0.0,0.0
400_B_1,1,25,0.0,0.0,0.0
400_B_2,1,1,0.0,0.0,0.0
400_B_2,1,2,0.0,0.0,0.0
400_B_2,1,3,0.0,0.0,0.0
400_B_2,1,4,0.0,0.0,0.0
400_B_2,1,5,0.0,0.0,0.0
400_B_2,1,6,0.0,0.0,0.0
400_B_2,1,7,0.0,0.0,0.0
400_B_2,1,8,0.0,0.0,0.0
400_B_2,1,9,0.0,0.0,0.0
400_B_2,1,10,0.0,0.0,0.0
400_B_2,1,11,0.0,0.0,0.0
400_B_2,1,12,0.0,0.0,0.0
400_B_2,1,13,0.0,0.0,0.0
400_B_2,1,14,0.0,0.0,0.0
400_B_2,1,15,0.0,0.0,0.0
400_B_2,1,16,0.0,0.0,0.0
400_B_2,1,17,0.0,0.0,0.0
400_B_2,1,18,0.0,0.0,0.0
400_B_2,1,19,0.0,0.0,0.0
400_B_2,1,20,0.0,0.0,0.0
400_B_2,1,21,0.0,0.0,0.0
400_B_2,1,22,0.0,0.0,0.0
400_B_2,1,23,0.0,0.0,0.0
400_B_2,1,24,0.0,0.0,0.0
400_B_2,1,25,0.0,0.0,0.0
400_G_10,1,1,0.0,0.0,0.0
400_G_10,1,2,0.0,0.0,0.0
400_G_10,1,3,0.0,0.0,0.0
400_G_10,1,4,0.0,0.0,0.0
400_G_10,1,5,0.0,0.0,0.0
400_G_10,1,6,0.0,0.0,0.0
400_G_10,1,7,0.0,0.0,0.0
400_G_10,1,8,0.0,0.0,0.0
400_G_10,1,9,0.0,0.0,0.0
400_G_10,1,10,0.0,0.0,0.0
400_G_10,1,11,0.0,0.0,0.0
400_G_10,1,12,0.0,0.0,0.0
400_G_10,1,13,0.0,0.0,0.0
400_G_10,1,14,0.0,0.0,0.0
400_G_10,1,15,0.0,0.0,0.0
400_G_10,1,16,0.0,0.0,0.0
400_G_10,1,17,0.0,0.0,0.0
400_G_10,1,18,107.41499999999986,0.0,0.0
400_G_10,1,19,157.5,0.0,0.0
400_G_10,1,20,157.5,0.0,0.0
400_G_10,1,21,157.5,0.0,0.0
400_G_10,1,22,157.5,0.0,0.0
400_G_10,1,23,157.5,0.0,0.0
400_G_10,1,24,157.5,0.0,0.0
400_G_10,1,25,63.0,0.0,0.0
400_G_11,1,1,0.0,0.0,0.0
400_G_11,1,2,0.0,0.0,0.0
400_G_11,1,3,0.0,0.0,0.0
400_G_11,1,4,0.0,0.0,0.0
400_G_11,1,5,0.0,0.0,0.0
400_G_11,1,6,0.0,0.0,0.0
400_G_11,1,7,0.0,0.0,0.0
400_G_11,1,8,0.0,0.0,0.0
400_G_11,1,9,0.0,0.0,0.0
400_G_11,1,10,0.0,0.0,0.0
400_G_11,1,11,0.0,0.0,0.0
400_G_11,1,12,0.0,0.0,0.0
400_G_11,1,13,0.0,0.0,0.0
400_G_11,1,14,0.0,0.0,0.0
400_G_11,1,15,0.0,0.0,0.0
400_G_11,1,16,0.0,0.0,0.0
400_G_11,1,17,0.0,0.0,0.0
400_G_11,1,18,0.0,0.0,0.0
400_G_11,1,19,0.0,0.0,0.0
400_G_11,1,20,0.0,0.0,0.0
400_G_11,1,21,0.0,0.0,0.0
400_G_11,1,22,0.0,0.0,0.0
400_G_11,1,23,0.0,0.0,0.0
400_G_11,1,24,0.0,0.0,0.0
400_G_11,1,25,0.0,0.0,0.0
400_G_12,1,1,0.0,0.0,0.0
400_G_12,1,2,0.0,0.0,0.0
400_G_12,1,3,0.0,0.0,0.0
400_G_12,1,4,0.0,0.0,0.0
400_G_12,1,5,0.0,0.0,0.0
400_G_12,1,6,0.0,0.0,0.0
400_G_12,1,7,0.0,0.0,0.0
400_G_12,1,8,0.0,0.0,0.0
400_G_12,1,9,0.0,0.0,0.0
400_G_12,1,10,0.0,0.0,0.0
400_G_12,1,11,0.0,0.0,0.0
400_G_12,1,12,0.0,0.0,0.0
400_G_12,1,13,0.0,0.0,0.0
400_G_12,1,14,0.0,0.0,0.0
400_G_12,1,15,0.0,0.0,0.0
400_G_12,1,16,0.0,0.0,0.0
400_G_12,1,17,0.0,0.0,0.0
400_G_12,1,18,0.0,0.0,0.0
400_G_12,1,19,0.0,0.0,0.0
400_G_12,1,20,0.0,0.0,0.0
400_G_12,1,21,0.0,0.0,0.0
400_G_12,1,22,0.0,0.0,0.0
400_G_12,1,23,0.0,0.0,0.0
400_G_12,1,24,0.0,0.0,0.0
400_G_12,1,25,0.0,0.0,0.0
400_G_13,1,1,0.0,0.0,0.0
400_G_13,1,2,0.0,0.0,0.0
400_G_13,1,3,0.0,0.0,0.0
400_G_13,1,4,0.0,0.0,0.0
400_G_13,1,5,0.0,0.0,0.0
400_G_13,1,6,0.0,0.0,0.0
400_G_13,1,7,0.0,0.0,0.0
400_G_13,1,8,0.0,0.0,0.0
400_G_13,1,9,0.0,0.0,0.0
400_G_13,1,10,0.0,0.0,0.0
400_G_13,1,11,0.0,0.0,0.0
400_G_13,1,12,0.0,0.0,0.0
400_G_13,1,13,0.0,0.0,0.0
400_G_13,1,14,0.0,0.0,0.0
400_G_13,1,15,0.0,0.0,0.0
400_G_13,1,16,0.0,0.0,0.0
400_G_13,1,17,0.0,0.0,0.0
400_G_13,1,18,0.0,0.0,0.0
400_G_13,1,19,0.0,0.0,0.0
400_G_13,1,20,0.0,0.0,0.0
400_G_13,1,21,0.0,0.0,0.0
400_G_13,1,22,0.0,0.0,0.0
400_G_13,1,23,0.0,0.0,0.0
400_G_13,1,24,0.0,0.0,0.0
400_G_13,1,25,0.0,0.0,0.0
400_G_14,1,1,0.0,0.0,0.0
400_G_14,1,2,0.0,0.0,0.0
400_G_14,1,3,0.0,0.0,0.0
400_G_14,1,4,0.0,0.0,0.0
400_G_14,1,5,0.0,0.0,0.0
400_G_14,1,6,0.0,0.0,0.0
400_G_14,1,7,0.0,0.0,0.0
400_G_14,1,8,0.0,0.0,0.0
400_G_14,1,9,0.0,0.0,0.0
400_G_14,1,10,0.0,0.0,0.0
400_G_14,1,11,0.0,0.0,0.0
400_G_14,1,12,0.0,0.0,0.0
400_G_14,1,13,0.0,0.0,0.0
400_G_14,1,14,0.0,0.0,0.0
400_G_14,1,15,0.0,0.0,0.0
400_G_14,1,16,0.0,0.0,0.0
400_G_14,1,17,0.0,0.0,0.0
400_G_14,1,18,0.0,0.0,0.0
400_G_14,1,19,0.0,0.0,0.0
400_G_14,1,20,0.0,0.0,0.0
400_G_14,1,21,0.0,0.0,0.0
400_G_14,1,22,0.0,0.0,0.0
400_G_14,1,23,0.0,0.0,0.0
400_G_14,1,24,0.0,0.0,0.0
400_G_14,1,25,0.0,0.0,0.0
400_G_15,1,1,0.0,0.0,0.0
400_G_15,1,2,0.0,0.0,0.0
400_G_15,1,3,0.0,0.0,0.0
400_G_15,1,4,0.0,0.0,0.0
400_G_15,1,5,0.0,0.0,0.0
400_G_15,1,6,0.0,0.0,0.0
400_G_15,1,7,0.0,0.0,0.0
400_G_15,1,8,0.0,0.0,0.0
400_G_15,1,9,0.0,0.0,0.0
400_G_15,1,10,0.0,0.0,0.0
400_G_15,1,11,0.0,0.0,0.0
400_G_15,1,12,0.0,0.0,0.0
400_G_15,1,13,0.0,0.0,0.0
400_G_15,1,14,0.0,0.0,0.0
400_G_15,1,15,0.0,0.0,0.0
400_G_15,1,16,0.0,0.0,0.0
400_G_15,1,17,0.0,0.0,0.0
400_G_15,1,18,0.0,0.0,0.0
400_G_15,1,19,0.0,0.0,0.0
400_G_15,1,20,0.0,0.0,0.0
400_G_15,1,21,0.0,0.0,0.0
400_G_15,1,22,0.0,0.0,0.0
400_G_15,1,23,0.0,0.0,0.0
400_G_15,1,24,0.0,0.0,0.0
400_G_15,1,25,0.0,0.0,0.0
400_G_16,1,1,0.0,0.0,0.0
400_G_16,1,2,0.0,0.0,0.0
400_G_16,1,3,0.0,0.0,0.0
400_G_16,1,4,0.0,0.0,0.0
400_G_16,1,5,0.0,0.0,0.0
400_G_16,1,6,0.0,0.0,0.0
400_G_16,1,7,0.0,0.0,0.0
400_G_16,1,8,0.0,0.0,0.0
400_G_16,1,9,0.0,0.0,0.0
400_G_16,1,10,0.0,0.0,0.0
400_G_16,1,11,0.0,0.0,0.0
400_G_16,1,12,0.0,0.0,0.0
400_G_16,1,13,0.0,0.0,0.0
400_G_16,1,14,0.0,0.0,0.0
400_G_16,1,15,0.0,0.0,0.0
400_G_16,1,16,0.0,0.0,0.0
400_G_16,1,17,0.0,0.0,0.0
400_G_16,1,18,0.0,0.0,0.0
400_G_16,1,19,0.0,0.0,0.0
400_G_16,1,20,0.0,0.0,0.0
400_G_16,1,21,0.0,0.0,0.0
400_G_16,1,22,0.0,0.0,0.0
400_G_16,1,23,0.0,0.0,0.0
400_G_16,1,24,0.0,0.0,0.0
400_G_16,1,25,0.0,0.0,0.0
400_G_8,1,1,0.0,0.0,0.0
400_G_8,1,2,0.0,0.0,0.0
400_G_8,1,3,0.0,0.0,0.0
400_G_8,1,4,0.0,0.0,0.0
400_G_8,1,5,0.0,0.0,0.0
400_G_8,1,6,0.0,0.0,0.0
400_G_8,1,7,0.0,0.0,0.0
400_G_8,1,8,0.0,0.0,0.0
400_G_8,1,9,0.0,0.0,0.0
400_G_8,1,10,0.0,0.0,0.0
400_G_8,1,11,0.0,0.0,0.0
400_G_8,1,12,0.0,0.0,0.0
400_G_8,1,13,0.0,0.0,0.0
400_G_8,1,14,0.0,0.0,0.0
400_G_8,1,15,0.0,0.0,0.0
400_G_8,1,16,0.0,0.0,0.0
400_G_8,1,17,0.0,0.0,0.0
400_G_8,1,18,160.26999999999978,0.0,0.0
400_G_8,1,19,235.0,0.0,0.0
400_G_8,1,20,235.0,0.0,0.0
400_G_8,1,21,235.0,0.0,0.0
400_G_8,1,22,235.0,0.0,0.0
400_G_8,1,23,235.0,0.0,0.0
400_G_8,1,24,235.0,0.0,0.0
400_G_8,1,25,94.0,0.0,0.0
400_G_9,1,1,0.0,0.0,0.0
400_G_9,1,2,0.0,0.0,0.0
400_G_9,1,3,0.0,0.0,0.0
400_G_9,1,4,0.0,0.0,0.0
400_G_9,1,5,0.0,0.0,0.0
400_G_9,1,6,0.0,0.0,0.0
400_G_9,1,7,0.0,0.0,0.0
400_G_9,1,8,0.0,0.0,0.0
400_G_9,1,9,0.0,0.0,0.0
400_G_9,1,10,0.0,0.0,0.0
400_G_9,1,11,0.0,0.0,0.0
400_G_9,1,12,0.0,0.0,0.0
400_G_9,1,13,0.0,0.0,0.0
400_G_9,1,14,0.0,0.0,0.0
400_G_9,1,15,0.0,0.0,0.0
400_G_9,1,16,0.0,0.0,0.0
400_G_9,1,17,0.0,0.0,0.0
400_G_9,1,18,107.41499999999986,0.0,0.0
400_G_9,1,19,157.5,0.0,0.0
400_G_9,1,20,157.5,0.0,0.0
400_G_9,1,21,157.5,0.0,0.0
400_G_9,1,22,157.5,0.0,0.0
400_G_9,1,23,157.5,0.0,0.0
400_G_9,1,24,157.5,0.0,0.0
400_G_9,1,25,63.0,0.0,0.0
404_B_1,1,1,0.0,0.0,0.0
404_B_1,1,2,0.0,0.0,0.0
404_B_1,1,3,0.0,0.0,0.0
404_B_1,1,4,0.0,0.0,0.0
404_B_1,1,5,0.0,0.0,0.0
404_B_1,1,6,0.0,0.0,0.0
404_B_1,1,7,0.0,0.0,0.0
404_B_1,1,8,0.0,0.0,0.0
404_B_1,1,9,0.0,0.0,0.0
404_B_1,1,10,0.0,0.0,0.0
404_B_1,1,11,0.0,0.0,0.0
404_B_1,1,12,0.0,0.0,0.0
404_B_1,1,13,0.0,0.0,0.0
404_B_1,1,14,0.0,0.0,0.0
404_B_1,1,15,0.0,0.0,0.0
404_B_1,1,16,0.0,0.0,0.0
404_B_1,1,17,0.0,0.0,0.0
404_B_1,1,18,0.0,0.0,0.0
404_B_1,1,19,0.0,0.0,0.0
404_B_1,1,20,0.0,0.0,0.0
404_B_1,1,21,0.0,0.0,0.0
404_B_1,1,22,0.0,0.0,0.0
404_B_1,1,23,0.0,0.0,0.0
404_B_1,1,24,0.0,0.0,0.0
404_B_1,1,25,0.0,0.0,0.0
404_B_2,1,1,0.0,0.0,0.0
404_B_2,1,2,0.0,0.0,0.0
404_B_2,1,3,0.0,0.0,0.0
404_B_2,1,4,0.0,0.0,0.0
404_B_2,1,5,0.0,0.0,0.0
404_B_2,1,6,0.0,0.0,0.0
404_B_2,1,7,0.0,0.0,0.0
404_B_2,1,8,0.0,0.0,0.0
404_B_2,1,9,0.0,0.0,0.0
404_B_2,1,10,0.0,0.0,0.0
404_B_2,1,11,0.0,0.0,0.0
404_B_2,1,12,0.0,0.0,0.0
404_B_2,1,13,0.0,0.0,0.0
404_B_2,1,14,0.0,0.0,0.0
404_B_2,1,15,0.0,0.0,0.0
404_B_2,1,16,0.0,0.0,0.0
404_B_2,1,17,0.0,0.0,0.0
404_B_2,1,18,0.0,0.0,0.0
404_B_2,1,19,0.0,0.0,0.0
404_B_2,1,20,0.0,0.0,0.0
404_B_2,1,21,0.0,0.0,0.0
404_B_2,1,22,0.0,0.0,0.0
404_B_2,1,23,0.0,0.0,0.0
404_B_2,1,24,0.0,0.0,0.0
404_B_2,1,25,0.0,0.0,0.0
404_G_4,1,1,81.60000000000002,0.0,0.0
404_G_4,1,2,81.60000000000002,0.0,0.0
404_G_4,1,3,81.60000000000002,0.0,0.0
404_G_4,1,4,146.47200000000018,0.0,0.0
404_G_4,1,5,204.0,0.0,0.0
404_G_4,1,6,204.0,0.0,0.0
404_G_4,1,7,139.1279999999996,0.0,0.0
404_G_4,1,8,81.60000000000002,0.0,0.0
404_G_4,1,9,81.60000000000002,0.0,0.0
404_G_4,1,10,81.60000000000002,0.0,0.0
404_G_4,1,11,81.60000000000002,0.0,0.0
404_G_4,1,12,81.60000000000002,0.0,0.0
404_G_4,1,13,81.60000000000002,0.0,0.0
404_G_4,1,14,81.60000000000002,0.0,0.0
404_G_4,1,15,81.60000000000002,0.0,0.0
404_G_4,1,16,81.60000000000002,0.0,0.0
404_G_4,1,17,146.47200000000004,0.0,0.0
404_G_4,1,18,170.59811620502663,33.40188379497337,0.0
404_G_4,1,19,204.0,0.0,0.0
404_G_4,1,20,204.0,0.0,0.0
404_G_4,1,21,204.0,0.0,0.0
404_G_4,1,22,204.0,0.0,0.0
404_G_4,1,23,204.0,0.0,0.0
404_G_4,1,24,204.0,0.0,0.0
404_G_4,1,25,204.0,0.0,0.0
404_G_5,1,1,40.8,0.0,0.0
404_G_5,1,2,40.8,0.0,0.0
404_G_5,1,3,40.8,0.0,0.0
404_G_5,1,4,73.23600000000006,0.0,0.0
404_G_5,1,5,102.0,0.0,0.0
404_G_5,1,6,102.0,0.0,0.0
404_G_5,1,7,69.56399999999977,0.0,0.0
404_G_5,1,8,40.8,0.0,0.0
404_G_5,1,9,40.8,0.0,0.0
404_G_5,1,10,40.8,0.0,0.0
404_G_5,1,11,40.8,0.0,0.0
404_G_5,1,12,40.8,0.0,0.0
404_G_5,1,13,40.8,0.0,0.0
404_G_5,1,14,40.8,0.0,0.0
404_G_5,1,15,40.8,0.0,0.0
404_G_5,1,16,40.8,0.0,0.0
404_G_5,1,17,73.23599999999999,0.0,0.0
404_G_5,1,18,102.0,0.0,0.0
404_G_5,1,19,102.0,0.0,0.0
404_G_5,1,20,102.0,0.0,0.0
404_G_5,1,21,102.0,0.0,0.0
404_G_5,1,22,102.0,0.0,0.0
404_G_5,1,23,102.0,0.0,0.0
404_G_5,1,24,102.0,0.0,0.0
404_G_5,1,25,102.0,0.0,0.0
404_G_6,1,1,0.0,0.0,0.0
404_G_6,1,2,0.0,0.0,0.0
404_G_6,1,3,0.0,0.0,0.0
404_G_6,1,4,0.0,0.0,0.0
404_G_6,1,5,0.0,0.0,0.0
404_G_6,1,6,0.0,0.0,0.0
404_G_6,1,7,0.0,0.0,0.0
404_G_6,1,8,0.0,0.0,0.0
404_G_6,1,9,0.0,0.0,0.0
404_G_6,1,10,0.0,0.0,0.0
404_G_6,1,11,0.0,0.0,0.0
404_G_6,1,12,0.0,0.0,0.0
404_G_6,1,13,0.0,0.0,0.0
404_G_6,1,14,0.0,0.0,0.0
404_G_6,1,15,0.0,0.0,0.0
404_G_6,1,16,0.0,0.0,0.0
404_G_6,1,17,0.0,0.0,0.0
404_G_6,1,18,0.0,0.0,0.0
404_G_6,1,19,0.0,0.0,0.0
404_G_6,1,20,0.0,0.0,0.0
404_G_6,1,21,0.0,0.0,0.0
404_G_6,1,22,0.0,0.0,0.0
404_G_6,1,23,0.0,0.0,0.0
404_G_6,1,24,0.0,0.0,0.0
404_G_6,1,25,0.0,0.0,0.0
404_G_7,1,1,0.0,0.0,0.0
404_G_7,1,2,0.0,0.0,0.0
404_G_7,1,3,0.0,0.0,0.0
404_G_7,1,4,0.0,0.0,0.0
404_G_7,1,5,0.0,0.0,0.0
404_G_7,1,6,0.0,0.0,0.0
404_G_7,1,7,0.0,0.0,0.0
404_G_7,1,8,0.0,0.0,0.0
404_G_7,1,9,0.0,0.0,0.0
404_G_7,1,10,0.0,0.0,0.0
404_G_7,1,11,0.0,0.0,0.0
404_G_7,1,12,0.0,0.0,0.0
404_G_7,1,13,0.0,0.0,0.0
404_G_7,1,14,0.0,0.0,0.0
404_G_7,1,15,0.0,0.0,0.0
404_G_7,1,16,0.0,0.0,0.0
404_G_7,1,17,0.0,0.0,0.0
404_G_7,1,18,0.0,0.0,0.0
404_G_7,1,19,0.0,0.0,0.0
404_G_7,1,20,0.0,0.0,0.0
404_G_7,1,21,0.0,0.0,0.0
404_G_7,1,22,0.0,0.0,0.0
404_G_7,1,23,0.0,0.0,0.0
404_G_7,1,24,0.0,0.0,0.0
404_G_7,1,25,0.0,0.0,0.0
408_G_6,1,1,0.0,0.0,0.0
408_G_6,1,2,0.0,0.0,0.0
408_G_6,1,3,0.0,0.0,0.0
408_G_6,1,4,0.0,0.0,0.0
408_G_6,1,5,0.0,0.0,0.0
408_G_6,1,6,0.0,0.0,0.0
408_G_6,1,7,0.0,0.0,0.0
408_G_6,1,8,0.0,0.0,0.0
408_G_6,1,9,0.0,0.0,0.0
408_G_6,1,10,0.0,0.0,0.0
408_G_6,1,11,0.0,0.0,0.0
408_G_6,1,12,0.0,0.0,0.0
408_G_6,1,13,0.0,0.0,0.0
408_G_6,1,14,0.0,0.0,0.0
408_G_6,1,15,0.0,0.0,0.0
408_G_6,1,16,0.0,0.0,0.0
408_G_6,1,17,0.0,0.0,0.0
408_G_6,1,18,88.04475212558711,0.0,0.0
408_G_6,1,19,137.6527521255871,18.347247874412886,0.0
408_G_6,1,20,156.0,0.0,0.0
408_G_6,1,21,156.0,0.0,0.0
408_G_6,1,22,106.39199999999968,0.0,0.0
408_G_6,1,23,62.400000000000006,0.0,0.0
408_G_6,1,24,112.00800000000001,43.992,0.0
408_G_6,1,25,0.0,0.0,0.0
408_G_7,1,1,0.0,0.0,0.0
408_G_7,1,2,0.0,0.0,0.0
408_G_7,1,3,0.0,0.0,0.0
408_G_7,1,4,0.0,0.0,0.0
408_G_7,1,5,0.0,0.0,0.0
408_G_7,1,6,0.0,0.0,0.0
408_G_7,1,7,0.0,0.0,0.0
408_G_7,1,8,0.0,0.0,0.0
408_G_7,1,9,0.0,0.0,0.0
408_G_7,1,10,0.0,0.0,0.0
408_G_7,1,11,0.0,0.0,0.0
408_G_7,1,12,0.0,0.0,0.0
408_G_7,1,13,0.0,0.0,0.0
408_G_7,1,14,0.0,0.0,0.0
408_G_7,1,15,0.0,0.0,0.0
408_G_7,1,16,0.0,0.0,0.0
408_G_7,1,17,0.0,0.0,0.0
408_G_7,1,18,0.0,0.0,0.0
408_G_7,1,19,112.00800000000001,43.99199999999999,0.0
408_G_7,1,20,156.0,0.0,0.0
408_G_7,1,21,127.99506531543392,28.00493468456608,0.0
408_G_7,1,22,78.38706531543392,0.0,0.0
408_G_7,1,23,62.400000000000006,0.0,0.0
408_G_7,1,24,112.00800000000001,43.992000000000026,0.0
408_G_7,1,25,0.0,0.0,0.0
408_G_8,1,1,0.0,0.0,0.0
408_G_8,1,2,0.0,0.0,0.0
408_G_8,1,3,0.0,0.0,0.0
408_G_8,1,4,0.0,0.0,0.0
408_G_8,1,5,0.0,0.0,0.0
408_G_8,1,6,0.0,0.0,0.0
408_G_8,1,7,0.0,0.0,0.0
408_G_8,1,8,0.0,0.0,0.0
408_G_8,1,9,0.0,0.0,0.0
408_G_8,1,10,0.0,0.0,0.0
408_G_8,1,11,0.0,0.0,0.0
408_G_8,1,12,0.0,0.0,0.0
408_G_8,1,13,0.0,0.0,0.0
408_G_8,1,14,0.0,0.0,0.0
408_G_8,1,15,0.0,0.0,0.0
408_G_8,1,16,0.0,0.0,0.0
408_G_8,1,17,0.0,0.0,0.0
408_G_8,1,18,137.08199999999997,0.0,0.0
408_G_8,1,19,200.99999999999997,0.0,0.0
408_G_8,1,20,201.0,0.0,0.0
408_G_8,1,21,201.0,0.0,0.0
408_G_8,1,22,137.08199999999965,0.0,0.0
408_G_8,1,23,98.53591409487132,0.0,0.0
408_G_8,1,24,162.45391409487132,38.54608590512868,0.0
408_G_8,1,25,0.0,0.0,0.0
422_G_GT5,1,1,27.20000000000001,0.0,0.0
422_G_GT5,1,2,27.20000000000001,0.0,0.0
422_G_GT5,1,3,27.20000000000001,0.0,0.0
422_G_GT5,1,4,68.0,0.0,0.0
422_G_GT5,1,5,68.0,0.0,0.0
422_G_GT5,1,6,68.0,0.0,0.0
422_G_GT5,1,7,27.20000000000001,0.0,0.0
422_G_GT5,1,8,27.20000000000001,0.0,0.0
422_G_GT5,1,9,27.20000000000001,0.0,0.0
422_G_GT5,1,10,27.20000000000001,0.0,0.0
422_G_GT5,1,11,27.20000000000001,0.0,0.0
422_G_GT5,1,12,27.20000000000001,0.0,0.0
422_G_GT5,1,13,27.20000000000001,0.0,0.0
422_G_GT5,1,14,27.20000000000001,0.0,0.0
422_G_GT5,1,15,27.20000000000001,0.0,0.0
422_G_GT5,1,16,27.20000000000001,0.0,0.0
422_G_GT5,1,17,68.0,0.0,0.0
422_G_GT5,1,18,68.0,0.0,0.0
422_G_GT5,1,19,68.0,0.0,0.0
422_G_GT5,1,20,68.0,0.0,0.0
422_G_GT5,1,21,68.0,0.0,0.0
422_G_GT5,1,22,68.0,0.0,0.0
422_G_GT5,1,23,68.0,0.0,0.0
422_G_GT5,1,24,68.0,0.0,0.0
422_G_GT5,1,25,68.0,0.0,0.0
422_G_ST1,1,1,6.4,0.0,0.0
422_G_ST1,1,2,6.4,0.0,0.0
422_G_ST1,1,3,6.4,0.0,0.0
422_G_ST1,1,4,16.0,0.0,0.0
422_G_ST1,1,5,16.0,0.0,0.0
422_G_ST1,1,6,16.0,0.0,0.0
422_G_ST1,1,7,6.4,0.0,0.0
422_G_ST1,1,8,6.4,0.0,0.0
422_G_ST1,1,9,6.4,0.0,0.0
422_G_ST1,1,10,6.4,0.0,0.0
422_G_ST1,1,11,6.4,0.0,0.0
422_G_ST1,1,12,6.4,0.0,0.0
422_G_ST1,1,13,6.4,0.0,0.0
422_G_ST1,1,14,6.4,0.0,0.0
422_G_ST1,1,15,6.4,0.0,0.0
422_G_ST1,1,16,6.4,0.0,0.0
422_G_ST1,1,17,16.0,0.0,0.0
422_G_ST1,1,18,16.0,0.0,0.0
422_G_ST1,1,19,16.0,0.0,0.0
422_G_ST1,1,20,16.0,0.0,0.0
422_G_ST1,1,21,16.0,0.0,0.0
422_G_ST1,1,22,16.0,0.0,0.0
422_G_ST1,1,23,16.0,0.0,0.0
422_G_ST1,1,24,16.0,0.0,0.0
422_G_ST1,1,25,16.0,0.0,0.0
50049_B_BLRC,1,1,183.6,0.0,0.0
50049_B_BLRC,1,2,183.6,0.0,0.0
50049_B_BLRC,1,3,183.6,0.0,0.0
50049_B_BLRC,1,4,183.6,0.0,0.0
50049_B_BLRC,1,5,183.6,0.0,0.0
50049_B_BLRC,1,6,183.6,0.0,0.0
50049_B_BLRC,1,7,183.6,0.0,0.0
50049_B_BLRC,1,8,73.44,0.0,0.0
50049_B_BLRC,1,9,73.44,0.0,0.0
50049_B_BLRC,1,10,73.44,0.0,0.0
50049_B_BLRC,1,11,73.44,0.0,0.0
50049_B_BLRC,1,12,73.44,0.0,0.0
50049_B_BLRC,1,13,73.44,0.0,0.0
50049_B_BLRC,1,14,73.44,0.0,0.0
50049_B_BLRC,1,15,73.44,0.0,0.0
50049_B_BLRC,1,16,83.42402609097073,0.0,0.0
50049_B_BLRC,1,17,183.6,0.0,0.0
50049_B_BLRC,1,18,183.6,0.0,0.0
50049_B_BLRC,1,19,183.6,0.0,0.0
50049_B_BLRC,1,20,183.6,0.0,0.0
50049_B_BLRC,1,21,183.6,0.0,0.0
50049_B_BLRC,1,22,183.6,0.0,0.0
50049_B_BLRC,1,23,183.6,0.0,0.0
50049_B_BLRC,1,24,183.6,0.0,0.0
50049_B_BLRC,1,25,183.6,0.0,0.0
50066_G_UNT1,1,1,50.0,0.0,0.0
50066_G_UNT1,1,2,50.0,0.0,0.0
50066_G_UNT1,1,3,50.0,0.0,0.0
50066_G_UNT1,1,4,50.0,0.0,0.0
50066_G_UNT1,1,5,50.0,0.0,0.0
50066_G_UNT1,1,6,50.0,0.0,0.0
50066_G_UNT1,1,7,50.0,0.0,0.0
50066_G_UNT1,1,8,50.0,0.0,0.0
50066_G_UNT1,1,9,32.9,0.0,0.0
50066_G_UNT1,1,10,20.0,0.0,0.0
50066_G_UNT1,1,11,20.0,0.0,0.0
50066_G_UNT1,1,12,20.0,0.0,0.0
50066_G_UNT1,1,13,20.0,0.0,0.0
50066_G_UNT1,1,14,20.0,0.0,0.0
50066_G_UNT1,1,15,32.89999999999997,0.0,0.0
50066_G_UNT1,1,16,50.0,0.0,0.0
50066_G_UNT1,1,17,50.0,0.0,0.0
50066_G_UNT1,1,18,50.0,0.0,0.0
50066_G_UNT1,1,19,50.0,0.0,0.0
50066_G_UNT1,1,20,50.0,0.0,0.0
50066_G_UNT1,1,21,50.0,0.0,0.0
50066_G_UNT1,1,22,50.0,0.0,0.0
50066_G_UNT1,1,23,50.0,0.0,0.0
50066_G_UNT1,1,24,50.0,0.0,0.0
50066_G_UNT1,1,25,50.0,0.0,0.0
50066_G_UNT2,1,1,50.0,0.0,0.0
50066_G_UNT2,1,2,50.0,0.0,0.0
50066_G_UNT2,1,3,50.0,0.0,0.0
50066_G_UNT2,1,4,50.0,0.0,0.0
50066_G_UNT2,1,5,50.0,0.0,0.0
50066_G_UNT2,1,6,50.0,0.0,0.0
50066_G_UNT2,1,7,50.0,0.0,0.0
50066_G_UNT2,1,8,50.0,0.0,0.0
50066_G_UNT2,1,9,32.9,0.0,0.0
50066_G_UNT2,1,10,20.0,0.0,0.0
50066_G_UNT2,1,11,20.0,0.0,0.0
50066_G_UNT2,1,12,20.0,0.0,0.0
50066_G_UNT2,1,13,20.0,0.0,0.0
50066_G_UNT2,1,14,20.0,0.0,0.0
50066_G_UNT2,1,15,32.9,0.0,0.0
50066_G_UNT2,1,16,50.0,0.0,0.0
50066_G_UNT2,1,17,50.0,0.0,0.0
50066_G_UNT2,1,18,50.0,0.0,0.0
50066_G_UNT2,1,19,50.0,0.0,0.0
50066_G_UNT2,1,20,50.0,0.0,0.0
50066_G_UNT2,1,21,50.0,0.0,0.0
50066_G_UNT2,1,22,50.0,0.0,0.0
50066_G_UNT2,1,23,50.0,0.0,0.0
50066_G_UNT2,1,24,50.0,0.0,0.0
50066_G_UNT2,1,25,50.0,0.0,0.0
50119_G_GENA,1,1,45.6,0.0,0.0
50119_G_GENA,1,2,45.6,0.0,0.0
50119_G_GENA,1,3,45.6,0.0,0.0
50119_G_GENA,1,4,45.6,0.0,0.0
50119_G_GENA,1,5,45.6,0.0,0.0
50119_G_GENA,1,6,45.6,0.0,0.0
50119_G_GENA,1,7,45.6,0.0,0.0
50119_G_GENA,1,8,30.526710049503105,0.0,0.0
50119_G_GENA,1,9,18.24,0.0,0.0
50119_G_GENA,1,10,18.24,0.0,0.0
50119_G_GENA,1,11,18.24,0.0,0.0
50119_G_GENA,1,12,18.24,0.0,0.0
50119_G_GENA,1,13,18.24,0.0,0.0
50119_G_GENA,1,14,18.24,0.0,0.0
50119_G_GENA,1,15,18.24,0.0,0.0
50119_G_GENA,1,16,38.760000000000005,0.0,0.0
50119_G_GENA,1,17,45.6,0.0,0.0
50119_G_GENA,1,18,45.6,0.0,0.0
50119_G_GENA,1,19,45.6,0.0,0.0
50119_G_GENA,1,20,45.6,0.0,0.0
50119_G_GENA,1,21,45.6,0.0,0.0
50119_G_GENA,1,22,45.6,0.0,0.0
50119_G_GENA,1,23,45.6,0.0,0.0
50119_G_GENA,1,24,45.6,0.0,0.0
50119_G_GENA,1,25,45.6,0.0,0.0
50134_G_GTAG,1,1,0.0,0.0,0.0
50134_G_GTAG,1,2,0.0,0.0,0.0
50134_G_GTAG,1,3,0.0,0.0,0.0
50134_G_GTAG,1,4,0.0,0.0,0.0
50134_G_GTAG,1,5,0.0,0.0,0.0
50134_G_GTAG,1,6,0.0,0.0,0.0
50134_G_GTAG,1,7,0.0,0.0,0.0
50134_G_GTAG,1,8,0.0,0.0,0.0
50134_G_GTAG,1,9,0.0,0.0,0.0
50134_G_GTAG,1,10,0.0,0.0,0.0
50134_G_GTAG,1,11,0.0,0.0,0.0
50134_G_GTAG,1,12,0.0,0.0,0.0
50134_G_GTAG,1,13,0.0,0.0,0.0
50134_G_GTAG,1,14,0.0,0.0,0.0
50134_G_GTAG,1,15,0.0,0.0,0.0
50134_G_GTAG,1,16,0.0,0.0,0.0
50134_G_GTAG,1,17,0.0,0.0,0.0
50134_G_GTAG,1,18,0.0,0.0,0.0
50134_G_GTAG,1,19,45.590743217952756,0.0,0.0
50134_G_GTAG,1,20,71.24074321795275,0.0,0.0
50134_G_GTAG,1,21,55.650000000000034,0.0,0.0
50134_G_GTAG,1,22,0.0,0.0,0.0
50134_G_GTAG,1,23,0.0,0.0,0.0
50134_G_GTAG,1,24,0.0,0.0,0.0
50134_G_GTAG,1,25,0.0,0.0,0.0
50134_G_GTBG,1,1,0.0,0.0,0.0
50134_G_GTBG,1,2,0.0,0.0,0.0
50134_G_GTBG,1,3,0.0,0.0,0.0
50134_G_GTBG,1,4,0.0,0.0,0.0
50134_G_GTBG,1,5,0.0,0.0,0.0
50134_G_GTBG,1,6,0.0,0.0,0.0
50134_G_GTBG,1,7,0.0,0.0,0.0
50134_G_GTBG,1,8,0.0,0.0,0.0
50134_G_GTBG,1,9,0.0,0.0,0.0
50134_G_GTBG,1,10,0.0,0.0,0.0
50134_G_GTBG,1,11,0.0,0.0,0.0
50134_G_GTBG,1,12,0.0,0.0,0.0
50134_G_GTBG,1,13,0.0,0.0,0.0
50134_G_GTBG,1,14,0.0,0.0,0.0
50134_G_GTBG,1,15,0.0,0.0,0.0
50134_G_GTBG,1,16,0.0,0.0,0.0
50134_G_GTBG,1,17,0.0,0.0,0.0
50134_G_GTBG,1,18,0.0,0.0,0.0
50134_G_GTBG,1,19,0.0,0.0,0.0
50134_G_GTBG,1,20,55.65,0.0,0.0
50134_G_GTBG,1,21,0.0,0.0,0.0
50134_G_GTBG,1,22,0.0,0.0,0.0
50134_G_GTBG,1,23,0.0,0.0,0.0
50134_G_GTBG,1,24,0.0,0.0,0.0
50134_G_GTBG,1,25,0.0,0.0,0.0
50134_G_GTCG,1,1,0.0,0.0,0.0
50134_G_GTCG,1,2,0.0,0.0,0.0
50134_G_GTCG,1,3,0.0,0.0,0.0
50134_G_GTCG,1,4,0.0,0.0,0.0
50134_G_GTCG,1,5,0.0,0.0,0.0
50134_G_GTCG,1,6,0.0,0.0,0.0
50134_G_GTCG,1,7,0.0,0.0,0.0
50134_G_GTCG,1,8,0.0,0.0,0.0
50134_G_GTCG,1,9,0.0,0.0,0.0
50134_G_GTCG,1,10,0.0,0.0,0.0
50134_G_GTCG,1,11,0.0,0.0,0.0
50134_G_GTCG,1,12,0.0,0.0,0.0
50134_G_GTCG,1,13,0.0,0.0,0.0
50134_G_GTCG,1,14,0.0,0.0,0.0
50134_G_GTCG,1,15,0.0,0.0,0.0
50134_G_GTCG,1,16,0.0,0.0,0.0
50134_G_GTCG,1,17,0.0,0.0,0.0
50134_G_GTCG,1,18,0.0,0.0,0.0
50134_G_GTCG,1,19,0.0,0.0,0.0
50134_G_GTCG,1,20,55.65,0.0,0.0
50134_G_GTCG,1,21,55.65000000000003,0.0,0.0
50134_G_GTCG,1,22,0.0,0.0,0.0
50134_G_GTCG,1,23,0.0,0.0,0.0
50134_G_GTCG,1,24,0.0,0.0,0.0
50134_G_GTCG,1,25,0.0,0.0,0.0
50134_G_GTDG,1,1,0.0,0.0,0.0
50134_G_GTDG,1,2,0.0,0.0,0.0
50134_G_GTDG,1,3,0.0,0.0,0.0
50134_G_GTDG,1,4,0.0,0.0,0.0
50134_G_GTDG,1,5,0.0,0.0,0.0
50134_G_GTDG,1,6,0.0,0.0,0.0
50134_G_GTDG,1,7,0.0,0.0,0.0
50134_G_GTDG,1,8,0.0,0.0,0.0
50134_G_GTDG,1,9,0.0,0.0,0.0
50134_G_GTDG,1,10,0.0,0.0,0.0
50134_G_GTDG,1,11,0.0,0.0,0.0
50134_G_GTDG,1,12,0.0,0.0,0.0
50134_G_GTDG,1,13,0.0,0.0,0.0
50134_G_GTDG,1,14,0.0,0.0,0.0
50134_G_GTDG,1,15,0.0,0.0,0.0
50134_G_GTDG,1,16,0.0,0.0,0.0
50134_G_GTDG,1,17,0.0,0.0,0.0
50134_G_GTDG,1,18,0.0,0.0,0.0
50134_G_GTDG,1,19,0.0,0.0,0.0
50134_G_GTDG,1,20,55.65,0.0,0.0
50134_G_GTDG,1,21,55.650000000000034,0.0,0.0
50134_G_GTDG,1,22,0.0,0.0,0.0
50134_G_GTDG,1,23,0.0,0.0,0.0
50134_G_GTDG,1,24,0.0,0.0,0.0
50134_G_GTDG,1,25,0.0,0.0,0.0
50210_G_GEN1,1,1,23.5,0.0,0.0
50210_G_GEN1,1,2,23.5,0.0,0.0
50210_G_GEN1,1,3,23.5,0.0,0.0
50210_G_GEN1,1,4,23.5,0.0,0.0
50210_G_GEN1,1,5,23.5,0.0,0.0
50210_G_GEN1,1,6,23.5,0.0,0.0
50210_G_GEN1,1,7,23.5,0.0,0.0
50210_G_GEN1,1,8,23.5,0.0,0.0
50210_G_GEN1,1,9,15.463,0.0,0.0
50210_G_GEN1,1,10,9.4,0.0,0.0
50210_G_GEN1,1,11,9.4,0.0,0.0
50210_G_GEN1,1,12,9.4,0.0,0.0
50210_G_GEN1,1,13,9.4,0.0,0.0
50210_G_GEN1,1,14,9.4,0.0,0.0
50210_G_GEN1,1,15,15.462999999999987,0.0,0.0
50210_G_GEN1,1,16,23.5,0.0,0.0
50210_G_GEN1,1,17,23.5,0.0,0.0
50210_G_GEN1,1,18,23.5,0.0,0.0
50210_G_GEN1,1,19,23.5,0.0,0.0
50210_G_GEN1,1,20,23.5,0.0,0.0
50210_G_GEN1,1,21,23.5,0.0,0.0
50210_G_GEN1,1,22,23.5,0.0,0.0
50210_G_GEN1,1,23,23.5,0.0,0.0
50210_G_GEN1,1,24,23.5,0.0,0.0
50210_G_GEN1,1,25,23.5,0.0,0.0
50210_G_GEN2,1,1,6.0,0.0,0.0
50210_G_GEN2,1,2,6.0,0.0,0.0
50210_G_GEN2,1,3,6.0,0.0,0.0
50210_G_GEN2,1,4,6.0,0.0,0.0
50210_G_GEN2,1,5,6.0,0.0,0.0
50210_G_GEN2,1,6,6.0,0.0,0.0
50210_G_GEN2,1,7,6.0,0.0,0.0
50210_G_GEN2,1,8,6.0,0.0,0.0
50210_G_GEN2,1,9,3.9480000000000004,0.0,0.0
50210_G_GEN2,1,10,2.4000000000000004,0.0,0.0
50210_G_GEN2,1,11,2.4000000000000004,0.0,0.0
50210_G_GEN2,1,12,2.4000000000000004,0.0,0.0
50210_G_GEN2,1,13,2.4000000000000004,0.0,0.0
50210_G_GEN2,1,14,2.4000000000000004,0.0,0.0
50210_G_GEN2,1,15,3.948,0.0,0.0
50210_G_GEN2,1,16,6.0,0.0,0.0
50210_G_GEN2,1,17,6.0,0.0,0.0
50210_G_GEN2,1,18,6.0,0.0,0.0
50210_G_GEN2,1,19,6.0,0.0,0.0
50210_G_GEN2,1,20,6.0,0.0,0.0
50210_G_GEN2,1,21,6.0,0.0,0.0
50210_G_GEN2,1,22,6.0,0.0,0.0
50210_G_GEN2,1,23,6.0,0.0,0.0
50210_G_GEN2,1,24,6.0,0.0,0.0
50210_G_GEN2,1,25,6.0,0.0,0.0
50216_G_GN91,1,1,0.0,0.0,0.0
50216_G_GN91,1,2,0.0,0.0,0.0
50216_G_GN91,1,3,0.0,0.0,0.0
50216_G_GN91,1,4,0.0,0.0,0.0
50216_G_GN91,1,5,0.0,0.0,0.0
50216_G_GN91,1,6,0.0,0.0,0.0
50216_G_GN91,1,7,0.0,0.0,0.0
50216_G_GN91,1,8,0.0,0.0,0.0
50216_G_GN91,1,9,0.0,0.0,0.0
50216_G_GN91,1,10,0.0,0.0,0.0
50216_G_GN91,1,11,0.0,0.0,0.0
50216_G_GN91,1,12,0.0,0.0,0.0
50216_G_GN91,1,13,0.0,0.0,0.0
50216_G_GN91,1,14,0.0,0.0,0.0
50216_G_GN91,1,15,0.0,0.0,0.0
50216_G_GN91,1,16,0.0,0.0,0.0
50216_G_GN91,1,17,0.0,0.0,0.0
50216_G_GN91,1,18,0.0,0.0,0.0
50216_G_GN91,1,19,0.0,0.0,0.0
50216_G_GN91,1,20,0.0,0.0,0.0
50216_G_GN91,1,21,0.0,0.0,0.0
50216_G_GN91,1,22,0.0,0.0,0.0
50216_G_GN91,1,23,0.0,0.0,0.0
50216_G_GN91,1,24,0.0,0.0,0.0
50216_G_GN91,1,25,0.0,0.0,0.0
50216_G_GN92,1,1,0.0,0.0,0.0
50216_G_GN92,1,2,0.0,0.0,0.0
50216_G_GN92,1,3,0.0,0.0,0.0
50216_G_GN92,1,4,0.0,0.0,0.0
50216_G_GN92,1,5,0.0,0.0,0.0
50216_G_GN92,1,6,0.0,0.0,0.0
50216_G_GN92,1,7,0.0,0.0,0.0
50216_G_GN92,1,8,0.0,0.0,0.0
50216_G_GN92,1,9,0.0,0.0,0.0
50216_G_GN92,1,10,0.0,0.0,0.0
50216_G_GN92,1,11,0.0,0.0,0.0
50216_G_GN92,1,12,0.0,0.0,0.0
50216_G_GN92,1,13,0.0,0.0,0.0
50216_G_GN92,1,14,0.0,0.0,0.0
50216_G_GN92,1,15,0.0,0.0,0.0
50216_G_GN92,1,16,0.0,0.0,0.0
50216_G_GN92,1,17,0.0,0.0,0.0
50216_G_GN92,1,18,0.0,0.0,0.0
50216_G_GN92,1,19,0.0,0.0,0.0
50216_G_GN92,1,20,0.0,0.0,0.0
50216_G_GN92,1,21,0.0,0.0,0.0
50216_G_GN92,1,22,0.0,0.0,0.0
50216_G_GN92,1,23,0.0,0.0,0.0
50216_G_GN92,1,24,0.0,0.0,0.0
50216_G_GN92,1,25,0.0,0.0,0.0
50216_G_GN93,1,1,0.0,0.0,0.0
50216_G_GN93,1,2,0.0,0.0,0.0
50216_G_GN93,1,3,0.0,0.0,0.0
50216_G_GN93,1,4,0.0,0.0,0.0
50216_G_GN93,1,5,0.0,0.0,0.0
50216_G_GN93,1,6,0.0,0.0,0.0
50216_G_GN93,1,7,0.0,0.0,0.0
50216_G_GN93,1,8,0.0,0.0,0.0
50216_G_GN93,1,9,0.0,0.0,0.0
50216_G_GN93,1,10,0.0,0.0,0.0
50216_G_GN93,1,11,0.0,0.0,0.0
50216_G_GN93,1,12,0.0,0.0,0.0
50216_G_GN93,1,13,0.0,0.0,0.0
50216_G_GN93,1,14,0.0,0.0,0.0
50216_G_GN93,1,15,0.0,0.0,0.0
50216_G_GN93,1,16,0.0,0.0,0.0
50216_G_GN93,1,17,0.0,0.0,0.0
50216_G_GN93,1,18,0.0,0.0,0.0
50216_G_GN93,1,19,0.0,0.0,0.0
50216_G_GN93,1,20,0.0,0.0,0.0
50216_G_GN93,1,21,0.0,0.0,0.0
50216_G_GN93,1,22,0.0,0.0,0.0
50216_G_GN93,1,23,0.0,0.0,0.0
50216_G_GN93,1,24,0.0,0.0,0.0
50216_G_GN93,1,25,0.0,0.0,0.0
50216_G_GN94,1,1,0.0,0.0,0.0
50216_G_GN94,1,2,0.0,0.0,0.0
50216_G_GN94,1,3,0.0,0.0,0.0
50216_G_GN94,1,4,0.0,0.0,0.0
50216_G_GN94,1,5,0.0,0.0,0.0
50216_G_GN94,1,6,0.0,0.0,0.0
50216_G_GN94,1,7,0.0,0.0,0.0
50216_G_GN94,1,8,0.0,0.0,0.0
50216_G_GN94,1,9,0.0,0.0,0.0
50216_G_GN94,1,10,0.0,0.0,0.0
50216_G_GN94,1,11,0.0,0.0,0.0
50216_G_GN94,1,12,0.0,0.0,0.0
50216_G_GN94,1,13,0.0,0.0,0.0
50216_G_GN94,1,14,0.0,0.0,0.0
50216_G_GN94,1,15,0.0,0.0,0.0
50216_G_GN94,1,16,0.0,0.0,0.0
50216_G_GN94,1,17,0.0,0.0,0.0
50216_G_GN94,1,18,0.0,0.0,0.0
50216_G_GN94,1,19,0.0,0.0,0.0
50216_G_GN94,1,20,0.0,0.0,0.0
50216_G_GN94,1,21,0.0,0.0,0.0
50216_G_GN94,1,22,0.0,0.0,0.0
50216_G_GN94,1,23,0.0,0.0,0.0
50216_G_GN94,1,24,0.0,0.0,0.0
50216_G_GN94,1,25,0.0,0.0,0.0
50216_G_GN95,1,1,0.0,0.0,0.0
50216_G_GN95,1,2,0.0,0.0,0.0
50216_G_GN95,1,3,0.0,0.0,0.0
50216_G_GN95,1,4,0.0,0.0,0.0
50216_G_GN95,1,5,0.0,0.0,0.0
50216_G_GN95,1,6,0.0,0.0,0.0
50216_G_GN95,1,7,0.0,0.0,0.0
50216_G_GN95,1,8,0.0,0.0,0.0
50216_G_GN95,1,9,0.0,0.0,0.0
50216_G_GN95,1,10,0.0,0.0,0.0
50216_G_GN95,1,11,0.0,0.0,0.0
50216_G_GN95,1,12,0.0,0.0,0.0
50216_G_GN95,1,13,0.0,0.0,0.0
50216_G_GN95,1,14,0.0,0.0,0.0
50216_G_GN95,1,15,0.0,0.0,0.0
50216_G_GN95,1,16,0.0,0.0,0.0
50216_G_GN95,1,17,0.0,0.0,0.0
50216_G_GN95,1,18,0.0,0.0,0.0
50216_G_GN95,1,19,0.0,0.0,0.0
50216_G_GN95,1,20,0.0,0.0,0.0
50216_G_GN95,1,21,0.0,0.0,0.0
50216_G_GN95,1,22,0.0,0.0,0.0
50216_G_GN95,1,23,0.0,0.0,0.0
50216_G_GN95,1,24,0.0,0.0,0.0
50216_G_GN95,1,25,0.0,0.0,0.0
50216_G_GN96,1,1,0.0,0.0,0.0
50216_G_GN96,1,2,0.0,0.0,0.0
50216_G_GN96,1,3,0.0,0.0,0.0
50216_G_GN96,1,4,0.0,0.0,0.0
50216_G_GN96,1,5,0.0,0.0,0.0
50216_G_GN96,1,6,0.0,0.0,0.0
50216_G_GN96,1,7,0.0,0.0,0.0
50216_G_GN96,1,8,0.0,0.0,0.0
50216_G_GN96,1,9,0.0,0.0,0.0
50216_G_GN96,1,10,0.0,0.0,0.0
50216_G_GN96,1,11,0.0,0.0,0.0
50216_G_GN96,1,12,0.0,0.0,0.0
50216_G_GN96,1,13,0.0,0.0,0.0
50216_G_GN96,1,14,0.0,0.0,0.0
50216_G_GN96,1,15,0.0,0.0,0.0
50216_G_GN96,1,16,0.0,0.0,0.0
50216_G_GN96,1,17,0.0,0.0,0.0
50216_G_GN96,1,18,0.0,0.0,0.0
50216_G_GN96,1,19,0.0,0.0,0.0
50216_G_GN96,1,20,0.0,0.0,0.0
50216_G_GN96,1,21,0.0,0.0,0.0
50216_G_GN96,1,22,0.0,0.0,0.0
50216_G_GN96,1,23,0.0,0.0,0.0
50216_G_GN96,1,24,0.0,0.0,0.0
50216_G_GN96,1,25,0.0,0.0,0.0
50299_G_GEN1,1,1,0.0,0.0,0.0
50299_G_GEN1,1,2,0.0,0.0,0.0
50299_G_GEN1,1,3,0.0,0.0,0.0
50299_G_GEN1,1,4,0.0,0.0,0.0
50299_G_GEN1,1,5,0.0,0.0,0.0
50299_G_GEN1,1,6,0.0,0.0,0.0
50299_G_GEN1,1,7,0.0,0.0,0.0
50299_G_GEN1,1,8,0.0,0.0,0.0
50299_G_GEN1,1,9,0.0,0.0,0.0
50299_G_GEN1,1,10,0.0,0.0,0.0
50299_G_GEN1,1,11,0.0,0.0,0.0
50299_G_GEN1,1,12,0.0,0.0,0.0
50299_G_GEN1,1,13,0.0,0.0,0.0
50299_G_GEN1,1,14,0.0,0.0,0.0
50299_G_GEN1,1,15,0.0,0.0,0.0
50299_G_GEN1,1,16,0.0,0.0,0.0
50299_G_GEN1,1,17,0.0,0.0,0.0
50299_G_GEN1,1,18,0.0,0.0,0.0
50299_G_GEN1,1,19,0.0,0.0,0.0
50299_G_GEN1,1,20,0.0,0.0,0.0
50299_G_GEN1,1,21,0.0,0.0,0.0
50299_G_GEN1,1,22,0.0,0.0,0.0
50299_G_GEN1,1,23,0.0,0.0,0.0
50299_G_GEN1,1,24,0.0,0.0,0.0
50299_G_GEN1,1,25,0.0,0.0,0.0
50388_B_K1,1,1,8.5,0.0,0.0
50388_B_K1,1,2,8.5,0.0,0.0
50388_B_K1,1,3,8.5,0.0,0.0
50388_B_K1,1,4,8.5,0.0,0.0
50388_B_K1,1,5,8.5,0.0,0.0
50388_B_K1,1,6,8.5,0.0,0.0
50388_B_K1,1,7,6.375,2.125000000000002,0.0
50388_B_K1,1,8,3.4000000000000004,5.1,0.0
50388_B_K1,1,9,3.4000000000000004,0.0,0.0
50388_B_K1,1,10,3.4000000000000004,0.0,0.0
50388_B_K1,1,11,3.4000000000000004,0.0,0.0
50388_B_K1,1,12,3.4000000000000004,0.0,0.0
50388_B_K1,1,13,3.4000000000000004,0.0,0.0
50388_B_K1,1,14,3.4000000000000004,0.0,0.0
50388_B_K1,1,15,3.4000000000000004,0.0,0.0
50388_B_K1,1,16,3.4000000000000004,5.1,0.0
50388_B_K1,1,17,6.3750000000000115,2.1249999999999742,0.0
50388_B_K1,1,18,8.5,0.0,0.0
50388_B_K1,1,19,8.5,0.0,0.0
50388_B_K1,1,20,8.5,0.0,0.0
50388_B_K1,1,21,8.5,0.0,0.0
50388_B_K1,1,22,8.5,0.0,0.0
50388_B_K1,1,23,8.5,0.0,0.0
50388_B_K1,1,24,8.5,0.0,0.0
50388_B_K1,1,25,8.5,0.0,0.0
50388_B_K2,1,1,8.5,0.0,0.0
50388_B_K2,1,2,8.5,0.0,0.0
50388_B_K2,1,3,8.5,0.0,0.0
50388_B_K2,1,4,8.5,0.0,0.0
50388_B_K2,1,5,8.5,0.0,0.0
50388_B_K2,1,6,8.5,0.0,0.0
50388_B_K2,1,7,6.375,2.125,0.0
50388_B_K2,1,8,3.4000000000000004,5.099999999996776,0.0
50388_B_K2,1,9,3.4000000000000004,0.0,0.0
50388_B_K2,1,10,3.4000000000000004,0.0,0.0
50388_B_K2,1,11,3.4000000000000004,0.0,0.0
50388_B_K2,1,12,3.4000000000000004,0.0,0.0
50388_B_K2,1,13,3.4000000000000004,0.0,0.0
50388_B_K2,1,14,3.4000000000000004,0.0,0.0
50388_B_K2,1,15,3.4000000000000004,0.0,0.0
50388_B_K2,1,16,3.4000000000000004,5.099999999805164,0.0
50388_B_K2,1,17,6.375000000000022,2.124999999999978,0.0
50388_B_K2,1,18,8.5,0.0,0.0
50388_B_K2,1,19,8.5,0.0,0.0
50388_B_K2,1,20,8.5,0.0,0.0
50388_B_K2,1,21,8.5,0.0,0.0
50388_B_K2,1,22,8.5,0.0,0.0
50388_B_K2,1,23,8.5,0.0,0.0
50388_B_K2,1,24,8.5,0.0,0.0
50388_B_K2,1,25,8.5,0.0,0.0
50541_G_GEN1,1,1,0.0,0.0,0.0
50541_G_GEN1,1,2,0.0,0.0,0.0
50541_G_GEN1,1,3,0.0,0.0,0.0
50541_G_GEN1,1,4,0.0,0.0,0.0
50541_G_GEN1,1,5,0.0,0.0,0.0
50541_G_GEN1,1,6,0.0,0.0,0.0
50541_G_GEN1,1,7,0.0,0.0,0.0
50541_G_GEN1,1,8,0.0,0.0,0.0
50541_G_GEN1,1,9,0.0,0.0,0.0
50541_G_GEN1,1,10,0.0,0.0,0.0
50541_G_GEN1,1,11,0.0,0.0,0.0
50541_G_GEN1,1,12,0.0,0.0,0.0
50541_G_GEN1,1,13,0.0,0.0,0.0
50541_G_GEN1,1,14,0.0,0.0,0.0
50541_G_GEN1,1,15,0.0,0.0,0.0
50541_G_GEN1,1,16,0.0,0.0,0.0
50541_G_GEN1,1,17,0.0,0.0,0.0
50541_G_GEN1,1,18,0.0,0.0,0.0
50541_G_GEN1,1,19,0.0,0.0,0.0
50541_G_GEN1,1,20,0.0,0.0,0.0
50541_G_GEN1,1,21,0.0,0.0,0.0
50541_G_GEN1,1,22,0.0,0.0,0.0
50541_G_GEN1,1,23,0.0,0.0,0.0
50541_G_GEN1,1,24,0.0,0.0,0.0
50541_G_GEN1,1,25,0.0,0.0,0.0
50541_G_ST1,1,1,0.0,0.0,0.0
50541_G_ST1,1,2,0.0,0.0,0.0
50541_G_ST1,1,3,0.0,0.0,0.0
50541_G_ST1,1,4,0.0,0.0,0.0
50541_G_ST1,1,5,0.0,0.0,0.0
50541_G_ST1,1,6,0.0,0.0,0.0
50541_G_ST1,1,7,0.0,0.0,0.0
50541_G_ST1,1,8,0.0,0.0,0.0
50541_G_ST1,1,9,0.0,0.0,0.0
50541_G_ST1,1,10,0.0,0.0,0.0
50541_G_ST1,1,11,0.0,0.0,0.0
50541_G_ST1,1,12,0.0,0.0,0.0
50541_G_ST1,1,13,0.0,0.0,0.0
50541_G_ST1,1,14,0.0,0.0,0.0
50541_G_ST1,1,15,0.0,0.0,0.0
50541_G_ST1,1,16,0.0,0.0,0.0
50541_G_ST1,1,17,0.0,0.0,0.0
50541_G_ST1,1,18,0.0,0.0,0.0
50541_G_ST1,1,19,0.0,0.0,0.0
50541_G_ST1,1,20,0.0,0.0,0.0
50541_G_ST1,1,21,0.0,0.0,0.0
50541_G_ST1,1,22,0.0,0.0,0.0
50541_G_ST1,1,23,0.0,0.0,0.0
50541_G_ST1,1,24,0.0,0.0,0.0
50541_G_ST1,1,25,0.0,0.0,0.0
50541_G_ST2,1,1,0.0,0.0,0.0
50541_G_ST2,1,2,0.0,0.0,0.0
50541_G_ST2,1,3,0.0,0.0,0.0
50541_G_ST2,1,4,0.0,0.0,0.0
50541_G_ST2,1,5,0.0,0.0,0.0
50541_G_ST2,1,6,0.0,0.0,0.0
50541_G_ST2,1,7,0.0,0.0,0.0
50541_G_ST2,1,8,0.0,0.0,0.0
50541_G_ST2,1,9,0.0,0.0,0.0
50541_G_ST2,1,10,0.0,0.0,0.0
50541_G_ST2,1,11,0.0,0.0,0.0
50541_G_ST2,1,12,0.0,0.0,0.0
50541_G_ST2,1,13,0.0,0.0,0.0
50541_G_ST2,1,14,0.0,0.0,0.0
50541_G_ST2,1,15,0.0,0.0,0.0
50541_G_ST2,1,16,0.0,0.0,0.0
50541_G_ST2,1,17,0.0,0.0,0.0
50541_G_ST2,1,18,0.0,0.0,0.0
50541_G_ST2,1,19,0.0,0.0,0.0
50541_G_ST2,1,20,0.0,0.0,0.0
50541_G_ST2,1,21,0.0,0.0,0.0
50541_G_ST2,1,22,0.0,0.0,0.0
50541_G_ST2,1,23,0.0,0.0,0.0
50541_G_ST2,1,24,0.0,0.0,0.0
50541_G_ST2,1,25,0.0,0.0,0.0
50571_G_GEN1,1,1,60.9,0.0,0.0
50571_G_GEN1,1,2,60.9,0.0,0.0
50571_G_GEN1,1,3,60.9,0.0,0.0
50571_G_GEN1,1,4,60.9,0.0,0.0
50571_G_GEN1,1,5,60.9,0.0,0.0
50571_G_GEN1,1,6,60.9,0.0,0.0
50571_G_GEN1,1,7,60.9,0.0,0.0
50571_G_GEN1,1,8,0.0,0.0,0.0
50571_G_GEN1,1,9,0.0,0.0,0.0
50571_G_GEN1,1,10,0.0,0.0,0.0
50571_G_GEN1,1,11,0.0,0.0,0.0
50571_G_GEN1,1,12,0.0,0.0,0.0
50571_G_GEN1,1,13,0.0,0.0,0.0
50571_G_GEN1,1,14,0.0,0.0,0.0
50571_G_GEN1,1,15,0.0,0.0,0.0
50571_G_GEN1,1,16,0.0,0.0,0.0
50571_G_GEN1,1,17,60.9,0.0,0.0
50571_G_GEN1,1,18,60.9,0.0,0.0
50571_G_GEN1,1,19,60.9,0.0,0.0
50571_G_GEN1,1,20,60.9,0.0,0.0
50571_G_GEN1,1,21,60.9,0.0,0.0
50571_G_GEN1,1,22,60.9,0.0,0.0
50571_G_GEN1,1,23,60.9,0.0,0.0
50571_G_GEN1,1,24,60.9,0.0,0.0
50571_G_GEN1,1,25,60.9,0.0,0.0
50632_B_1,1,1,47.90000000000001,0.0,0.0
50632_B_1,1,2,47.90000000000001,0.0,0.0
50632_B_1,1,3,47.90000000000001,0.0,0.0
50632_B_1,1,4,47.90000000000001,0.0,0.0
50632_B_1,1,5,47.90000000000001,0.0,0.0
50632_B_1,1,6,47.90000000000001,0.0,0.0
50632_B_1,1,7,47.90000000000001,0.0,0.0
50632_B_1,1,8,19.160000000000004,0.0,0.0
50632_B_1,1,9,19.160000000000004,0.0,0.0
50632_B_1,1,10,19.160000000000004,0.0,0.0
50632_B_1,1,11,19.160000000000004,0.0,0.0
50632_B_1,1,12,19.160000000000004,0.0,0.0
50632_B_1,1,13,19.160000000000004,0.0,0.0
50632_B_1,1,14,19.160000000000004,0.0,0.0
50632_B_1,1,15,19.160000000000004,0.0,0.0
50632_B_1,1,16,19.160000000000004,0.0,0.0
50632_B_1,1,17,47.90000000000001,0.0,0.0
50632_B_1,1,18,47.90000000000001,0.0,0.0
50632_B_1,1,19,47.90000000000001,0.0,0.0
50632_B_1,1,20,47.90000000000001,0.0,0.0
50632_B_1,1,21,47.90000000000001,0.0,0.0
50632_B_1,1,22,47.90000000000001,0.0,0.0
50632_B_1,1,23,47.90000000000001,0.0,0.0
50632_B_1,1,24,47.90000000000001,0.0,0.0
50632_B_1,1,25,47.90000000000001,0.0,0.0
50748_G_GEN1,1,1,0.0,0.0,0.0
50748_G_GEN1,1,2,0.0,0.0,0.0
50748_G_GEN1,1,3,0.0,0.0,0.0
50748_G_GEN1,1,4,0.0,0.0,0.0
50748_G_GEN1,1,5,0.0,0.0,0.0
50748_G_GEN1,1,6,0.0,0.0,0.0
50748_G_GEN1,1,7,0.0,0.0,0.0
50748_G_GEN1,1,8,0.0,0.0,0.0
50748_G_GEN1,1,9,0.0,0.0,0.0
50748_G_GEN1,1,10,0.0,0.0,0.0
50748_G_GEN1,1,11,0.0,0.0,0.0
50748_G_GEN1,1,12,0.0,0.0,0.0
50748_G_GEN1,1,13,0.0,0.0,0.0
50748_G_GEN1,1,14,0.0,0.0,0.0
50748_G_GEN1,1,15,0.0,0.0,0.0
50748_G_GEN1,1,16,0.0,0.0,0.0
50748_G_GEN1,1,17,0.0,0.0,0.0
50748_G_GEN1,1,18,0.0,0.0,0.0
50748_G_GEN1,1,19,0.0,0.0,0.0
50748_G_GEN1,1,20,0.0,0.0,0.0
50748_G_GEN1,1,21,0.0,0.0,0.0
50748_G_GEN1,1,22,0.0,0.0,0.0
50748_G_GEN1,1,23,0.0,0.0,0.0
50748_G_GEN1,1,24,0.0,0.0,0.0
50748_G_GEN1,1,25,0.0,0.0,0.0
50748_G_GEN2,1,1,0.0,0.0,0.0
50748_G_GEN2,1,2,0.0,0.0,0.0
50748_G_GEN2,1,3,0.0,0.0,0.0
50748_G_GEN2,1,4,0.0,0.0,0.0
50748_G_GEN2,1,5,0.0,0.0,0.0
50748_G_GEN2,1,6,0.0,0.0,0.0
50748_G_GEN2,1,7,0.0,0.0,0.0
50748_G_GEN2,1,8,0.0,0.0,0.0
50748_G_GEN2,1,9,0.0,0.0,0.0
50748_G_GEN2,1,10,0.0,0.0,0.0
50748_G_GEN2,1,11,0.0,0.0,0.0
50748_G_GEN2,1,12,0.0,0.0,0.0
50748_G_GEN2,1,13,0.0,0.0,0.0
50748_G_GEN2,1,14,0.0,0.0,0.0
50748_G_GEN2,1,15,0.0,0.0,0.0
50748_G_GEN2,1,16,0.0,0.0,0.0
50748_G_GEN2,1,17,0.0,0.0,0.0
50748_G_GEN2,1,18,0.0,0.0,0.0
50748_G_GEN2,1,19,0.0,0.0,0.0
50748_G_GEN2,1,20,0.0,0.0,0.0
50748_G_GEN2,1,21,0.0,0.0,0.0
50748_G_GEN2,1,22,0.0,0.0,0.0
50748_G_GEN2,1,23,0.0,0.0,0.0
50748_G_GEN2,1,24,0.0,0.0,0.0
50748_G_GEN2,1,25,0.0,0.0,0.0
50750_G_GEN1,1,1,0.0,0.0,0.0
50750_G_GEN1,1,2,0.0,0.0,0.0
50750_G_GEN1,1,3,0.0,0.0,0.0
50750_G_GEN1,1,4,0.0,0.0,0.0
50750_G_GEN1,1,5,0.0,0.0,0.0
50750_G_GEN1,1,6,0.0,0.0,0.0
50750_G_GEN1,1,7,0.0,0.0,0.0
50750_G_GEN1,1,8,0.0,0.0,0.0
50750_G_GEN1,1,9,0.0,0.0,0.0
50750_G_GEN1,1,10,0.0,0.0,0.0
50750_G_GEN1,1,11,0.0,0.0,0.0
50750_G_GEN1,1,12,0.0,0.0,0.0
50750_G_GEN1,1,13,0.0,0.0,0.0
50750_G_GEN1,1,14,0.0,0.0,0.0
50750_G_GEN1,1,15,0.0,0.0,0.0
50750_G_GEN1,1,16,0.0,0.0,0.0
50750_G_GEN1,1,17,0.0,0.0,0.0
50750_G_GEN1,1,18,0.0,0.0,0.0
50750_G_GEN1,1,19,0.0,0.0,0.0
50750_G_GEN1,1,20,0.0,0.0,0.0
50750_G_GEN1,1,21,0.0,0.0,0.0
50750_G_GEN1,1,22,0.0,0.0,0.0
50750_G_GEN1,1,23,0.0,0.0,0.0
50750_G_GEN1,1,24,0.0,0.0,0.0
50750_G_GEN1,1,25,0.0,0.0,0.0
50766_G_ITLU1,1,1,11.5,0.0,0.0
50766_G_ITLU1,1,2,11.5,0.0,0.0
50766_G_ITLU1,1,3,11.5,0.0,0.0
50766_G_ITLU1,1,4,11.5,0.0,0.0
50766_G_ITLU1,1,5,11.5,0.0,0.0
50766_G_ITLU1,1,6,11.5,0.0,0.0
50766_G_ITLU1,1,7,11.5,0.0,0.0
50766_G_ITLU1,1,8,11.5,0.0,0.0
50766_G_ITLU1,1,9,7.566999999999999,0.0,0.0
50766_G_ITLU1,1,10,4.6000000000000005,0.0,0.0
50766_G_ITLU1,1,11,4.6000000000000005,0.0,0.0
50766_G_ITLU1,1,12,4.6000000000000005,0.0,0.0
50766_G_ITLU1,1,13,4.6000000000000005,0.0,0.0
50766_G_ITLU1,1,14,4.6000000000000005,0.0,0.0
50766_G_ITLU1,1,15,7.567,0.0,0.0
50766_G_ITLU1,1,16,11.5,0.0,0.0
50766_G_ITLU1,1,17,11.5,0.0,0.0
50766_G_ITLU1,1,18,11.5,0.0,0.0
50766_G_ITLU1,1,19,11.5,0.0,0.0
50766_G_ITLU1,1,20,11.5,0.0,0.0
50766_G_ITLU1,1,21,11.5,0.0,0.0
50766_G_ITLU1,1,22,11.5,0.0,0.0
50766_G_ITLU1,1,23,11.5,0.0,0.0
50766_G_ITLU1,1,24,11.5,0.0,0.0
50766_G_ITLU1,1,25,11.5,0.0,0.0
50766_G_ITLU2,1,1,8.5,0.0,0.0
50766_G_ITLU2,1,2,8.5,0.0,0.0
50766_G_ITLU2,1,3,8.5,0.0,0.0
50766_G_ITLU2,1,4,8.5,0.0,0.0
50766_G_ITLU2,1,5,8.5,0.0,0.0
50766_G_ITLU2,1,6,8.5,0.0,0.0
50766_G_ITLU2,1,7,8.5,0.0,0.0
50766_G_ITLU2,1,8,8.5,0.0,0.0
50766_G_ITLU2,1,9,5.593,0.0,0.0
50766_G_ITLU2,1,10,3.4000000000000004,0.0,0.0
50766_G_ITLU2,1,11,3.4000000000000004,0.0,0.0
50766_G_ITLU2,1,12,3.4000000000000004,0.0,0.0
50766_G_ITLU2,1,13,3.4000000000000004,0.0,0.0
50766_G_ITLU2,1,14,3.4000000000000004,0.0,0.0
50766_G_ITLU2,1,15,5.593,0.0,0.0
50766_G_ITLU2,1,16,8.5,0.0,0.0
50766_G_ITLU2,1,17,8.5,0.0,0.0
50766_G_ITLU2,1,18,8.5,0.0,0.0
50766_G_ITLU2,1,19,8.5,0.0,0.0
50766_G_ITLU2,1,20,8.5,0.0,0.0
50766_G_ITLU2,1,21,8.5,0.0,0.0
50766_G_ITLU2,1,22,8.5,0.0,0.0
50766_G_ITLU2,1,23,8.5,0.0,0.0
50766_G_ITLU2,1,24,8.5,0.0,0.0
50766_G_ITLU2,1,25,8.5,0.0,0.0
50766_G_OE31,1,1,0.7,0.0,0.0
50766_G_OE31,1,2,0.7,0.0,0.0
50766_G_OE31,1,3,0.7,0.0,0.0
50766_G_OE31,1,4,0.7,0.0,0.0
50766_G_OE31,1,5,0.7,0.0,0.0
50766_G_OE31,1,6,0.7,0.0,0.0
50766_G_OE31,1,7,0.7,0.0,0.0
50766_G_OE31,1,8,0.7,0.0,0.0
50766_G_OE31,1,9,0.4605999999999999,0.0,0.0
50766_G_OE31,1,10,0.28,0.0,0.0
50766_G_OE31,1,11,0.28,0.0,0.0
50766_G_OE31,1,12,0.28,0.0,0.0
50766_G_OE31,1,13,0.28,0.0,0.0
50766_G_OE31,1,14,0.28,0.0,0.0
50766_G_OE31,1,15,0.46059999999999945,0.0,0.0
50766_G_OE31,1,16,0.7,0.0,0.0
50766_G_OE31,1,17,0.7,0.0,0.0
50766_G_OE31,1,18,0.7,0.0,0.0
50766_G_OE31,1,19,0.7,0.0,0.0
50766_G_OE31,1,20,0.7,0.0,0.0
50766_G_OE31,1,21,0.7,0.0,0.0
50766_G_OE31,1,22,0.7,0.0,0.0
50766_G_OE31,1,23,0.7,0.0,0.0
50766_G_OE31,1,24,0.7,0.0,0.0
50766_G_OE31,1,25,0.7,0.0,0.0
50766_G_OE32,1,1,0.7,0.0,0.0
50766_G_OE32,1,2,0.7,0.0,0.0
50766_G_OE32,1,3,0.7,0.0,0.0
50766_G_OE32,1,4,0.7,0.0,0.0
50766_G_OE32,1,5,0.7,0.0,0.0
50766_G_OE32,1,6,0.7,0.0,0.0
50766_G_OE32,1,7,0.7,0.0,0.0
50766_G_OE32,1,8,0.7,0.0,0.0
50766_G_OE32,1,9,0.4605999999999999,0.0,0.0
50766_G_OE32,1,10,0.28,0.0,0.0
50766_G_OE32,1,11,0.28,0.0,0.0
50766_G_OE32,1,12,0.28,0.0,0.0
50766_G_OE32,1,13,0.28,0.0,0.0
50766_G_OE32,1,14,0.28,0.0,0.0
50766_G_OE32,1,15,0.46059999999999995,0.0,0.0
50766_G_OE32,1,16,0.7,0.0,0.0
50766_G_OE32,1,17,0.7,0.0,0.0
50766_G_OE32,1,18,0.7,0.0,0.0
50766_G_OE32,1,19,0.7,0.0,0.0
50766_G_OE32,1,20,0.7,0.0,0.0
50766_G_OE32,1,21,0.7,0.0,0.0
50766_G_OE32,1,22,0.7,0.0,0.0
50766_G_OE32,1,23,0.7,0.0,0.0
50766_G_OE32,1,24,0.7,0.0,0.0
50766_G_OE32,1,25,0.7,0.0,0.0
50831_G_GEN1,1,1,2.0,0.0,0.0
50831_G_GEN1,1,2,2.0,0.0,0.0
50831_G_GEN1,1,3,2.0,0.0,0.0
50831_G_GEN1,1,4,2.0,0.0,0.0
50831_G_GEN1,1,5,2.0,0.0,0.0
50831_G_GEN1,1,6,2.0,0.0,0.0
50831_G_GEN1,1,7,2.0,0.0,0.0
50831_G_GEN1,1,8,0.0,0.0,0.0
50831_G_GEN1,1,9,0.0,0.0,0.0
50831_G_GEN1,1,10,0.0,0.0,0.0
50831_G_GEN1,1,11,0.0,0.0,0.0
50831_G_GEN1,1,12,0.0,0.0,0.0
50831_G_GEN1,1,13,0.0,0.0,0.0
50831_G_GEN1,1,14,0.0,0.0,0.0
50831_G_GEN1,1,15,0.0,0.0,0.0
50831_G_GEN1,1,16,0.0,0.0,0.0
50831_G_GEN1,1,17,2.0,0.0,0.0
50831_G_GEN1,1,18,2.0,0.0,0.0
50831_G_GEN1,1,19,2.0,0.0,0.0
50831_G_GEN1,1,20,2.0,0.0,0.0
50831_G_GEN1,1,21,2.0,0.0,0.0
50831_G_GEN1,1,22,2.0,0.0,0.0
50831_G_GEN1,1,23,2.0,0.0,0.0
50831_G_GEN1,1,24,2.0,0.0,0.0
50831_G_GEN1,1,25,2.0,0.0,0.0
50849_G_GEN1,1,1,0.0,0.0,0.0
50849_G_GEN1,1,2,0.0,0.0,0.0
50849_G_GEN1,1,3,0.0,0.0,0.0
50849_G_GEN1,1,4,0.0,0.0,0.0
50849_G_GEN1,1,5,0.0,0.0,0.0
50849_G_GEN1,1,6,0.0,0.0,0.0
50849_G_GEN1,1,7,0.0,0.0,0.0
50849_G_GEN1,1,8,0.0,0.0,0.0
50849_G_GEN1,1,9,0.0,0.0,0.0
50849_G_GEN1,1,10,0.0,0.0,0.0
50849_G_GEN1,1,11,0.0,0.0,0.0
50849_G_GEN1,1,12,0.0,0.0,0.0
50849_G_GEN1,1,13,0.0,0.0,0.0
50849_G_GEN1,1,14,0.0,0.0,0.0
50849_G_GEN1,1,15,0.0,0.0,0.0
50849_G_GEN1,1,16,0.0,0.0,0.0
50849_G_GEN1,1,17,0.0,0.0,0.0
50849_G_GEN1,1,18,0.0,0.0,0.0
50849_G_GEN1,1,19,0.0,0.0,0.0
50849_G_GEN1,1,20,0.0,0.0,0.0
50849_G_GEN1,1,21,0.0,0.0,0.0
50849_G_GEN1,1,22,0.0,0.0,0.0
50849_G_GEN1,1,23,0.0,0.0,0.0
50849_G_GEN1,1,24,0.0,0.0,0.0
50849_G_GEN1,1,25,0.0,0.0,0.0
50849_G_GEN2,1,1,0.0,0.0,0.0
50849_G_GEN2,1,2,0.0,0.0,0.0
50849_G_GEN2,1,3,0.0,0.0,0.0
50849_G_GEN2,1,4,0.0,0.0,0.0
50849_G_GEN2,1,5,0.0,0.0,0.0
50849_G_GEN2,1,6,0.0,0.0,0.0
50849_G_GEN2,1,7,0.0,0.0,0.0
50849_G_GEN2,1,8,0.0,0.0,0.0
50849_G_GEN2,1,9,0.0,0.0,0.0
50849_G_GEN2,1,10,0.0,0.0,0.0
50849_G_GEN2,1,11,0.0,0.0,0.0
50849_G_GEN2,1,12,0.0,0.0,0.0
50849_G_GEN2,1,13,0.0,0.0,0.0
50849_G_GEN2,1,14,0.0,0.0,0.0
50849_G_GEN2,1,15,0.0,0.0,0.0
50849_G_GEN2,1,16,0.0,0.0,0.0
50849_G_GEN2,1,17,0.0,0.0,0.0
50849_G_GEN2,1,18,0.0,0.0,0.0
50849_G_GEN2,1,19,0.0,0.0,0.0
50849_G_GEN2,1,20,0.0,0.0,0.0
50849_G_GEN2,1,21,0.0,0.0,0.0
50849_G_GEN2,1,22,0.0,0.0,0.0
50849_G_GEN2,1,23,0.0,0.0,0.0
50849_G_GEN2,1,24,0.0,0.0,0.0
50849_G_GEN2,1,25,0.0,0.0,0.0
50850_G_GEN1,1,1,9.0,0.0,0.0
50850_G_GEN1,1,2,9.0,0.0,0.0
50850_G_GEN1,1,3,9.0,0.0,0.0
50850_G_GEN1,1,4,9.0,0.0,0.0
50850_G_GEN1,1,5,22.5,0.0,0.0
50850_G_GEN1,1,6,22.5,0.0,0.0
50850_G_GEN1,1,7,0.0,0.0,0.0
50850_G_GEN1,1,8,0.0,0.0,0.0
50850_G_GEN1,1,9,0.0,0.0,0.0
50850_G_GEN1,1,10,0.0,0.0,0.0
50850_G_GEN1,1,11,0.0,0.0,0.0
50850_G_GEN1,1,12,0.0,0.0,0.0
50850_G_GEN1,1,13,0.0,0.0,0.0
50850_G_GEN1,1,14,0.0,0.0,0.0
50850_G_GEN1,1,15,0.0,0.0,0.0
50850_G_GEN1,1,16,0.0,0.0,0.0
50850_G_GEN1,1,17,22.5,0.0,0.0
50850_G_GEN1,1,18,9.0,0.0,0.0
50850_G_GEN1,1,19,22.5,0.0,0.0
50850_G_GEN1,1,20,22.5,0.0,0.0
50850_G_GEN1,1,21,22.5,0.0,0.0
50850_G_GEN1,1,22,22.5,0.0,0.0
50850_G_GEN1,1,23,22.5,0.0,0.0
50850_G_GEN1,1,24,22.5,0.0,0.0
50850_G_GEN1,1,25,9.0,13.5,0.0
50850_G_GEN2,1,1,2.6,0.0,0.0
50850_G_GEN2,1,2,2.6,0.0,0.0
50850_G_GEN2,1,3,2.6,0.0,0.0
50850_G_GEN2,1,4,2.6,0.0,0.0
50850_G_GEN2,1,5,6.5,0.0,0.0
50850_G_GEN2,1,6,6.5,0.0,0.0
50850_G_GEN2,1,7,0.0,0.0,0.0
50850_G_GEN2,1,8,0.0,0.0,0.0
50850_G_GEN2,1,9,0.0,0.0,0.0
50850_G_GEN2,1,10,0.0,0.0,0.0
50850_G_GEN2,1,11,0.0,0.0,0.0
50850_G_GEN2,1,12,0.0,0.0,0.0
50850_G_GEN2,1,13,0.0,0.0,0.0
50850_G_GEN2,1,14,0.0,0.0,0.0
50850_G_GEN2,1,15,0.0,0.0,0.0
50850_G_GEN2,1,16,0.0,0.0,0.0
50850_G_GEN2,1,17,6.5,0.0,0.0
50850_G_GEN2,1,18,2.6,0.0,0.0
50850_G_GEN2,1,19,6.5,0.0,0.0
50850_G_GEN2,1,20,6.5,0.0,0.0
50850_G_GEN2,1,21,6.5,0.0,0.0
50850_G_GEN2,1,22,6.5,0.0,0.0
50850_G_GEN2,1,23,6.5,0.0,0.0
50850_G_GEN2,1,24,6.5,0.0,0.0
50850_G_GEN2,1,25,2.6,0.0,0.0
50851_G_GEN1,1,1,0.0,0.0,0.0
50851_G_GEN1,1,2,0.0,0.0,0.0
50851_G_GEN1,1,3,0.0,0.0,0.0
50851_G_GEN1,1,4,0.0,0.0,0.0
50851_G_GEN1,1,5,0.0,0.0,0.0
50851_G_GEN1,1,6,0.0,0.0,0.0
50851_G_GEN1,1,7,0.0,0.0,0.0
50851_G_GEN1,1,8,0.0,0.0,0.0
50851_G_GEN1,1,9,0.0,0.0,0.0
50851_G_GEN1,1,10,0.0,0.0,0.0
50851_G_GEN1,1,11,0.0,0.0,0.0
50851_G_GEN1,1,12,0.0,0.0,0.0
50851_G_GEN1,1,13,0.0,0.0,0.0
50851_G_GEN1,1,14,0.0,0.0,0.0
50851_G_GEN1,1,15,0.0,0.0,0.0
50851_G_GEN1,1,16,0.0,0.0,0.0
50851_G_GEN1,1,17,0.0,0.0,0.0
50851_G_GEN1,1,18,0.0,0.0,0.0
50851_G_GEN1,1,19,0.0,0.0,0.0
50851_G_GEN1,1,20,0.0,0.0,0.0
50851_G_GEN1,1,21,0.0,0.0,0.0
50851_G_GEN1,1,22,0.0,0.0,0.0
50851_G_GEN1,1,23,0.0,0.0,0.0
50851_G_GEN1,1,24,0.0,0.0,0.0
50851_G_GEN1,1,25,0.0,0.0,0.0
50851_G_GEN2,1,1,0.0,0.0,0.0
50851_G_GEN2,1,2,0.0,0.0,0.0
50851_G_GEN2,1,3,0.0,0.0,0.0
50851_G_GEN2,1,4,0.0,0.0,0.0
50851_G_GEN2,1,5,0.0,0.0,0.0
50851_G_GEN2,1,6,0.0,0.0,0.0
50851_G_GEN2,1,7,0.0,0.0,0.0
50851_G_GEN2,1,8,0.0,0.0,0.0
50851_G_GEN2,1,9,0.0,0.0,0.0
50851_G_GEN2,1,10,0.0,0.0,0.0
50851_G_GEN2,1,11,0.0,0.0,0.0
50851_G_GEN2,1,12,0.0,0.0,0.0
50851_G_GEN2,1,13,0.0,0.0,0.0
50851_G_GEN2,1,14,0.0,0.0,0.0
50851_G_GEN2,1,15,0.0,0.0,0.0
50851_G_GEN2,1,16,0.0,0.0,0.0
50851_G_GEN2,1,17,0.0,0.0,0.0
50851_G_GEN2,1,18,0.0,0.0,0.0
50851_G_GEN2,1,19,0.0,0.0,0.0
50851_G_GEN2,1,20,0.0,0.0,0.0
50851_G_GEN2,1,21,0.0,0.0,0.0
50851_G_GEN2,1,22,0.0,0.0,0.0
50851_G_GEN2,1,23,0.0,0.0,0.0
50851_G_GEN2,1,24,0.0,0.0,0.0
50851_G_GEN2,1,25,0.0,0.0,0.0
50964_G_IND,1,1,1.1,0.0,0.0
50964_G_IND,1,2,1.1,0.0,0.0
50964_G_IND,1,3,1.1,0.0,0.0
50964_G_IND,1,4,1.1,0.0,0.0
50964_G_IND,1,5,1.1,0.0,0.0
50964_G_IND,1,6,1.1,0.0,0.0
50964_G_IND,1,7,1.0999999999981507,0.0,0.0
50964_G_IND,1,8,1.1,0.0,0.0
50964_G_IND,1,9,0.7238000000000002,0.0,0.2838000000000001
50964_G_IND,1,10,0.4400000000000001,0.0,0.0
50964_G_IND,1,11,0.4400000000000001,0.0,0.0
50964_G_IND,1,12,0.4400000000000001,0.0,0.0
50964_G_IND,1,13,0.4400000000000001,0.0,0.0
50964_G_IND,1,14,0.4400000000000001,0.0,0.0
50964_G_IND,1,15,0.7238000000000001,0.0,0.0
50964_G_IND,1,16,1.1,0.0,0.0
50964_G_IND,1,17,1.1,0.0,0.0
50964_G_IND,1,18,1.1,0.0,0.0
50964_G_IND,1,19,1.1,0.0,0.0
50964_G_IND,1,20,1.1,0.0,0.0
50964_G_IND,1,21,1.1,0.0,0.0
50964_G_IND,1,22,1.0999999996013927,0.0,0.0
50964_G_IND,1,23,1.1,0.0,0.0
50964_G_IND,1,24,1.1,0.0,0.0
50964_G_IND,1,25,1.1,0.0,0.0
50964_G_SYN,1,1,1.1,0.0,0.0
50964_G_SYN,1,2,1.1,0.0,0.0
50964_G_SYN,1,3,1.1,0.0,0.0
50964_G_SYN,1,4,1.1,0.0,0.0
50964_G_SYN,1,5,1.1,0.0,0.0
50964_G_SYN,1,6,1.1,0.0,0.0
50964_G_SYN,1,7,1.1,0.0,0.0
50964_G_SYN,1,8,1.1,0.0,0.0
50964_G_SYN,1,9,0.7238000000000002,0.37619999999999987,0.2838000000000001
50964_G_SYN,1,10,0.4400000000000001,0.6599999999999999,0.0
50964_G_SYN,1,11,0.4400000000000001,0.6599999999999999,0.0
50964_G_SYN,1,12,0.4400000000000001,0.6599999999999999,0.0
50964_G_SYN,1,13,0.4400000000000001,0.6599999999999999,0.0
50964_G_SYN,1,14,0.4400000000000001,0.6599999999999999,0.0
50964_G_SYN,1,15,0.7238000000000001,0.3762,0.2838
50964_G_SYN,1,16,1.1,0.0,0.0
50964_G_SYN,1,17,1.1,0.0,0.0
50964_G_SYN,1,18,1.1,0.0,0.0
50964_G_SYN,1,19,1.1,0.0,0.0
50964_G_SYN,1,20,1.1,0.0,0.0
50964_G_SYN,1,21,1.1,0.0,0.0
50964_G_SYN,1,22,1.1,0.0,0.0
50964_G_SYN,1,23,1.1,0.0,0.0
50964_G_SYN,1,24,1.1,0.0,0.0
50964_G_SYN,1,25,1.1,0.0,0.0
510_G_1,1,1,50.0,0.0,0.0
510_G_1,1,2,50.0,0.0,0.0
510_G_1,1,3,50.0,0.0,0.0
510_G_1,1,4,50.0,0.0,0.0
510_G_1,1,5,50.0,0.0,0.0
510_G_1,1,6,50.0,0.0,0.0
510_G_1,1,7,50.0,0.0,0.0
510_G_1,1,8,50.0,0.0,0.0
510_G_1,1,9,32.9,0.0,0.0
510_G_1,1,10,20.0,0.0,0.0
510_G_1,1,11,20.0,0.0,0.0
510_G_1,1,12,20.0,0.0,0.0
510_G_1,1,13,20.0,0.0,0.0
510_G_1,1,14,20.0,0.0,0.0
510_G_1,1,15,32.9,0.0,0.0
510_G_1,1,16,50.0,0.0,0.0
510_G_1,1,17,50.0,0.0,0.0
510_G_1,1,18,50.0,0.0,0.0
510_G_1,1,19,50.0,0.0,0.0
510_G_1,1,20,50.0,0.0,0.0
510_G_1,1,21,50.0,0.0,0.0
510_G_1,1,22,50.0,0.0,0.0
510_G_1,1,23,50.0,0.0,0.0
510_G_1,1,24,50.0,0.0,0.0
510_G_1,1,25,50.0,0.0,0.0
52073_G_GEN1,1,1,0.0,0.0,0.0
52073_G_GEN1,1,2,0.0,0.0,0.0
52073_G_GEN1,1,3,0.0,0.0,0.0
52073_G_GEN1,1,4,0.0,0.0,0.0
52073_G_GEN1,1,5,0.0,0.0,0.0
52073_G_GEN1,1,6,0.0,0.0,0.0
52073_G_GEN1,1,7,0.0,0.0,0.0
52073_G_GEN1,1,8,0.0,0.0,0.0
52073_G_GEN1,1,9,0.0,0.0,0.0
52073_G_GEN1,1,10,0.0,0.0,0.0
52073_G_GEN1,1,11,0.0,0.0,0.0
52073_G_GEN1,1,12,0.0,0.0,0.0
52073_G_GEN1,1,13,0.0,0.0,0.0
52073_G_GEN1,1,14,0.0,0.0,0.0
52073_G_GEN1,1,15,0.0,0.0,0.0
52073_G_GEN1,1,16,0.0,0.0,0.0
52073_G_GEN1,1,17,0.0,0.0,0.0
52073_G_GEN1,1,18,0.0,0.0,0.0
52073_G_GEN1,1,19,0.0,0.0,0.0
52073_G_GEN1,1,20,0.0,0.0,0.0
52073_G_GEN1,1,21,0.0,0.0,0.0
52073_G_GEN1,1,22,0.0,0.0,0.0
52073_G_GEN1,1,23,0.0,0.0,0.0
52073_G_GEN1,1,24,0.0,0.0,0.0
52073_G_GEN1,1,25,0.0,0.0,0.0
52073_G_GEN2,1,1,0.0,0.0,0.0
52073_G_GEN2,1,2,0.0,0.0,0.0
52073_G_GEN2,1,3,0.0,0.0,0.0
52073_G_GEN2,1,4,0.0,0.0,0.0
52073_G_GEN2,1,5,0.0,0.0,0.0
52073_G_GEN2,1,6,0.0,0.0,0.0
52073_G_GEN2,1,7,0.0,0.0,0.0
52073_G_GEN2,1,8,0.0,0.0,0.0
52073_G_GEN2,1,9,0.0,0.0,0.0
52073_G_GEN2,1,10,0.0,0.0,0.0
52073_G_GEN2,1,11,0.0,0.0,0.0
52073_G_GEN2,1,12,0.0,0.0,0.0
52073_G_GEN2,1,13,0.0,0.0,0.0
52073_G_GEN2,1,14,0.0,0.0,0.0
52073_G_GEN2,1,15,0.0,0.0,0.0
52073_G_GEN2,1,16,0.0,0.0,0.0
52073_G_GEN2,1,17,0.0,0.0,0.0
52073_G_GEN2,1,18,0.0,0.0,0.0
52073_G_GEN2,1,19,0.0,0.0,0.0
52073_G_GEN2,1,20,0.0,0.0,0.0
52073_G_GEN2,1,21,0.0,0.0,0.0
52073_G_GEN2,1,22,0.0,0.0,0.0
52073_G_GEN2,1,23,0.0,0.0,0.0
52073_G_GEN2,1,24,0.0,0.0,0.0
52073_G_GEN2,1,25,0.0,0.0,0.0
52073_G_GEN3,1,1,0.0,0.0,0.0
52073_G_GEN3,1,2,0.0,0.0,0.0
52073_G_GEN3,1,3,0.0,0.0,0.0
52073_G_GEN3,1,4,0.0,0.0,0.0
52073_G_GEN3,1,5,0.0,0.0,0.0
52073_G_GEN3,1,6,0.0,0.0,0.0
52073_G_GEN3,1,7,0.0,0.0,0.0
52073_G_GEN3,1,8,0.0,0.0,0.0
52073_G_GEN3,1,9,0.0,0.0,0.0
52073_G_GEN3,1,10,0.0,0.0,0.0
52073_G_GEN3,1,11,0.0,0.0,0.0
52073_G_GEN3,1,12,0.0,0.0,0.0
52073_G_GEN3,1,13,0.0,0.0,0.0
52073_G_GEN3,1,14,0.0,0.0,0.0
52073_G_GEN3,1,15,0.0,0.0,0.0
52073_G_GEN3,1,16,0.0,0.0,0.0
52073_G_GEN3,1,17,0.0,0.0,0.0
52073_G_GEN3,1,18,0.0,0.0,0.0
52073_G_GEN3,1,19,0.0,0.0,0.0
52073_G_GEN3,1,20,0.0,0.0,0.0
52073_G_GEN3,1,21,0.0,0.0,0.0
52073_G_GEN3,1,22,0.0,0.0,0.0
52073_G_GEN3,1,23,0.0,0.0,0.0
52073_G_GEN3,1,24,0.0,0.0,0.0
52073_G_GEN3,1,25,0.0,0.0,0.0
52158_G_GEN1,1,1,9.0,0.0,0.0
52158_G_GEN1,1,2,9.0,0.0,0.0
52158_G_GEN1,1,3,9.0,0.0,0.0
52158_G_GEN1,1,4,9.0,0.0,0.0
52158_G_GEN1,1,5,9.0,0.0,0.0
52158_G_GEN1,1,6,9.0,0.0,0.0
52158_G_GEN1,1,7,9.0,0.0,0.0
52158_G_GEN1,1,8,9.0,0.0,0.0
52158_G_GEN1,1,9,5.921999999999999,0.0,0.0
52158_G_GEN1,1,10,3.6,0.0,0.0
52158_G_GEN1,1,11,3.6,0.0,0.0
52158_G_GEN1,1,12,3.6,0.0,0.0
52158_G_GEN1,1,13,3.6,0.0,0.0
52158_G_GEN1,1,14,3.6,0.0,0.0
52158_G_GEN1,1,15,5.922,0.0,0.0
52158_G_GEN1,1,16,9.0,0.0,0.0
52158_G_GEN1,1,17,9.0,0.0,0.0
52158_G_GEN1,1,18,9.0,0.0,0.0
52158_G_GEN1,1,19,9.0,0.0,0.0
52158_G_GEN1,1,20,9.0,0.0,0.0
52158_G_GEN1,1,21,9.0,0.0,0.0
52158_G_GEN1,1,22,9.0,0.0,0.0
52158_G_GEN1,1,23,9.0,0.0,0.0
52158_G_GEN1,1,24,9.0,0.0,0.0
52158_G_GEN1,1,25,9.0,0.0,0.0
52158_G_GEN2,1,1,9.0,0.0,0.0
52158_G_GEN2,1,2,9.0,0.0,0.0
52158_G_GEN2,1,3,9.0,0.0,0.0
52158_G_GEN2,1,4,9.0,0.0,0.0
52158_G_GEN2,1,5,9.0,0.0,0.0
52158_G_GEN2,1,6,9.0,0.0,0.0
52158_G_GEN2,1,7,9.0,0.0,0.0
52158_G_GEN2,1,8,9.0,0.0,0.0
52158_G_GEN2,1,9,5.9219999999999935,0.0,2.3219999999999987
52158_G_GEN2,1,10,3.5999999999999996,0.0,0.0
52158_G_GEN2,1,11,3.5999999999999996,0.0,0.0
52158_G_GEN2,1,12,3.5999999999999996,0.0,0.0
52158_G_GEN2,1,13,3.5999999999999996,0.83876156334565,0.0
52158_G_GEN2,1,14,3.5999999999999996,5.4,0.0
52158_G_GEN2,1,15,5.9219999999999935,1.5714191558355242,2.3219999999999996
52158_G_GEN2,1,16,9.0,0.0,0.0
52158_G_GEN2,1,17,9.0,0.0,0.0
52158_G_GEN2,1,18,9.0,0.0,0.0
52158_G_GEN2,1,19,9.0,0.0,0.0
52158_G_GEN2,1,20,9.0,0.0,0.0
52158_G_GEN2,1,21,9.0,0.0,0.0
52158_G_GEN2,1,22,9.0,0.0,0.0
52158_G_GEN2,1,23,9.0,0.0,0.0
52158_G_GEN2,1,24,9.0,0.0,0.0
52158_G_GEN2,1,25,9.0,0.0,0.0
52169_G_B,1,1,0.0,0.0,0.0
52169_G_B,1,2,0.0,0.0,0.0
52169_G_B,1,3,0.0,0.0,0.0
52169_G_B,1,4,0.0,0.0,0.0
52169_G_B,1,5,0.0,0.0,0.0
52169_G_B,1,6,0.0,0.0,0.0
52169_G_B,1,7,0.0,0.0,0.0
52169_G_B,1,8,0.0,0.0,0.0
52169_G_B,1,9,0.0,0.0,0.0
52169_G_B,1,10,0.0,0.0,0.0
52169_G_B,1,11,0.0,0.0,0.0
52169_G_B,1,12,0.0,0.0,0.0
52169_G_B,1,13,0.0,0.0,0.0
52169_G_B,1,14,0.0,0.0,0.0
52169_G_B,1,15,0.0,0.0,0.0
52169_G_B,1,16,0.0,0.0,0.0
52169_G_B,1,17,0.0,0.0,0.0
52169_G_B,1,18,0.0,0.0,0.0
52169_G_B,1,19,0.0,0.0,0.0
52169_G_B,1,20,0.0,0.0,0.0
52169_G_B,1,21,0.0,0.0,0.0
52169_G_B,1,22,0.0,0.0,0.0
52169_G_B,1,23,0.0,0.0,0.0
52169_G_B,1,24,0.0,0.0,0.0
52169_G_B,1,25,0.0,0.0,0.0
535_G_1,1,1,0.0,0.0,0.0
535_G_1,1,2,0.0,0.0,0.0
535_G_1,1,3,0.0,0.0,0.0
535_G_1,1,4,0.0,0.0,0.0
535_G_1,1,5,0.0,0.0,0.0
535_G_1,1,6,0.0,0.0,0.0
535_G_1,1,7,0.0,0.0,0.0
535_G_1,1,8,0.0,0.0,0.0
535_G_1,1,9,0.0,0.0,0.0
535_G_1,1,10,0.0,0.0,0.0
535_G_1,1,11,0.0,0.0,0.0
535_G_1,1,12,0.0,0.0,0.0
535_G_1,1,13,0.0,0.0,0.0
535_G_1,1,14,0.0,0.0,0.0
535_G_1,1,15,0.0,0.0,0.0
535_G_1,1,16,0.0,0.0,0.0
535_G_1,1,17,0.0,0.0,0.0
535_G_1,1,18,0.0,0.0,0.0
535_G_1,1,19,0.0,0.0,0.0
535_G_1,1,20,0.0,0.0,0.0
535_G_1,1,21,0.0,0.0,0.0
535_G_1,1,22,0.0,0.0,0.0
535_G_1,1,23,0.0,0.0,0.0
535_G_1,1,24,0.0,0.0,0.0
535_G_1,1,25,0.0,0.0,0.0
54038_G_GEN1,1,1,13.5,0.0,0.0
54038_G_GEN1,1,2,13.5,0.0,0.0
54038_G_GEN1,1,3,13.5,0.0,0.0
54038_G_GEN1,1,4,13.5,0.0,0.0
54038_G_GEN1,1,5,13.5,0.0,0.0
54038_G_GEN1,1,6,13.5,0.0,0.0
54038_G_GEN1,1,7,13.5,0.0,0.0
54038_G_GEN1,1,8,13.5,0.0,0.0
54038_G_GEN1,1,9,8.883000000000001,0.0,0.0
54038_G_GEN1,1,10,5.4,0.0,0.0
54038_G_GEN1,1,11,5.4,0.0,0.0
54038_G_GEN1,1,12,5.4,0.0,0.0
54038_G_GEN1,1,13,5.4,0.0,0.0
54038_G_GEN1,1,14,5.4,0.0,0.0
54038_G_GEN1,1,15,8.883,0.0,0.0
54038_G_GEN1,1,16,13.5,0.0,0.0
54038_G_GEN1,1,17,13.5,0.0,0.0
54038_G_GEN1,1,18,13.5,0.0,0.0
54038_G_GEN1,1,19,13.5,0.0,0.0
54038_G_GEN1,1,20,13.5,0.0,0.0
54038_G_GEN1,1,21,13.5,0.0,0.0
54038_G_GEN1,1,22,13.5,0.0,0.0
54038_G_GEN1,1,23,13.5,0.0,0.0
54038_G_GEN1,1,24,13.5,0.0,0.0
54038_G_GEN1,1,25,13.5,0.0,0.0
54111_G_GE10,1,1,3.8,0.0,0.0
54111_G_GE10,1,2,3.8,0.0,0.0
54111_G_GE10,1,3,3.8,0.0,0.0
54111_G_GE10,1,4,3.8,0.0,0.0
54111_G_GE10,1,5,3.8,0.0,0.0
54111_G_GE10,1,6,3.8,0.0,0.0
54111_G_GE10,1,7,3.8,0.0,0.0
54111_G_GE10,1,8,3.8,0.0,0.0
54111_G_GE10,1,9,2.5003999999999995,0.0,0.0
54111_G_GE10,1,10,1.52,0.0,0.0
54111_G_GE10,1,11,1.52,0.0,0.0
54111_G_GE10,1,12,1.52,0.0,0.0
54111_G_GE10,1,13,1.52,0.0,0.0
54111_G_GE10,1,14,1.52,0.0,0.0
54111_G_GE10,1,15,2.5004,0.0,0.0
54111_G_GE10,1,16,3.8,0.0,0.0
54111_G_GE10,1,17,3.8,0.0,0.0
54111_G_GE10,1,18,3.8,0.0,0.0
54111_G_GE10,1,19,3.8,0.0,0.0
54111_G_GE10,1,20,3.8,0.0,0.0
54111_G_GE10,1,21,3.8,0.0,0.0
54111_G_GE10,1,22,3.8,0.0,0.0
54111_G_GE10,1,23,3.8,0.0,0.0
54111_G_GE10,1,24,3.8,0.0,0.0
54111_G_GE10,1,25,3.8,0.0,0.0
54111_G_GE11,1,1,3.8,0.0,0.0
54111_G_GE11,1,2,3.8,0.0,0.0
54111_G_GE11,1,3,3.8,0.0,0.0
54111_G_GE11,1,4,3.8,0.0,0.0
54111_G_GE11,1,5,3.8,0.0,0.0
54111_G_GE11,1,6,3.8,0.0,0.0
54111_G_GE11,1,7,3.8,0.0,0.0
54111_G_GE11,1,8,3.8,0.0,0.0
54111_G_GE11,1,9,2.5003999999999995,1.2996000000000003,0.9804000000000006
54111_G_GE11,1,10,1.52,2.28,0.0
54111_G_GE11,1,11,1.52,2.28,0.0
54111_G_GE11,1,12,1.52,2.28,0.0
54111_G_GE11,1,13,1.52,2.28,0.0
54111_G_GE11,1,14,1.52,2.28,0.0
54111_G_GE11,1,15,2.5004,1.2995999999999999,0.980400000000001
54111_G_GE11,1,16,3.8,0.0,0.0
54111_G_GE11,1,17,3.8,0.0,0.0
54111_G_GE11,1,18,3.8,0.0,0.0
54111_G_GE11,1,19,3.8,0.0,0.0
54111_G_GE11,1,20,3.8,0.0,0.0
54111_G_GE11,1,21,3.8,0.0,0.0
54111_G_GE11,1,22,3.8,0.0,0.0
54111_G_GE11,1,23,3.8,0.0,0.0
54111_G_GE11,1,24,3.8,0.0,0.0
54111_G_GE11,1,25,3.8,0.0,0.0
54111_G_GE12,1,1,3.8,0.0,0.0
54111_G_GE12,1,2,3.8,0.0,0.0
54111_G_GE12,1,3,3.8,0.0,0.0
54111_G_GE12,1,4,3.8,0.0,0.0
54111_G_GE12,1,5,3.8,0.0,0.0
54111_G_GE12,1,6,3.8,0.0,0.0
54111_G_GE12,1,7,3.8,0.0,0.0
54111_G_GE12,1,8,3.8,0.0,0.0
54111_G_GE12,1,9,2.500399999999999,0.0,0.0
54111_G_GE12,1,10,1.5199999999999998,0.0,0.0
54111_G_GE12,1,11,1.5199999999999998,0.0,0.0
54111_G_GE12,1,12,1.5199999999999998,0.0,0.0
54111_G_GE12,1,13,1.5199999999999998,0.0,0.0
54111_G_GE12,1,14,1.5199999999999998,0.0,0.0
54111_G_GE12,1,15,2.5004,0.0,0.0
54111_G_GE12,1,16,3.8,0.0,0.0
54111_G_GE12,1,17,3.8,0.0,0.0
54111_G_GE12,1,18,3.8,0.0,0.0
54111_G_GE12,1,19,3.8,0.0,0.0
54111_G_GE12,1,20,3.8,0.0,0.0
54111_G_GE12,1,21,3.8,0.0,0.0
54111_G_GE12,1,22,3.8,0.0,0.0
54111_G_GE12,1,23,3.8,0.0,0.0
54111_G_GE12,1,24,3.8,0.0,0.0
54111_G_GE12,1,25,3.8,0.0,0.0
54111_G_GE13,1,1,2.0,0.0,0.0
54111_G_GE13,1,2,2.0,0.0,0.0
54111_G_GE13,1,3,2.0,0.0,0.0
54111_G_GE13,1,4,2.0,0.0,0.0
54111_G_GE13,1,5,2.0,0.0,0.0
54111_G_GE13,1,6,2.0,0.0,0.0
54111_G_GE13,1,7,2.0,0.0,0.0
54111_G_GE13,1,8,2.0,0.0,0.0
54111_G_GE13,1,9,1.316,0.0,0.0
54111_G_GE13,1,10,0.8,0.0,0.0
54111_G_GE13,1,11,0.8,0.0,0.0
54111_G_GE13,1,12,0.8,0.0,0.0
54111_G_GE13,1,13,0.8,0.0,0.0
54111_G_GE13,1,14,0.8,0.0,0.0
54111_G_GE13,1,15,1.3159999999999998,0.0,0.0
54111_G_GE13,1,16,2.0,0.0,0.0
54111_G_GE13,1,17,2.0,0.0,0.0
54111_G_GE13,1,18,2.0,0.0,0.0
54111_G_GE13,1,19,2.0,0.0,0.0
54111_G_GE13,1,20,2.0,0.0,0.0
54111_G_GE13,1,21,2.0,0.0,0.0
54111_G_GE13,1,22,2.0,0.0,0.0
54111_G_GE13,1,23,2.0,0.0,0.0
54111_G_GE13,1,24,2.0,0.0,0.0
54111_G_GE13,1,25,2.0,0.0,0.0
54111_G_GEN1,1,1,3.0,0.0,0.0
54111_G_GEN1,1,2,3.0,0.0,0.0
54111_G_GEN1,1,3,3.0,0.0,0.0
54111_G_GEN1,1,4,3.0,0.0,0.0
54111_G_GEN1,1,5,3.0,0.0,0.0
54111_G_GEN1,1,6,3.0,0.0,0.0
54111_G_GEN1,1,7,3.0,0.0,0.0
54111_G_GEN1,1,8,3.0,0.0,0.0
54111_G_GEN1,1,9,1.9740000000000002,0.0,0.0
54111_G_GEN1,1,10,1.2000000000000002,0.0,0.0
54111_G_GEN1,1,11,1.2000000000000002,0.0,0.0
54111_G_GEN1,1,12,1.2000000000000002,0.0,0.0
54111_G_GEN1,1,13,1.2000000000000002,0.0,0.0
54111_G_GEN1,1,14,1.2000000000000002,0.0,0.0
54111_G_GEN1,1,15,1.974,0.0,0.0
54111_G_GEN1,1,16,3.0,0.0,0.0
54111_G_GEN1,1,17,3.0,0.0,0.0
54111_G_GEN1,1,18,3.0,0.0,0.0
54111_G_GEN1,1,19,3.0,0.0,0.0
54111_G_GEN1,1,20,3.0,0.0,0.0
54111_G_GEN1,1,21,3.0,0.0,0.0
54111_G_GEN1,1,22,3.0,0.0,0.0
54111_G_GEN1,1,23,3.0,0.0,0.0
54111_G_GEN1,1,24,3.0,0.0,0.0
54111_G_GEN1,1,25,3.0,0.0,0.0
54111_G_GEN14,1,1,12.0,0.0,0.0
54111_G_GEN14,1,2,12.0,0.0,0.0
54111_G_GEN14,1,3,12.0,0.0,0.0
54111_G_GEN14,1,4,12.0,0.0,0.0
54111_G_GEN14,1,5,12.0,0.0,0.0
54111_G_GEN14,1,6,12.0,0.0,0.0
54111_G_GEN14,1,7,12.0,0.0,0.0
54111_G_GEN14,1,8,12.0,0.0,0.0
54111_G_GEN14,1,9,7.895999999999992,0.0,3.0959999999999983
54111_G_GEN14,1,10,4.800000000000002,0.0,0.0
54111_G_GEN14,1,11,4.800000000000002,0.0,0.0
54111_G_GEN14,1,12,4.800000000000002,0.0,0.0
54111_G_GEN14,1,13,4.800000000000002,0.0,0.0
54111_G_GEN14,1,14,4.800000000000002,0.0,0.0
54111_G_GEN14,1,15,7.896,0.0,3.0959999999999983
54111_G_GEN14,1,16,12.0,0.0,0.0
54111_G_GEN14,1,17,12.0,0.0,0.0
54111_G_GEN14,1,18,12.0,0.0,0.0
54111_G_GEN14,1,19,12.0,0.0,0.0
54111_G_GEN14,1,20,12.0,0.0,0.0
54111_G_GEN14,1,21,12.0,0.0,0.0
54111_G_GEN14,1,22,12.0,0.0,0.0
54111_G_GEN14,1,23,12.0,0.0,0.0
54111_G_GEN14,1,24,12.0,0.0,0.0
54111_G_GEN14,1,25,12.0,0.0,0.0
54111_G_GEN2,1,1,3.0,0.0,0.0
54111_G_GEN2,1,2,3.0,0.0,0.0
54111_G_GEN2,1,3,3.0,0.0,0.0
54111_G_GEN2,1,4,3.0,0.0,0.0
54111_G_GEN2,1,5,3.0,0.0,0.0
54111_G_GEN2,1,6,3.0,0.0,0.0
54111_G_GEN2,1,7,3.0,0.0,0.0
54111_G_GEN2,1,8,3.0,0.0,0.0
54111_G_GEN2,1,9,1.9740000000000002,0.0,0.0
54111_G_GEN2,1,10,1.2000000000000002,0.0,0.0
54111_G_GEN2,1,11,1.2000000000000002,0.0,0.0
54111_G_GEN2,1,12,1.2000000000000002,0.0,0.0
54111_G_GEN2,1,13,1.2000000000000002,0.0,0.0
54111_G_GEN2,1,14,1.2000000000000002,0.0,0.0
54111_G_GEN2,1,15,1.974,0.0,0.0
54111_G_GEN2,1,16,3.0,0.0,0.0
54111_G_GEN2,1,17,3.0,0.0,0.0
54111_G_GEN2,1,18,3.0,0.0,0.0
54111_G_GEN2,1,19,3.0,0.0,0.0
54111_G_GEN2,1,20,3.0,0.0,0.0
54111_G_GEN2,1,21,3.0,0.0,0.0
54111_G_GEN2,1,22,3.0,0.0,0.0
54111_G_GEN2,1,23,3.0,0.0,0.0
54111_G_GEN2,1,24,3.0,0.0,0.0
54111_G_GEN2,1,25,3.0,0.0,0.0
54111_G_GEN3,1,1,3.0,0.0,0.0
54111_G_GEN3,1,2,3.0,0.0,0.0
54111_G_GEN3,1,3,3.0,0.0,0.0
54111_G_GEN3,1,4,3.0,0.0,0.0
54111_G_GEN3,1,5,3.0,0.0,0.0
54111_G_GEN3,1,6,3.0,0.0,0.0
54111_G_GEN3,1,7,3.0,0.0,0.0
54111_G_GEN3,1,8,3.0,0.0,0.0
54111_G_GEN3,1,9,1.9740000000000002,0.0,0.0
54111_G_GEN3,1,10,1.2000000000000002,0.0,0.0
54111_G_GEN3,1,11,1.2000000000000002,0.0,0.0
54111_G_GEN3,1,12,1.2000000000000002,0.0,0.0
54111_G_GEN3,1,13,1.2000000000000002,0.0,0.0
54111_G_GEN3,1,14,1.2000000000000002,0.0,0.0
54111_G_GEN3,1,15,1.974,0.0,0.0
54111_G_GEN3,1,16,3.0,0.0,0.0
54111_G_GEN3,1,17,3.0,0.0,0.0
54111_G_GEN3,1,18,3.0,0.0,0.0
54111_G_GEN3,1,19,3.0,0.0,0.0
54111_G_GEN3,1,20,3.0,0.0,0.0
54111_G_GEN3,1,21,3.0,0.0,0.0
54111_G_GEN3,1,22,3.0,0.0,0.0
54111_G_GEN3,1,23,3.0,0.0,0.0
54111_G_GEN3,1,24,3.0,0.0,0.0
54111_G_GEN3,1,25,3.0,0.0,0.0
54111_G_GEN4,1,1,3.0,0.0,0.0
54111_G_GEN4,1,2,3.0,0.0,0.0
54111_G_GEN4,1,3,3.0,0.0,0.0
54111_G_GEN4,1,4,3.0,0.0,0.0
54111_G_GEN4,1,5,3.0,0.0,0.0
54111_G_GEN4,1,6,3.0,0.0,0.0
54111_G_GEN4,1,7,3.0,0.0,0.0
54111_G_GEN4,1,8,3.0,0.0,0.0
54111_G_GEN4,1,9,1.9740000000000002,0.0,0.0
54111_G_GEN4,1,10,1.2000000000000002,0.0,0.0
54111_G_GEN4,1,11,1.2000000000000002,0.0,0.0
54111_G_GEN4,1,12,1.2000000000000002,0.0,0.0
54111_G_GEN4,1,13,1.2000000000000002,0.0,0.0
54111_G_GEN4,1,14,1.2000000000000002,0.0,0.0
54111_G_GEN4,1,15,1.974,0.0,0.0
54111_G_GEN4,1,16,3.0,0.0,0.0
54111_G_GEN4,1,17,3.0,0.0,0.0
54111_G_GEN4,1,18,3.0,0.0,0.0
54111_G_GEN4,1,19,3.0,0.0,0.0
54111_G_GEN4,1,20,3.0,0.0,0.0
54111_G_GEN4,1,21,3.0,0.0,0.0
54111_G_GEN4,1,22,3.0,0.0,0.0
54111_G_GEN4,1,23,3.0,0.0,0.0
54111_G_GEN4,1,24,3.0,0.0,0.0
54111_G_GEN4,1,25,3.0,0.0,0.0
54111_G_GEN5,1,1,3.0,0.0,0.0
54111_G_GEN5,1,2,3.0,0.0,0.0
54111_G_GEN5,1,3,3.0,0.0,0.0
54111_G_GEN5,1,4,3.0,0.0,0.0
54111_G_GEN5,1,5,3.0,0.0,0.0
54111_G_GEN5,1,6,3.0,0.0,0.0
54111_G_GEN5,1,7,3.0,0.0,0.0
54111_G_GEN5,1,8,3.0,0.0,0.0
54111_G_GEN5,1,9,1.9739999999999982,0.0,0.774
54111_G_GEN5,1,10,1.2000000000000002,0.0,0.0
54111_G_GEN5,1,11,1.2000000000000002,0.0,0.0
54111_G_GEN5,1,12,1.2000000000000002,0.0,0.0
54111_G_GEN5,1,13,1.2000000000000002,0.0,0.0
54111_G_GEN5,1,14,1.2000000000000002,0.0,0.0
54111_G_GEN5,1,15,1.974,0.0,0.0
54111_G_GEN5,1,16,3.0,0.0,0.0
54111_G_GEN5,1,17,3.0,0.0,0.0
54111_G_GEN5,1,18,3.0,0.0,0.0
54111_G_GEN5,1,19,3.0,0.0,0.0
54111_G_GEN5,1,20,3.0,0.0,0.0
54111_G_GEN5,1,21,3.0,0.0,0.0
54111_G_GEN5,1,22,3.0,0.0,0.0
54111_G_GEN5,1,23,3.0,0.0,0.0
54111_G_GEN5,1,24,3.0,0.0,0.0
54111_G_GEN5,1,25,3.0,0.0,0.0
54111_G_GEN6,1,1,3.0,0.0,0.0
54111_G_GEN6,1,2,3.0,0.0,0.0
54111_G_GEN6,1,3,3.0,0.0,0.0
54111_G_GEN6,1,4,3.0,0.0,0.0
54111_G_GEN6,1,5,3.0,0.0,0.0
54111_G_GEN6,1,6,3.0,0.0,0.0
54111_G_GEN6,1,7,3.0,0.0,0.0
54111_G_GEN6,1,8,3.0,0.0,0.0
54111_G_GEN6,1,9,1.9740000000000002,0.0,0.0
54111_G_GEN6,1,10,1.2000000000000002,0.0,0.0
54111_G_GEN6,1,11,1.2000000000000002,0.0,0.0
54111_G_GEN6,1,12,1.2000000000000002,0.0,0.0
54111_G_GEN6,1,13,1.2000000000000002,0.0,0.0
54111_G_GEN6,1,14,1.2000000000000002,0.0,0.0
54111_G_GEN6,1,15,1.974,0.0,0.0
54111_G_GEN6,1,16,3.0,0.0,0.0
54111_G_GEN6,1,17,3.0,0.0,0.0
54111_G_GEN6,1,18,3.0,0.0,0.0
54111_G_GEN6,1,19,3.0,0.0,0.0
54111_G_GEN6,1,20,3.0,0.0,0.0
54111_G_GEN6,1,21,3.0,0.0,0.0
54111_G_GEN6,1,22,3.0,0.0,0.0
54111_G_GEN6,1,23,3.0,0.0,0.0
54111_G_GEN6,1,24,3.0,0.0,0.0
54111_G_GEN6,1,25,3.0,0.0,0.0
54111_G_GEN7,1,1,3.8,0.0,0.0
54111_G_GEN7,1,2,3.8,0.0,0.0
54111_G_GEN7,1,3,3.8,0.0,0.0
54111_G_GEN7,1,4,3.8,0.0,0.0
54111_G_GEN7,1,5,3.8,0.0,0.0
54111_G_GEN7,1,6,3.8,0.0,0.0
54111_G_GEN7,1,7,3.8,0.0,0.0
54111_G_GEN7,1,8,3.8,0.0,0.0
54111_G_GEN7,1,9,2.500399999999999,0.0,0.0
54111_G_GEN7,1,10,1.5199999999999998,0.0,0.0
54111_G_GEN7,1,11,1.5199999999999998,0.0,0.0
54111_G_GEN7,1,12,1.5199999999999998,0.0,0.0
54111_G_GEN7,1,13,1.5199999999999998,0.0,0.0
54111_G_GEN7,1,14,1.5199999999999998,0.0,0.0
54111_G_GEN7,1,15,2.5004,0.0,0.0
54111_G_GEN7,1,16,3.8,0.0,0.0
54111_G_GEN7,1,17,3.8,0.0,0.0
54111_G_GEN7,1,18,3.8,0.0,0.0
54111_G_GEN7,1,19,3.8,0.0,0.0
54111_G_GEN7,1,20,3.8,0.0,0.0
54111_G_GEN7,1,21,3.8,0.0,0.0
54111_G_GEN7,1,22,3.8,0.0,0.0
54111_G_GEN7,1,23,3.8,0.0,0.0
54111_G_GEN7,1,24,3.8,0.0,0.0
54111_G_GEN7,1,25,3.8,0.0,0.0
54111_G_GEN8,1,1,3.8,0.0,0.0
54111_G_GEN8,1,2,3.8,0.0,0.0
54111_G_GEN8,1,3,3.8,0.0,0.0
54111_G_GEN8,1,4,3.8,0.0,0.0
54111_G_GEN8,1,5,3.8,0.0,0.0
54111_G_GEN8,1,6,3.8,0.0,0.0
54111_G_GEN8,1,7,3.8,0.0,2.28
54111_G_GEN8,1,8,3.8,0.0,0.0
54111_G_GEN8,1,9,2.5004000000000017,1.2996000000000003,0.9804000000000037
54111_G_GEN8,1,10,1.52,2.28,0.0
54111_G_GEN8,1,11,1.52,2.28,0.0
54111_G_GEN8,1,12,1.52,2.28,0.0
54111_G_GEN8,1,13,1.52,2.28,0.0
54111_G_GEN8,1,14,1.52,2.28,0.0
54111_G_GEN8,1,15,2.5004,1.2995999999999999,0.9804000000000037
54111_G_GEN8,1,16,3.8,0.0,2.28
54111_G_GEN8,1,17,3.8,0.0,2.28
54111_G_GEN8,1,18,3.8,0.0,2.28
54111_G_GEN8,1,19,3.8,0.0,2.28
54111_G_GEN8,1,20,3.8,0.0,2.28
54111_G_GEN8,1,21,3.8,0.0,2.28
54111_G_GEN8,1,22,3.8,0.0,2.28
54111_G_GEN8,1,23,3.8,0.0,2.28
54111_G_GEN8,1,24,3.8,0.0,2.28
54111_G_GEN8,1,25,3.8,0.0,0.0
54111_G_GEN9,1,1,3.8,0.0,0.0
54111_G_GEN9,1,2,3.8,0.0,0.0
54111_G_GEN9,1,3,3.8,0.0,0.0
54111_G_GEN9,1,4,3.8,0.0,0.0
54111_G_GEN9,1,5,3.8,0.0,0.0
54111_G_GEN9,1,6,3.8,0.0,0.0
54111_G_GEN9,1,7,3.8,0.0,0.0
54111_G_GEN9,1,8,3.8,0.0,0.0
54111_G_GEN9,1,9,2.500399999999999,0.0,0.0
54111_G_GEN9,1,10,1.5199999999999998,0.0,0.0
54111_G_GEN9,1,11,1.5199999999999998,0.0,0.0
54111_G_GEN9,1,12,1.5199999999999998,0.0,0.0
54111_G_GEN9,1,13,1.5199999999999998,0.0,0.0
54111_G_GEN9,1,14,1.5199999999999998,0.0,0.0
54111_G_GEN9,1,15,2.5004,0.0,0.0
54111_G_GEN9,1,16,3.8,0.0,0.0
54111_G_GEN9,1,17,3.8,0.0,0.0
54111_G_GEN9,1,18,3.8,0.0,0.0
54111_G_GEN9,1,19,3.8,0.0,0.0
54111_G_GEN9,1,20,3.8,0.0,0.0
54111_G_GEN9,1,21,3.8,0.0,0.0
54111_G_GEN9,1,22,3.8,0.0,0.0
54111_G_GEN9,1,23,3.8,0.0,0.0
54111_G_GEN9,1,24,3.8,0.0,0.0
54111_G_GEN9,1,25,3.8,0.0,0.0
54238_B_BIOMS1,1,1,111.1,0.0,0.0
54238_B_BIOMS1,1,2,111.1,0.0,0.0
54238_B_BIOMS1,1,3,111.1,0.0,0.0
54238_B_BIOMS1,1,4,111.1,0.0,0.0
54238_B_BIOMS1,1,5,111.1,0.0,0.0
54238_B_BIOMS1,1,6,111.1,0.0,0.0
54238_B_BIOMS1,1,7,111.1,0.0,0.0
54238_B_BIOMS1,1,8,44.44,0.0,0.0
54238_B_BIOMS1,1,9,44.44,0.0,0.0
54238_B_BIOMS1,1,10,44.44,0.0,0.0
54238_B_BIOMS1,1,11,44.44,0.0,0.0
54238_B_BIOMS1,1,12,44.44,0.0,0.0
54238_B_BIOMS1,1,13,44.44,0.0,0.0
54238_B_BIOMS1,1,14,44.44,0.0,0.0
54238_B_BIOMS1,1,15,44.44,0.0,0.0
54238_B_BIOMS1,1,16,111.1,0.0,0.0
54238_B_BIOMS1,1,17,111.1,0.0,0.0
54238_B_BIOMS1,1,18,111.1,0.0,0.0
54238_B_BIOMS1,1,19,111.1,0.0,0.0
54238_B_BIOMS1,1,20,111.1,0.0,0.0
54238_B_BIOMS1,1,21,111.1,0.0,0.0
54238_B_BIOMS1,1,22,111.1,0.0,0.0
54238_B_BIOMS1,1,23,111.1,0.0,0.0
54238_B_BIOMS1,1,24,111.1,0.0,0.0
54238_B_BIOMS1,1,25,111.1,0.0,0.0
54689_G_1,1,1,38.0,0.0,22.8
54689_G_1,1,2,37.99999999936923,0.0,22.79999999936925
54689_G_1,1,3,38.0,0.0,22.8
54689_G_1,1,4,38.0,0.0,22.8
54689_G_1,1,5,38.0,0.0,22.8
54689_G_1,1,6,38.0,0.0,22.8
54689_G_1,1,7,38.0,0.0,22.8
54689_G_1,1,8,38.0,0.0,22.8
54689_G_1,1,9,25.003999999999998,12.996000000000002,9.803999999999998
54689_G_1,1,10,38.0,0.0,22.8
54689_G_1,1,11,38.0,0.0,22.8
54689_G_1,1,12,38.0,0.0,22.8
54689_G_1,1,13,38.0,0.0,22.8
54689_G_1,1,14,37.99999999962904,0.0,22.799999999629055
54689_G_1,1,15,25.003999999999998,12.996000000000002,9.803999999999998
54689_G_1,1,16,38.0,0.0,22.8
54689_G_1,1,17,38.0,0.0,22.8
54689_G_1,1,18,38.0,0.0,22.8
54689_G_1,1,19,38.0,0.0,22.8
54689_G_1,1,20,38.0,0.0,22.8
54689_G_1,1,21,38.0,0.0,22.8
54689_G_1,1,22,38.0,0.0,22.8
54689_G_1,1,23,38.0,0.0,22.8
54689_G_1,1,24,38.0,0.0,22.8
54689_G_1,1,25,38.0,0.0,22.8
54689_G_2,1,1,5.0,0.0,0.0
54689_G_2,1,2,5.0,0.0,0.0
54689_G_2,1,3,5.0,0.0,0.0
54689_G_2,1,4,5.0,0.0,0.0
54689_G_2,1,5,5.0,0.0,0.0
54689_G_2,1,6,5.0,0.0,0.0
54689_G_2,1,7,5.0,0.0,0.0
54689_G_2,1,8,5.0,0.0,0.0
54689_G_2,1,9,3.29,0.0,0.0
54689_G_2,1,10,2.0,0.0,0.0
54689_G_2,1,11,2.0,0.0,0.0
54689_G_2,1,12,2.0,0.0,0.0
54689_G_2,1,13,2.0,0.0,0.0
54689_G_2,1,14,2.0,0.0,0.0
54689_G_2,1,15,3.29,0.0,0.0
54689_G_2,1,16,5.0,0.0,0.0
54689_G_2,1,17,5.0,0.0,0.0
54689_G_2,1,18,5.0,0.0,0.0
54689_G_2,1,19,5.0,0.0,0.0
54689_G_2,1,20,5.0,0.0,0.0
54689_G_2,1,21,5.0,0.0,0.0
54689_G_2,1,22,5.0,0.0,0.0
54689_G_2,1,23,5.0,0.0,0.0
54689_G_2,1,24,5.0,0.0,0.0
54689_G_2,1,25,5.0,0.0,0.0
54689_G_3,1,1,2.5,0.0,0.0
54689_G_3,1,2,2.5,0.0,0.0
54689_G_3,1,3,2.5,0.0,0.0
54689_G_3,1,4,2.5,0.0,0.0
54689_G_3,1,5,2.5,0.0,0.0
54689_G_3,1,6,2.5,0.0,0.0
54689_G_3,1,7,2.5,0.0,0.0
54689_G_3,1,8,2.5,0.0,0.0
54689_G_3,1,9,1.645,0.0,0.0
54689_G_3,1,10,1.0,0.0,0.0
54689_G_3,1,11,1.0,0.0,0.0
54689_G_3,1,12,1.0,0.0,0.0
54689_G_3,1,13,1.0,0.0,0.0
54689_G_3,1,14,1.0,0.0,0.0
54689_G_3,1,15,1.645,0.0,0.0
54689_G_3,1,16,2.5,0.0,0.0
54689_G_3,1,17,2.5,0.0,0.0
54689_G_3,1,18,2.5,0.0,0.0
54689_G_3,1,19,2.5,0.0,0.0
54689_G_3,1,20,2.5,0.0,0.0
54689_G_3,1,21,2.5,0.0,0.0
54689_G_3,1,22,2.5,0.0,0.0
54689_G_3,1,23,2.5,0.0,0.0
54689_G_3,1,24,2.5,0.0,0.0
54689_G_3,1,25,2.5,0.0,0.0
54724_G_OEC21,1,1,11.5,0.0,0.0
54724_G_OEC21,1,2,11.5,0.0,0.0
54724_G_OEC21,1,3,11.5,0.0,0.0
54724_G_OEC21,1,4,11.5,0.0,0.0
54724_G_OEC21,1,5,11.5,0.0,0.0
54724_G_OEC21,1,6,11.5,0.0,0.0
54724_G_OEC21,1,7,11.5,0.0,2.2743329219534045
54724_G_OEC21,1,8,11.5,0.0,0.0
54724_G_OEC21,1,9,7.567,3.9330000000000007,2.9669999999999996
54724_G_OEC21,1,10,4.6000000000000005,6.8999999999999995,0.0
54724_G_OEC21,1,11,4.6000000000000005,6.8999999999999995,0.0
54724_G_OEC21,1,12,4.6000000000000005,6.8999999999999995,0.0
54724_G_OEC21,1,13,4.6000000000000005,6.8999999999999995,0.0
54724_G_OEC21,1,14,4.6000000000000005,6.8999999999999995,0.0
54724_G_OEC21,1,15,7.566999999999995,3.933000000000005,2.9669999999999996
54724_G_OEC21,1,16,11.5,0.0,0.0
54724_G_OEC21,1,17,11.5,0.0,0.0
54724_G_OEC21,1,18,11.5,0.0,0.0
54724_G_OEC21,1,19,11.5,0.0,0.0
54724_G_OEC21,1,20,11.5,0.0,0.0
54724_G_OEC21,1,21,11.5,0.0,0.0
54724_G_OEC21,1,22,11.5,0.0,0.0
54724_G_OEC21,1,23,11.5,0.0,0.0
54724_G_OEC21,1,24,11.5,0.0,0.0
54724_G_OEC21,1,25,11.5,0.0,0.0
54724_G_OEC22,1,1,8.5,0.0,0.0
54724_G_OEC22,1,2,8.5,0.0,0.0
54724_G_OEC22,1,3,8.5,0.0,0.0
54724_G_OEC22,1,4,8.5,0.0,0.0
54724_G_OEC22,1,5,8.5,0.0,0.0
54724_G_OEC22,1,6,8.5,0.0,0.0
54724_G_OEC22,1,7,8.5,0.0,0.0
54724_G_OEC22,1,8,8.5,0.0,0.0
54724_G_OEC22,1,9,5.593,2.907,2.1929999999999996
54724_G_OEC22,1,10,3.4000000000000004,5.1,0.0
54724_G_OEC22,1,11,3.4000000000000004,5.1,0.0
54724_G_OEC22,1,12,3.4000000000000004,5.1,0.0
54724_G_OEC22,1,13,3.4000000000000004,5.1,0.0
54724_G_OEC22,1,14,3.4000000000000004,5.1,0.0
54724_G_OEC22,1,15,5.593,2.907,2.1929999999999996
54724_G_OEC22,1,16,8.5,0.0,0.0
54724_G_OEC22,1,17,8.5,0.0,0.0
54724_G_OEC22,1,18,8.5,0.0,0.0
54724_G_OEC22,1,19,8.5,0.0,0.0
54724_G_OEC22,1,20,8.5,0.0,0.0
54724_G_OEC22,1,21,8.5,0.0,0.0
54724_G_OEC22,1,22,8.5,0.0,0.0
54724_G_OEC22,1,23,8.5,0.0,0.0
54724_G_OEC22,1,24,8.5,0.0,0.0
54724_G_OEC22,1,25,8.5,0.0,0.0
54749_G_CTG,1,1,0.0,0.0,0.0
54749_G_CTG,1,2,0.0,0.0,0.0
54749_G_CTG,1,3,0.0,0.0,0.0
54749_G_CTG,1,4,0.0,0.0,0.0
54749_G_CTG,1,5,0.0,0.0,0.0
54749_G_CTG,1,6,0.0,0.0,0.0
54749_G_CTG,1,7,0.0,0.0,0.0
54749_G_CTG,1,8,0.0,0.0,0.0
54749_G_CTG,1,9,0.0,0.0,0.0
54749_G_CTG,1,10,0.0,0.0,0.0
54749_G_CTG,1,11,0.0,0.0,0.0
54749_G_CTG,1,12,0.0,0.0,0.0
54749_G_CTG,1,13,0.0,0.0,0.0
54749_G_CTG,1,14,0.0,0.0,0.0
54749_G_CTG,1,15,0.0,0.0,0.0
54749_G_CTG,1,16,0.0,0.0,0.0
54749_G_CTG,1,17,0.0,0.0,0.0
54749_G_CTG,1,18,0.0,0.0,0.0
54749_G_CTG,1,19,0.0,0.0,0.0
54749_G_CTG,1,20,0.0,0.0,0.0
54749_G_CTG,1,21,0.0,0.0,0.0
54749_G_CTG,1,22,0.0,0.0,0.0
54749_G_CTG,1,23,0.0,0.0,0.0
54749_G_CTG,1,24,0.0,0.0,0.0
54749_G_CTG,1,25,0.0,0.0,0.0
54749_G_STG,1,1,0.0,0.0,0.0
54749_G_STG,1,2,0.0,0.0,0.0
54749_G_STG,1,3,0.0,0.0,0.0
54749_G_STG,1,4,0.0,0.0,0.0
54749_G_STG,1,5,0.0,0.0,0.0
54749_G_STG,1,6,0.0,0.0,0.0
54749_G_STG,1,7,0.0,0.0,0.0
54749_G_STG,1,8,0.0,0.0,0.0
54749_G_STG,1,9,0.0,0.0,0.0
54749_G_STG,1,10,0.0,0.0,0.0
54749_G_STG,1,11,0.0,0.0,0.0
54749_G_STG,1,12,0.0,0.0,0.0
54749_G_STG,1,13,0.0,0.0,0.0
54749_G_STG,1,14,0.0,0.0,0.0
54749_G_STG,1,15,0.0,0.0,0.0
54749_G_STG,1,16,0.0,0.0,0.0
54749_G_STG,1,17,0.0,0.0,0.0
54749_G_STG,1,18,0.0,0.0,0.0
54749_G_STG,1,19,0.0,0.0,0.0
54749_G_STG,1,20,0.0,0.0,0.0
54749_G_STG,1,21,0.0,0.0,0.0
54749_G_STG,1,22,0.0,0.0,0.0
54749_G_STG,1,23,0.0,0.0,0.0
54749_G_STG,1,24,0.0,0.0,0.0
54749_G_STG,1,25,0.0,0.0,0.0
54996_G_4100,1,1,44.0,0.0,0.0
54996_G_4100,1,2,44.0,0.0,0.0
54996_G_4100,1,3,44.0,0.0,0.0
54996_G_4100,1,4,44.0,0.0,0.0
54996_G_4100,1,5,44.0,0.0,0.0
54996_G_4100,1,6,44.0,0.0,0.0
54996_G_4100,1,7,44.0,0.0,26.4
54996_G_4100,1,8,44.0,0.0,0.0
54996_G_4100,1,9,28.951999999999998,15.048000000000002,11.351999999999997
54996_G_4100,1,10,17.6,26.4,0.0
54996_G_4100,1,11,17.6,26.4,0.0
54996_G_4100,1,12,17.6,26.4,0.0
54996_G_4100,1,13,17.6,26.4,0.0
54996_G_4100,1,14,17.6,26.4,0.0
54996_G_4100,1,15,28.951999999999973,15.048000000000027,11.351999999999997
54996_G_4100,1,16,44.0,0.0,5.905893594587692
54996_G_4100,1,17,44.0,0.0,15.574834484849802
54996_G_4100,1,18,44.0,0.0,9.994470840615156
54996_G_4100,1,19,44.0,0.0,12.536169607940831
54996_G_4100,1,20,44.0,0.0,15.577331540704712
54996_G_4100,1,21,44.0,0.0,8.656130657242766
54996_G_4100,1,22,44.0,0.0,2.7315314127804466
54996_G_4100,1,23,44.0,0.0,2.508461949183893
54996_G_4100,1,24,44.0,0.0,9.475649461573123
54996_G_4100,1,25,44.0,0.0,0.0
55084_G_GE1,1,1,247.4,0.0,0.0
55084_G_GE1,1,2,247.4,0.0,0.0
55084_G_GE1,1,3,247.4,0.0,0.0
55084_G_GE1,1,4,247.4,0.0,0.0
55084_G_GE1,1,5,247.4,0.0,0.0
55084_G_GE1,1,6,247.4,0.0,0.0
55084_G_GE1,1,7,177.63320000000004,69.76679999999996,0.0
55084_G_GE1,1,8,98.96000000000001,132.1184137027781,0.0
55084_G_GE1,1,9,98.96,0.0,0.0
55084_G_GE1,1,10,98.96,0.0,0.0
55084_G_GE1,1,11,98.96000000000001,0.0,1.4210854715202004e-14
55084_G_GE1,1,12,98.96000000000001,0.0,1.4210854715202004e-14
55084_G_GE1,1,13,98.96,0.0,0.0
55084_G_GE1,1,14,98.96,0.0,0.0
55084_G_GE1,1,15,98.96,0.0,0.0
55084_G_GE1,1,16,98.96000000000001,146.4873373671653,0.0
55084_G_GE1,1,17,177.63320000000004,69.76679999999998,0.0
55084_G_GE1,1,18,247.4,0.0,0.0
55084_G_GE1,1,19,247.4,0.0,0.0
55084_G_GE1,1,20,247.4,0.0,0.0
55084_G_GE1,1,21,247.4,0.0,0.0
55084_G_GE1,1,22,247.4,0.0,0.0
55084_G_GE1,1,23,247.4,0.0,0.0
55084_G_GE1,1,24,247.4,0.0,0.0
55084_G_GE1,1,25,247.4,0.0,0.0
55112_G_CT01,1,1,0.0,0.0,0.0
55112_G_CT01,1,2,0.0,0.0,0.0
55112_G_CT01,1,3,0.0,0.0,0.0
55112_G_CT01,1,4,0.0,0.0,0.0
55112_G_CT01,1,5,0.0,0.0,0.0
55112_G_CT01,1,6,0.0,0.0,0.0
55112_G_CT01,1,7,0.0,0.0,0.0
55112_G_CT01,1,8,0.0,0.0,0.0
55112_G_CT01,1,9,0.0,0.0,0.0
55112_G_CT01,1,10,0.0,0.0,0.0
55112_G_CT01,1,11,0.0,0.0,0.0
55112_G_CT01,1,12,0.0,0.0,0.0
55112_G_CT01,1,13,0.0,0.0,0.0
55112_G_CT01,1,14,0.0,0.0,0.0
55112_G_CT01,1,15,0.0,0.0,0.0
55112_G_CT01,1,16,0.0,0.0,0.0
55112_G_CT01,1,17,0.0,0.0,0.0
55112_G_CT01,1,18,0.0,0.0,0.0
55112_G_CT01,1,19,0.0,0.0,0.0
55112_G_CT01,1,20,0.0,0.0,0.0
55112_G_CT01,1,21,0.0,0.0,0.0
55112_G_CT01,1,22,0.0,0.0,0.0
55112_G_CT01,1,23,0.0,0.0,0.0
55112_G_CT01,1,24,0.0,0.0,0.0
55112_G_CT01,1,25,0.0,0.0,0.0
55112_G_CT02,1,1,0.0,0.0,0.0
55112_G_CT02,1,2,0.0,0.0,0.0
55112_G_CT02,1,3,0.0,0.0,0.0
55112_G_CT02,1,4,0.0,0.0,0.0
55112_G_CT02,1,5,0.0,0.0,0.0
55112_G_CT02,1,6,0.0,0.0,0.0
55112_G_CT02,1,7,0.0,0.0,0.0
55112_G_CT02,1,8,0.0,0.0,0.0
55112_G_CT02,1,9,0.0,0.0,0.0
55112_G_CT02,1,10,0.0,0.0,0.0
55112_G_CT02,1,11,0.0,0.0,0.0
55112_G_CT02,1,12,0.0,0.0,0.0
55112_G_CT02,1,13,0.0,0.0,0.0
55112_G_CT02,1,14,0.0,0.0,0.0
55112_G_CT02,1,15,0.0,0.0,0.0
55112_G_CT02,1,16,0.0,0.0,0.0
55112_G_CT02,1,17,0.0,0.0,0.0
55112_G_CT02,1,18,0.0,0.0,0.0
55112_G_CT02,1,19,0.0,0.0,0.0
55112_G_CT02,1,20,0.0,0.0,0.0
55112_G_CT02,1,21,0.0,0.0,0.0
55112_G_CT02,1,22,0.0,0.0,0.0
55112_G_CT02,1,23,0.0,0.0,0.0
55112_G_CT02,1,24,0.0,0.0,0.0
55112_G_CT02,1,25,0.0,0.0,0.0
55112_G_ST01,1,1,0.0,0.0,0.0
55112_G_ST01,1,2,0.0,0.0,0.0
55112_G_ST01,1,3,0.0,0.0,0.0
55112_G_ST01,1,4,0.0,0.0,0.0
55112_G_ST01,1,5,0.0,0.0,0.0
55112_G_ST01,1,6,0.0,0.0,0.0
55112_G_ST01,1,7,0.0,0.0,0.0
55112_G_ST01,1,8,0.0,0.0,0.0
55112_G_ST01,1,9,0.0,0.0,0.0
55112_G_ST01,1,10,0.0,0.0,0.0
55112_G_ST01,1,11,0.0,0.0,0.0
55112_G_ST01,1,12,0.0,0.0,0.0
55112_G_ST01,1,13,0.0,0.0,0.0
55112_G_ST01,1,14,0.0,0.0,0.0
55112_G_ST01,1,15,0.0,0.0,0.0
55112_G_ST01,1,16,0.0,0.0,0.0
55112_G_ST01,1,17,0.0,0.0,0.0
55112_G_ST01,1,18,0.0,0.0,0.0
55112_G_ST01,1,19,0.0,0.0,0.0
55112_G_ST01,1,20,0.0,0.0,0.0
55112_G_ST01,1,21,0.0,0.0,0.0
55112_G_ST01,1,22,0.0,0.0,0.0
55112_G_ST01,1,23,0.0,0.0,0.0
55112_G_ST01,1,24,0.0,0.0,0.0
55112_G_ST01,1,25,0.0,0.0,0.0
55151_G_GEN1,1,1,97.48000000000002,0.0,0.0
55151_G_GEN1,1,2,97.48000000000002,0.0,0.0
55151_G_GEN1,1,3,97.48000000000002,0.0,0.0
55151_G_GEN1,1,4,97.48,0.0,0.0
55151_G_GEN1,1,5,97.48000000000002,0.0,0.0
55151_G_GEN1,1,6,174.97660000000002,0.0,0.0
55151_G_GEN1,1,7,0.0,0.0,0.0
55151_G_GEN1,1,8,0.0,0.0,0.0
55151_G_GEN1,1,9,0.0,0.0,0.0
55151_G_GEN1,1,10,0.0,0.0,0.0
55151_G_GEN1,1,11,0.0,0.0,0.0
55151_G_GEN1,1,12,0.0,0.0,0.0
55151_G_GEN1,1,13,0.0,0.0,0.0
55151_G_GEN1,1,14,0.0,0.0,0.0
55151_G_GEN1,1,15,0.0,0.0,0.0
55151_G_GEN1,1,16,0.0,0.0,0.0
55151_G_GEN1,1,17,0.0,0.0,0.0
55151_G_GEN1,1,18,166.2033999999999,0.0,0.0
55151_G_GEN1,1,19,243.7,0.0,0.0
55151_G_GEN1,1,20,243.7,0.0,0.0
55151_G_GEN1,1,21,243.7,0.0,0.0
55151_G_GEN1,1,22,243.69999999999635,0.0,0.0
55151_G_GEN1,1,23,243.7,0.0,0.0
55151_G_GEN1,1,24,243.7,0.0,0.0
55151_G_GEN1,1,25,97.48,0.0,0.0
55151_G_GEN2,1,1,96.64000000000001,0.0,0.0
55151_G_GEN2,1,2,96.64000000000001,0.0,0.0
55151_G_GEN2,1,3,96.64000000000001,0.0,0.0
55151_G_GEN2,1,4,96.64,0.0,0.0
55151_G_GEN2,1,5,96.63999999999993,0.0,0.0
55151_G_GEN2,1,6,173.46879999999996,0.0,0.0
55151_G_GEN2,1,7,0.0,0.0,0.0
55151_G_GEN2,1,8,0.0,0.0,0.0
55151_G_GEN2,1,9,0.0,0.0,0.0
55151_G_GEN2,1,10,0.0,0.0,0.0
55151_G_GEN2,1,11,0.0,0.0,0.0
55151_G_GEN2,1,12,0.0,0.0,0.0
55151_G_GEN2,1,13,0.0,0.0,0.0
55151_G_GEN2,1,14,0.0,0.0,0.0
55151_G_GEN2,1,15,0.0,0.0,0.0
55151_G_GEN2,1,16,0.0,0.0,0.0
55151_G_GEN2,1,17,0.0,0.0,0.0
55151_G_GEN2,1,18,164.77119999999994,0.0,0.0
55151_G_GEN2,1,19,241.6,0.0,0.0
55151_G_GEN2,1,20,241.6,0.0,0.0
55151_G_GEN2,1,21,241.6,0.0,0.0
55151_G_GEN2,1,22,241.6,0.0,0.0
55151_G_GEN2,1,23,241.6,0.0,0.0
55151_G_GEN2,1,24,241.6,0.0,0.0
55151_G_GEN2,1,25,96.64000000000001,0.0,0.0
55151_G_GEN3,1,1,0.0,0.0,0.0
55151_G_GEN3,1,2,0.0,0.0,0.0
55151_G_GEN3,1,3,0.0,0.0,0.0
55151_G_GEN3,1,4,0.0,0.0,0.0
55151_G_GEN3,1,5,0.0,0.0,0.0
55151_G_GEN3,1,6,0.0,0.0,0.0
55151_G_GEN3,1,7,0.0,0.0,0.0
55151_G_GEN3,1,8,0.0,0.0,0.0
55151_G_GEN3,1,9,0.0,0.0,0.0
55151_G_GEN3,1,10,0.0,0.0,0.0
55151_G_GEN3,1,11,0.0,0.0,0.0
55151_G_GEN3,1,12,0.0,0.0,0.0
55151_G_GEN3,1,13,0.0,0.0,0.0
55151_G_GEN3,1,14,0.0,0.0,0.0
55151_G_GEN3,1,15,0.0,0.0,0.0
55151_G_GEN3,1,16,0.0,0.0,0.0
55151_G_GEN3,1,17,0.0,0.0,0.0
55151_G_GEN3,1,18,161.90679999999995,0.0,0.0
55151_G_GEN3,1,19,237.4,0.0,0.0
55151_G_GEN3,1,20,237.4,0.0,0.0
55151_G_GEN3,1,21,237.4,0.0,0.0
55151_G_GEN3,1,22,237.4,0.0,0.0
55151_G_GEN3,1,23,237.4,0.0,0.0
55151_G_GEN3,1,24,237.4,0.0,0.0
55151_G_GEN3,1,25,94.96000000000001,0.0,0.0
55151_G_GEN4,1,1,97.07999999999998,0.0,0.0
55151_G_GEN4,1,2,97.07999999999998,0.0,0.0
55151_G_GEN4,1,3,97.07999999999998,0.0,0.0
55151_G_GEN4,1,4,97.08,0.0,0.0
55151_G_GEN4,1,5,97.08000000000003,0.0,0.0
55151_G_GEN4,1,6,174.25860000000003,0.0,0.0
55151_G_GEN4,1,7,0.0,0.0,0.0
55151_G_GEN4,1,8,0.0,0.0,0.0
55151_G_GEN4,1,9,0.0,0.0,0.0
55151_G_GEN4,1,10,0.0,0.0,0.0
55151_G_GEN4,1,11,0.0,0.0,0.0
55151_G_GEN4,1,12,0.0,0.0,0.0
55151_G_GEN4,1,13,0.0,0.0,0.0
55151_G_GEN4,1,14,0.0,0.0,0.0
55151_G_GEN4,1,15,0.0,0.0,0.0
55151_G_GEN4,1,16,0.0,0.0,0.0
55151_G_GEN4,1,17,0.0,0.0,0.0
55151_G_GEN4,1,18,165.52139999999994,0.0,0.0
55151_G_GEN4,1,19,242.7,0.0,0.0
55151_G_GEN4,1,20,242.7,0.0,0.0
55151_G_GEN4,1,21,242.7,0.0,0.0
55151_G_GEN4,1,22,242.7,0.0,0.0
55151_G_GEN4,1,23,242.7,0.0,0.0
55151_G_GEN4,1,24,242.7,0.0,0.0
55151_G_GEN4,1,25,97.07999999999998,0.0,0.0
55182_G_STG,1,1,98.0,0.0,0.0
55182_G_STG,1,2,98.0,0.0,0.0
55182_G_STG,1,3,98.0,0.0,0.0
55182_G_STG,1,4,98.0,0.0,0.0
55182_G_STG,1,5,98.0,0.0,0.0
55182_G_STG,1,6,175.91,0.0,0.0
55182_G_STG,1,7,0.0,0.0,0.0
55182_G_STG,1,8,0.0,0.0,0.0
55182_G_STG,1,9,0.0,0.0,0.0
55182_G_STG,1,10,0.0,0.0,0.0
55182_G_STG,1,11,0.0,0.0,0.0
55182_G_STG,1,12,0.0,0.0,0.0
55182_G_STG,1,13,0.0,0.0,0.0
55182_G_STG,1,14,0.0,0.0,0.0
55182_G_STG,1,15,0.0,0.0,0.0
55182_G_STG,1,16,0.0,0.0,0.0
55182_G_STG,1,17,0.0,0.0,0.0
55182_G_STG,1,18,167.08999999999995,0.0,0.0
55182_G_STG,1,19,245.0,0.0,0.0
55182_G_STG,1,20,245.0,0.0,0.0
55182_G_STG,1,21,245.0,0.0,0.0
55182_G_STG,1,22,245.0,0.0,0.0
55182_G_STG,1,23,245.0,0.0,0.0
55182_G_STG,1,24,245.0,0.0,0.0
55182_G_STG,1,25,98.0,0.0,0.0
55182_G_X718,1,1,60.0,0.0,0.0
55182_G_X718,1,2,60.0,0.0,0.0
55182_G_X718,1,3,60.0,0.0,0.0
55182_G_X718,1,4,60.0,0.0,0.0
55182_G_X718,1,5,60.0,0.0,0.0
55182_G_X718,1,6,107.7,0.0,0.0
55182_G_X718,1,7,0.0,0.0,0.0
55182_G_X718,1,8,0.0,0.0,0.0
55182_G_X718,1,9,0.0,0.0,0.0
55182_G_X718,1,10,0.0,0.0,0.0
55182_G_X718,1,11,0.0,0.0,0.0
55182_G_X718,1,12,0.0,0.0,0.0
55182_G_X718,1,13,0.0,0.0,0.0
55182_G_X718,1,14,0.0,0.0,0.0
55182_G_X718,1,15,0.0,0.0,0.0
55182_G_X718,1,16,0.0,0.0,0.0
55182_G_X718,1,17,0.0,0.0,0.0
55182_G_X718,1,18,102.29999999999995,0.0,0.0
55182_G_X718,1,19,150.0,0.0,0.0
55182_G_X718,1,20,150.0,0.0,0.0
55182_G_X718,1,21,150.0,0.0,0.0
55182_G_X718,1,22,150.0,0.0,0.0
55182_G_X718,1,23,150.0,0.0,0.0
55182_G_X718,1,24,150.0,0.0,0.0
55182_G_X718,1,25,60.0,0.0,0.0
55182_G_X719,1,1,60.0,0.0,0.0
55182_G_X719,1,2,60.0,0.0,0.0
55182_G_X719,1,3,60.0,0.0,0.0
55182_G_X719,1,4,60.0,0.0,0.0
55182_G_X719,1,5,60.0,0.0,0.0
55182_G_X719,1,6,107.7,0.0,0.0
55182_G_X719,1,7,0.0,0.0,0.0
55182_G_X719,1,8,0.0,0.0,0.0
55182_G_X719,1,9,0.0,0.0,0.0
55182_G_X719,1,10,0.0,0.0,0.0
55182_G_X719,1,11,0.0,0.0,0.0
55182_G_X719,1,12,0.0,0.0,0.0
55182_G_X719,1,13,0.0,0.0,0.0
55182_G_X719,1,14,0.0,0.0,0.0
55182_G_X719,1,15,0.0,0.0,0.0
55182_G_X719,1,16,0.0,0.0,0.0
55182_G_X719,1,17,0.0,0.0,0.0
55182_G_X719,1,18,102.29999999999995,0.0,0.0
55182_G_X719,1,19,150.0,0.0,0.0
55182_G_X719,1,20,150.0,0.0,0.0
55182_G_X719,1,21,150.0,0.0,0.0
55182_G_X719,1,22,150.0,0.0,0.0
55182_G_X719,1,23,150.0,0.0,0.0
55182_G_X719,1,24,150.0,0.0,0.0
55182_G_X719,1,25,60.0,0.0,0.0
55217_G_CTG1,1,1,143.23246267925202,21.76753357955404,0.0
55217_G_CTG1,1,2,128.38186212452217,36.61813787547783,0.0
55217_G_CTG1,1,3,112.53,36.11400000001028,0.0
55217_G_CTG1,1,4,165.0,0.0,0.0
55217_G_CTG1,1,5,165.0,0.0,0.0
55217_G_CTG1,1,6,165.0,0.0,0.0
55217_G_CTG1,1,7,118.46999999999737,0.0,0.0
55217_G_CTG1,1,8,66.0,0.0,0.0
55217_G_CTG1,1,9,66.0,0.0,0.0
55217_G_CTG1,1,10,66.0,0.0,0.0
55217_G_CTG1,1,11,66.0,0.0,0.0
55217_G_CTG1,1,12,66.0,0.0,0.0
55217_G_CTG1,1,13,66.0,0.0,0.0
55217_G_CTG1,1,14,66.0,0.0,0.0
55217_G_CTG1,1,15,66.0,0.0,0.0
55217_G_CTG1,1,16,66.0,0.0,0.0
55217_G_CTG1,1,17,118.46999999999879,26.068523775556372,0.0
55217_G_CTG1,1,18,165.0,0.0,0.0
55217_G_CTG1,1,19,165.0,0.0,0.0
55217_G_CTG1,1,20,165.0,0.0,0.0
55217_G_CTG1,1,21,165.0,0.0,0.0
55217_G_CTG1,1,22,165.0,0.0,0.0
55217_G_CTG1,1,23,165.0,0.0,0.0
55217_G_CTG1,1,24,165.0,0.0,0.0
55217_G_CTG1,1,25,165.0,0.0,0.0
55217_G_CTG2,1,1,66.0,94.03246267925006,0.0
55217_G_CTG2,1,2,66.0,76.12786212452218,0.0
55217_G_CTG2,1,3,99.34563026547673,0.0,0.0
55217_G_CTG2,1,4,151.81563026547673,13.184369734523273,0.0
55217_G_CTG2,1,5,165.0,0.0,0.0
55217_G_CTG2,1,6,165.0,0.0,0.0
55217_G_CTG2,1,7,115.08890018953892,0.0,0.0
55217_G_CTG2,1,8,66.0,0.0,0.0
55217_G_CTG2,1,9,66.0,0.0,0.0
55217_G_CTG2,1,10,66.0,0.0,0.0
55217_G_CTG2,1,11,66.0,0.0,0.0
55217_G_CTG2,1,12,66.0,0.0,0.0
55217_G_CTG2,1,13,66.0,0.0,0.0
55217_G_CTG2,1,14,66.0,0.0,0.0
55217_G_CTG2,1,15,66.0,0.0,0.0
55217_G_CTG2,1,16,66.0,0.0,0.0
55217_G_CTG2,1,17,118.47000000000017,0.0,0.0
55217_G_CTG2,1,18,165.0,0.0,0.0
55217_G_CTG2,1,19,165.0,0.0,0.0
55217_G_CTG2,1,20,165.0,0.0,0.0
55217_G_CTG2,1,21,165.0,0.0,0.0
55217_G_CTG2,1,22,165.0,0.0,0.0
55217_G_CTG2,1,23,165.0,0.0,0.0
55217_G_CTG2,1,24,165.0,0.0,0.0
55217_G_CTG2,1,25,165.0,0.0,0.0
55217_G_STG3,1,1,236.99999625880224,3.7411958962180434e-06,0.0
55217_G_STG3,1,2,237.0,0.0,0.0
55217_G_STG3,1,3,161.63400000001027,75.36599999998973,0.0
55217_G_STG3,1,4,237.0,0.0,0.0
55217_G_STG3,1,5,237.0,0.0,0.0
55217_G_STG3,1,6,237.0,0.0,0.0
55217_G_STG3,1,7,170.166,65.65834250520803,0.0
55217_G_STG3,1,8,94.80000000000001,0.0,0.0
55217_G_STG3,1,9,94.8,0.0,0.0
55217_G_STG3,1,10,94.8,0.0,0.0
55217_G_STG3,1,11,94.8,0.0,0.0
55217_G_STG3,1,12,94.8,0.0,0.0
55217_G_STG3,1,13,94.8,0.0,0.0
55217_G_STG3,1,14,94.8,0.0,0.0
55217_G_STG3,1,15,94.8,0.0,0.0
55217_G_STG3,1,16,94.80000000000001,0.0,0.0
55217_G_STG3,1,17,170.166,66.834,0.0
55217_G_STG3,1,18,237.0,0.0,0.0
55217_G_STG3,1,19,237.0,0.0,0.0
55217_G_STG3,1,20,237.0,0.0,0.0
55217_G_STG3,1,21,237.0,0.0,0.0
55217_G_STG3,1,22,237.0,0.0,0.0
55217_G_STG3,1,23,237.0,0.0,0.0
55217_G_STG3,1,24,237.0,0.0,0.0
55217_G_STG3,1,25,237.0,0.0,0.0
55295_G_CT1,1,1,0.0,0.0,0.0
55295_G_CT1,1,2,0.0,0.0,0.0
55295_G_CT1,1,3,0.0,0.0,0.0
55295_G_CT1,1,4,0.0,0.0,0.0
55295_G_CT1,1,5,0.0,0.0,0.0
55295_G_CT1,1,6,0.0,0.0,0.0
55295_G_CT1,1,7,0.0,0.0,0.0
55295_G_CT1,1,8,0.0,0.0,0.0
55295_G_CT1,1,9,0.0,0.0,0.0
55295_G_CT1,1,10,0.0,0.0,0.0
55295_G_CT1,1,11,0.0,0.0,0.0
55295_G_CT1,1,12,0.0,0.0,0.0
55295_G_CT1,1,13,0.0,0.0,0.0
55295_G_CT1,1,14,0.0,0.0,0.0
55295_G_CT1,1,15,0.0,0.0,0.0
55295_G_CT1,1,16,0.0,0.0,0.0
55295_G_CT1,1,17,0.0,0.0,0.0
55295_G_CT1,1,18,106.73299999999995,0.0,0.0
55295_G_CT1,1,19,156.5,0.0,0.0
55295_G_CT1,1,20,156.5,0.0,0.0
55295_G_CT1,1,21,156.5,0.0,0.0
55295_G_CT1,1,22,106.73299999999995,0.0,0.0
55295_G_CT1,1,23,106.733,0.0,0.0
55295_G_CT1,1,24,156.5,0.0,0.0
55295_G_CT1,1,25,0.0,0.0,0.0
55295_G_CT2,1,1,0.0,0.0,0.0
55295_G_CT2,1,2,0.0,0.0,0.0
55295_G_CT2,1,3,0.0,0.0,0.0
55295_G_CT2,1,4,0.0,0.0,0.0
55295_G_CT2,1,5,0.0,0.0,0.0
55295_G_CT2,1,6,0.0,0.0,0.0
55295_G_CT2,1,7,0.0,0.0,0.0
55295_G_CT2,1,8,0.0,0.0,0.0
55295_G_CT2,1,9,0.0,0.0,0.0
55295_G_CT2,1,10,0.0,0.0,0.0
55295_G_CT2,1,11,0.0,0.0,0.0
55295_G_CT2,1,12,0.0,0.0,0.0
55295_G_CT2,1,13,0.0,0.0,0.0
55295_G_CT2,1,14,0.0,0.0,0.0
55295_G_CT2,1,15,0.0,0.0,0.0
55295_G_CT2,1,16,0.0,0.0,0.0
55295_G_CT2,1,17,0.0,0.0,0.0
55295_G_CT2,1,18,106.73299999999995,0.0,0.0
55295_G_CT2,1,19,156.5,0.0,0.0
55295_G_CT2,1,20,156.5,0.0,0.0
55295_G_CT2,1,21,156.5,0.0,0.0
55295_G_CT2,1,22,106.733,0.0,0.0
55295_G_CT2,1,23,106.733,0.0,0.0
55295_G_CT2,1,24,156.5,0.0,0.0
55295_G_CT2,1,25,0.0,0.0,0.0
55295_G_ST1,1,1,0.0,0.0,0.0
55295_G_ST1,1,2,0.0,0.0,0.0
55295_G_ST1,1,3,0.0,0.0,0.0
55295_G_ST1,1,4,0.0,0.0,0.0
55295_G_ST1,1,5,0.0,0.0,0.0
55295_G_ST1,1,6,0.0,0.0,0.0
55295_G_ST1,1,7,0.0,0.0,0.0
55295_G_ST1,1,8,0.0,0.0,0.0
55295_G_ST1,1,9,0.0,0.0,0.0
55295_G_ST1,1,10,0.0,0.0,0.0
55295_G_ST1,1,11,0.0,0.0,0.0
55295_G_ST1,1,12,0.0,0.0,0.0
55295_G_ST1,1,13,0.0,0.0,0.0
55295_G_ST1,1,14,0.0,0.0,0.0
55295_G_ST1,1,15,0.0,0.0,0.0
55295_G_ST1,1,16,0.0,0.0,0.0
55295_G_ST1,1,17,0.0,0.0,0.0
55295_G_ST1,1,18,137.08199999999994,0.0,0.0
55295_G_ST1,1,19,201.0,0.0,0.0
55295_G_ST1,1,20,201.0,0.0,0.0
55295_G_ST1,1,21,201.0,0.0,0.0
55295_G_ST1,1,22,137.08199999999994,0.0,0.0
55295_G_ST1,1,23,137.082,0.0,0.0
55295_G_ST1,1,24,201.0,0.0,0.0
55295_G_ST1,1,25,0.0,0.0,0.0
55333_G_CTG1,1,1,0.0,0.0,0.0
55333_G_CTG1,1,2,0.0,0.0,0.0
55333_G_CTG1,1,3,0.0,0.0,0.0
55333_G_CTG1,1,4,0.0,0.0,0.0
55333_G_CTG1,1,5,0.0,0.0,0.0
55333_G_CTG1,1,6,0.0,0.0,0.0
55333_G_CTG1,1,7,0.0,0.0,0.0
55333_G_CTG1,1,8,0.0,0.0,0.0
55333_G_CTG1,1,9,0.0,0.0,0.0
55333_G_CTG1,1,10,0.0,0.0,0.0
55333_G_CTG1,1,11,0.0,0.0,0.0
55333_G_CTG1,1,12,0.0,0.0,0.0
55333_G_CTG1,1,13,0.0,0.0,0.0
55333_G_CTG1,1,14,0.0,0.0,0.0
55333_G_CTG1,1,15,0.0,0.0,0.0
55333_G_CTG1,1,16,0.0,0.0,0.0
55333_G_CTG1,1,17,0.0,0.0,0.0
55333_G_CTG1,1,18,0.0,0.0,0.0
55333_G_CTG1,1,19,0.0,0.0,0.0
55333_G_CTG1,1,20,0.0,0.0,0.0
55333_G_CTG1,1,21,0.0,0.0,0.0
55333_G_CTG1,1,22,0.0,0.0,0.0
55333_G_CTG1,1,23,0.0,0.0,0.0
55333_G_CTG1,1,24,0.0,0.0,0.0
55333_G_CTG1,1,25,0.0,0.0,0.0
55333_G_CTG2,1,1,0.0,0.0,0.0
55333_G_CTG2,1,2,0.0,0.0,0.0
55333_G_CTG2,1,3,0.0,0.0,0.0
55333_G_CTG2,1,4,0.0,0.0,0.0
55333_G_CTG2,1,5,0.0,0.0,0.0
55333_G_CTG2,1,6,0.0,0.0,0.0
55333_G_CTG2,1,7,0.0,0.0,0.0
55333_G_CTG2,1,8,0.0,0.0,0.0
55333_G_CTG2,1,9,0.0,0.0,0.0
55333_G_CTG2,1,10,0.0,0.0,0.0
55333_G_CTG2,1,11,0.0,0.0,0.0
55333_G_CTG2,1,12,0.0,0.0,0.0
55333_G_CTG2,1,13,0.0,0.0,0.0
55333_G_CTG2,1,14,0.0,0.0,0.0
55333_G_CTG2,1,15,0.0,0.0,0.0
55333_G_CTG2,1,16,0.0,0.0,0.0
55333_G_CTG2,1,17,0.0,0.0,0.0
55333_G_CTG2,1,18,0.0,0.0,0.0
55333_G_CTG2,1,19,118.46999999999954,30.684983218955892,0.0
55333_G_CTG2,1,20,65.99999999999997,99.0,0.0
55333_G_CTG2,1,21,118.46999999999954,46.53,0.0
55333_G_CTG2,1,22,2.246420013382979e-12,0.0,0.0
55333_G_CTG2,1,23,2.246420013382979e-12,0.0,0.0
55333_G_CTG2,1,24,4.032323924022447e-12,1.5837261094350001e-12,0.0
55333_G_CTG2,1,25,0.0,0.0,0.0
55333_G_CTG3,1,1,0.0,0.0,0.0
55333_G_CTG3,1,2,0.0,0.0,0.0
55333_G_CTG3,1,3,0.0,0.0,0.0
55333_G_CTG3,1,4,0.0,0.0,0.0
55333_G_CTG3,1,5,0.0,0.0,0.0
55333_G_CTG3,1,6,0.0,0.0,0.0
55333_G_CTG3,1,7,0.0,0.0,0.0
55333_G_CTG3,1,8,0.0,0.0,0.0
55333_G_CTG3,1,9,0.0,0.0,0.0
55333_G_CTG3,1,10,0.0,0.0,0.0
55333_G_CTG3,1,11,0.0,0.0,0.0
55333_G_CTG3,1,12,0.0,0.0,0.0
55333_G_CTG3,1,13,0.0,0.0,0.0
55333_G_CTG3,1,14,0.0,0.0,0.0
55333_G_CTG3,1,15,0.0,0.0,0.0
55333_G_CTG3,1,16,0.0,0.0,0.0
55333_G_CTG3,1,17,0.0,0.0,0.0
55333_G_CTG3,1,18,0.0,0.0,0.0
55333_G_CTG3,1,19,0.0,0.0,0.0
55333_G_CTG3,1,20,0.0,0.0,0.0
55333_G_CTG3,1,21,0.0,0.0,0.0
55333_G_CTG3,1,22,0.0,0.0,0.0
55333_G_CTG3,1,23,0.0,0.0,0.0
55333_G_CTG3,1,24,0.0,0.0,0.0
55333_G_CTG3,1,25,0.0,0.0,0.0
55333_G_STG1,1,1,0.0,0.0,0.0
55333_G_STG1,1,2,0.0,0.0,0.0
55333_G_STG1,1,3,0.0,0.0,0.0
55333_G_STG1,1,4,0.0,0.0,0.0
55333_G_STG1,1,5,0.0,0.0,0.0
55333_G_STG1,1,6,0.0,0.0,0.0
55333_G_STG1,1,7,0.0,0.0,0.0
55333_G_STG1,1,8,0.0,0.0,0.0
55333_G_STG1,1,9,0.0,0.0,0.0
55333_G_STG1,1,10,0.0,0.0,0.0
55333_G_STG1,1,11,0.0,0.0,0.0
55333_G_STG1,1,12,0.0,0.0,0.0
55333_G_STG1,1,13,0.0,0.0,0.0
55333_G_STG1,1,14,0.0,0.0,0.0
55333_G_STG1,1,15,0.0,0.0,0.0
55333_G_STG1,1,16,0.0,0.0,0.0
55333_G_STG1,1,17,0.0,0.0,0.0
55333_G_STG1,1,18,0.0,0.0,0.0
55333_G_STG1,1,19,188.9058,74.19420000000002,0.0
55333_G_STG1,1,20,216.11735867939578,46.98264132060402,0.0
55333_G_STG1,1,21,188.9058,74.19420000000002,0.0
55333_G_STG1,1,22,105.24,0.0,0.0
55333_G_STG1,1,23,105.24,0.0,0.0
55333_G_STG1,1,24,188.90579999999977,28.612132205633642,0.0
55333_G_STG1,1,25,0.0,0.0,0.0
55345_G_1-01,1,1,0.0,0.0,0.0
55345_G_1-01,1,2,0.0,0.0,0.0
55345_G_1-01,1,3,0.0,0.0,0.0
55345_G_1-01,1,4,0.0,0.0,0.0
55345_G_1-01,1,5,0.0,0.0,0.0
55345_G_1-01,1,6,0.0,0.0,0.0
55345_G_1-01,1,7,0.0,0.0,0.0
55345_G_1-01,1,8,0.0,0.0,0.0
55345_G_1-01,1,9,0.0,0.0,0.0
55345_G_1-01,1,10,0.0,0.0,0.0
55345_G_1-01,1,11,0.0,0.0,0.0
55345_G_1-01,1,12,0.0,0.0,0.0
55345_G_1-01,1,13,0.0,0.0,0.0
55345_G_1-01,1,14,0.0,0.0,0.0
55345_G_1-01,1,15,0.0,0.0,0.0
55345_G_1-01,1,16,0.0,0.0,0.0
55345_G_1-01,1,17,0.0,0.0,0.0
55345_G_1-01,1,18,104.20959999999994,0.0,0.0
55345_G_1-01,1,19,152.8,0.0,0.0
55345_G_1-01,1,20,152.8,0.0,0.0
55345_G_1-01,1,21,152.8,0.0,0.0
55345_G_1-01,1,22,104.2096,48.59040000000002,0.0
55345_G_1-01,1,23,104.20960000000001,48.5904,0.0
55345_G_1-01,1,24,152.8,0.0,0.0
55345_G_1-01,1,25,0.0,0.0,0.0
55345_G_1-02,1,1,0.0,0.0,0.0
55345_G_1-02,1,2,0.0,0.0,0.0
55345_G_1-02,1,3,0.0,0.0,0.0
55345_G_1-02,1,4,0.0,0.0,0.0
55345_G_1-02,1,5,0.0,0.0,0.0
55345_G_1-02,1,6,0.0,0.0,0.0
55345_G_1-02,1,7,0.0,0.0,0.0
55345_G_1-02,1,8,0.0,0.0,0.0
55345_G_1-02,1,9,0.0,0.0,0.0
55345_G_1-02,1,10,0.0,0.0,0.0
55345_G_1-02,1,11,0.0,0.0,0.0
55345_G_1-02,1,12,0.0,0.0,0.0
55345_G_1-02,1,13,0.0,0.0,0.0
55345_G_1-02,1,14,0.0,0.0,0.0
55345_G_1-02,1,15,0.0,0.0,0.0
55345_G_1-02,1,16,0.0,0.0,0.0
55345_G_1-02,1,17,0.0,0.0,0.0
55345_G_1-02,1,18,104.20959999999994,0.0,0.0
55345_G_1-02,1,19,152.8,0.0,0.0
55345_G_1-02,1,20,152.8,0.0,0.0
55345_G_1-02,1,21,152.8,0.0,0.0
55345_G_1-02,1,22,104.20959999999997,48.590400000000145,0.0
55345_G_1-02,1,23,104.20960000000001,48.5904,0.0
55345_G_1-02,1,24,152.8,0.0,0.0
55345_G_1-02,1,25,0.0,0.0,0.0
55345_G_1-03,1,1,0.0,0.0,0.0
55345_G_1-03,1,2,0.0,0.0,0.0
55345_G_1-03,1,3,0.0,0.0,0.0
55345_G_1-03,1,4,0.0,0.0,0.0
55345_G_1-03,1,5,0.0,0.0,0.0
55345_G_1-03,1,6,0.0,0.0,0.0
55345_G_1-03,1,7,0.0,0.0,0.0
55345_G_1-03,1,8,0.0,0.0,0.0
55345_G_1-03,1,9,0.0,0.0,0.0
55345_G_1-03,1,10,0.0,0.0,0.0
55345_G_1-03,1,11,0.0,0.0,0.0
55345_G_1-03,1,12,0.0,0.0,0.0
55345_G_1-03,1,13,0.0,0.0,0.0
55345_G_1-03,1,14,0.0,0.0,0.0
55345_G_1-03,1,15,0.0,0.0,0.0
55345_G_1-03,1,16,0.0,0.0,0.0
55345_G_1-03,1,17,0.0,0.0,0.0
55345_G_1-03,1,18,181.00279999999992,0.0,0.0
55345_G_1-03,1,19,265.4,0.0,0.0
55345_G_1-03,1,20,265.4,0.0,0.0
55345_G_1-03,1,21,265.4,0.0,0.0
55345_G_1-03,1,22,181.00279999999992,56.97015549627031,0.0
55345_G_1-03,1,23,181.00279999999998,45.18206893602553,0.0
55345_G_1-03,1,24,265.4,0.0,0.0
55345_G_1-03,1,25,0.0,0.0,0.0
55393_G_CTG1,1,1,68.8,0.0,0.0
55393_G_CTG1,1,2,68.8,0.0,0.0
55393_G_CTG1,1,3,68.8,0.0,0.0
55393_G_CTG1,1,4,68.8,0.0,0.0
55393_G_CTG1,1,5,123.49599999999819,0.0,0.0
55393_G_CTG1,1,6,172.0,0.0,0.0
55393_G_CTG1,1,7,117.30400000000002,0.0,0.0
55393_G_CTG1,1,8,0.0,0.0,0.0
55393_G_CTG1,1,9,0.0,0.0,0.0
55393_G_CTG1,1,10,0.0,0.0,0.0
55393_G_CTG1,1,11,0.0,0.0,0.0
55393_G_CTG1,1,12,0.0,0.0,0.0
55393_G_CTG1,1,13,0.0,0.0,0.0
55393_G_CTG1,1,14,0.0,0.0,0.0
55393_G_CTG1,1,15,0.0,0.0,0.0
55393_G_CTG1,1,16,0.0,0.0,0.0
55393_G_CTG1,1,17,68.8,0.0,0.0
55393_G_CTG1,1,18,117.30399999999996,0.0,0.0
55393_G_CTG1,1,19,172.0,0.0,0.0
55393_G_CTG1,1,20,172.0,0.0,0.0
55393_G_CTG1,1,21,172.0,0.0,0.0
55393_G_CTG1,1,22,172.0,0.0,0.0
55393_G_CTG1,1,23,172.0,0.0,0.0
55393_G_CTG1,1,24,172.0,0.0,0.0
55393_G_CTG1,1,25,68.8,0.0,0.0
55393_G_CTG2,1,1,68.8,0.0,0.0
55393_G_CTG2,1,2,68.8,0.0,0.0
55393_G_CTG2,1,3,68.8,0.0,0.0
55393_G_CTG2,1,4,68.8,0.0,0.0
55393_G_CTG2,1,5,123.49600000000001,0.0,0.0
55393_G_CTG2,1,6,123.49600000000001,48.50399999999999,0.0
55393_G_CTG2,1,7,0.0,0.0,0.0
55393_G_CTG2,1,8,0.0,0.0,0.0
55393_G_CTG2,1,9,0.0,0.0,0.0
55393_G_CTG2,1,10,0.0,0.0,0.0
55393_G_CTG2,1,11,0.0,0.0,0.0
55393_G_CTG2,1,12,0.0,0.0,0.0
55393_G_CTG2,1,13,0.0,0.0,0.0
55393_G_CTG2,1,14,0.0,0.0,0.0
55393_G_CTG2,1,15,0.0,0.0,0.0
55393_G_CTG2,1,16,0.0,0.0,0.0
55393_G_CTG2,1,17,0.0,0.0,0.0
55393_G_CTG2,1,18,117.30399999999996,0.0,0.0
55393_G_CTG2,1,19,172.0,0.0,0.0
55393_G_CTG2,1,20,172.0,0.0,0.0
55393_G_CTG2,1,21,172.0,0.0,0.0
55393_G_CTG2,1,22,172.0,0.0,0.0
55393_G_CTG2,1,23,172.0,0.0,0.0
55393_G_CTG2,1,24,172.0,0.0,0.0
55393_G_CTG2,1,25,68.8,0.0,0.0
55393_G_STG1,1,1,80.84,0.0,0.0
55393_G_STG1,1,2,80.84,0.0,0.0
55393_G_STG1,1,3,80.84,0.0,0.0
55393_G_STG1,1,4,80.84,0.0,0.0
55393_G_STG1,1,5,80.84,0.0,0.0
55393_G_STG1,1,6,145.10780000000008,0.0,0.0
55393_G_STG1,1,7,0.0,0.0,0.0
55393_G_STG1,1,8,0.0,0.0,0.0
55393_G_STG1,1,9,0.0,0.0,0.0
55393_G_STG1,1,10,0.0,0.0,0.0
55393_G_STG1,1,11,0.0,0.0,0.0
55393_G_STG1,1,12,0.0,0.0,0.0
55393_G_STG1,1,13,0.0,0.0,0.0
55393_G_STG1,1,14,0.0,0.0,0.0
55393_G_STG1,1,15,0.0,0.0,0.0
55393_G_STG1,1,16,0.0,0.0,0.0
55393_G_STG1,1,17,0.0,0.0,0.0
55393_G_STG1,1,18,137.83219999999994,0.0,0.0
55393_G_STG1,1,19,202.1,0.0,0.0
55393_G_STG1,1,20,202.1,0.0,0.0
55393_G_STG1,1,21,202.1,0.0,0.0
55393_G_STG1,1,22,202.1,0.0,0.0
55393_G_STG1,1,23,202.1,0.0,0.0
55393_G_STG1,1,24,202.1,0.0,0.0
55393_G_STG1,1,25,80.84,0.0,0.0
55400_G_CTG1,1,1,62.400000000000006,0.0,0.0
55400_G_CTG1,1,2,62.400000000000006,0.0,0.0
55400_G_CTG1,1,3,62.400000000000006,0.0,0.0
55400_G_CTG1,1,4,62.400000000000006,0.0,0.0
55400_G_CTG1,1,5,112.00800000000001,43.99199999999999,0.0
55400_G_CTG1,1,6,156.0,0.0,0.0
55400_G_CTG1,1,7,106.39199999999994,0.0,0.0
55400_G_CTG1,1,8,0.0,0.0,0.0
55400_G_CTG1,1,9,0.0,0.0,0.0
55400_G_CTG1,1,10,0.0,0.0,0.0
55400_G_CTG1,1,11,0.0,0.0,0.0
55400_G_CTG1,1,12,0.0,0.0,0.0
55400_G_CTG1,1,13,0.0,0.0,0.0
55400_G_CTG1,1,14,0.0,0.0,0.0
55400_G_CTG1,1,15,0.0,0.0,0.0
55400_G_CTG1,1,16,0.0,0.0,0.0
55400_G_CTG1,1,17,112.00800000000001,0.0,0.0
55400_G_CTG1,1,18,106.39199999999997,0.0,0.0
55400_G_CTG1,1,19,156.0,0.0,0.0
55400_G_CTG1,1,20,156.0,0.0,0.0
55400_G_CTG1,1,21,156.0,0.0,0.0
55400_G_CTG1,1,22,156.0,0.0,0.0
55400_G_CTG1,1,23,156.0,0.0,0.0
55400_G_CTG1,1,24,156.0,0.0,0.0
55400_G_CTG1,1,25,156.0,0.0,0.0
55400_G_CTG2,1,1,62.400000000000006,0.0,0.0
55400_G_CTG2,1,2,62.400000000000006,0.0,0.0
55400_G_CTG2,1,3,62.400000000000006,0.0,0.0
55400_G_CTG2,1,4,106.392,0.0,0.0
55400_G_CTG2,1,5,156.0,0.0,0.0
55400_G_CTG2,1,6,156.0,0.0,0.0
55400_G_CTG2,1,7,106.39199999999994,0.0,0.0
55400_G_CTG2,1,8,0.0,0.0,0.0
55400_G_CTG2,1,9,0.0,0.0,0.0
55400_G_CTG2,1,10,0.0,0.0,0.0
55400_G_CTG2,1,11,0.0,0.0,0.0
55400_G_CTG2,1,12,0.0,0.0,0.0
55400_G_CTG2,1,13,0.0,0.0,0.0
55400_G_CTG2,1,14,0.0,0.0,0.0
55400_G_CTG2,1,15,0.0,0.0,0.0
55400_G_CTG2,1,16,0.0,0.0,0.0
55400_G_CTG2,1,17,112.00800000000001,0.0,0.0
55400_G_CTG2,1,18,106.39199999999997,0.0,0.0
55400_G_CTG2,1,19,156.0,0.0,0.0
55400_G_CTG2,1,20,156.0,0.0,0.0
55400_G_CTG2,1,21,156.0,0.0,0.0
55400_G_CTG2,1,22,156.0,0.0,0.0
55400_G_CTG2,1,23,156.0,0.0,0.0
55400_G_CTG2,1,24,156.0,0.0,0.0
55400_G_CTG2,1,25,156.0,0.0,0.0
55400_G_STG,1,1,85.2,0.0,0.0
55400_G_STG,1,2,85.2,0.0,0.0
55400_G_STG,1,3,85.2,0.0,0.0
55400_G_STG,1,4,145.26600000000002,0.0,0.0
55400_G_STG,1,5,213.0,0.0,0.0
55400_G_STG,1,6,213.0,0.0,0.0
55400_G_STG,1,7,145.26599999999993,0.0,0.0
55400_G_STG,1,8,0.0,0.0,0.0
55400_G_STG,1,9,0.0,0.0,0.0
55400_G_STG,1,10,0.0,0.0,0.0
55400_G_STG,1,11,0.0,0.0,0.0
55400_G_STG,1,12,0.0,0.0,0.0
55400_G_STG,1,13,0.0,0.0,0.0
55400_G_STG,1,14,0.0,0.0,0.0
55400_G_STG,1,15,0.0,0.0,0.0
55400_G_STG,1,16,0.0,0.0,0.0
55400_G_STG,1,17,152.934,0.0,0.0
55400_G_STG,1,18,145.26599999999996,0.0,0.0
55400_G_STG,1,19,213.0,0.0,0.0
55400_G_STG,1,20,213.0,0.0,0.0
55400_G_STG,1,21,213.0,0.0,0.0
55400_G_STG,1,22,213.0,0.0,0.0
55400_G_STG,1,23,213.0,0.0,0.0
55400_G_STG,1,24,213.0,0.0,0.0
55400_G_STG,1,25,213.0,0.0,0.0
55510_G_CPP4,1,1,0.0,0.0,0.0
55510_G_CPP4,1,2,0.0,0.0,0.0
55510_G_CPP4,1,3,0.0,0.0,0.0
55510_G_CPP4,1,4,0.0,0.0,0.0
55510_G_CPP4,1,5,0.0,0.0,0.0
55510_G_CPP4,1,6,0.0,0.0,0.0
55510_G_CPP4,1,7,0.0,0.0,0.0
55510_G_CPP4,1,8,0.0,0.0,0.0
55510_G_CPP4,1,9,0.0,0.0,0.0
55510_G_CPP4,1,10,0.0,0.0,0.0
55510_G_CPP4,1,11,0.0,0.0,0.0
55510_G_CPP4,1,12,0.0,0.0,0.0
55510_G_CPP4,1,13,0.0,0.0,0.0
55510_G_CPP4,1,14,0.0,0.0,0.0
55510_G_CPP4,1,15,0.0,0.0,0.0
55510_G_CPP4,1,16,0.0,0.0,0.0
55510_G_CPP4,1,17,0.0,0.0,0.0
55510_G_CPP4,1,18,0.0,0.0,0.0
55510_G_CPP4,1,19,0.0,0.0,0.0
55510_G_CPP4,1,20,0.0,0.0,0.0
55510_G_CPP4,1,21,0.0,0.0,0.0
55510_G_CPP4,1,22,0.0,0.0,0.0
55510_G_CPP4,1,23,0.0,0.0,0.0
55510_G_CPP4,1,24,0.0,0.0,0.0
55510_G_CPP4,1,25,0.0,0.0,0.0
55518_G_CTG1,1,1,0.0,0.0,0.0
55518_G_CTG1,1,2,0.0,0.0,0.0
55518_G_CTG1,1,3,0.0,0.0,0.0
55518_G_CTG1,1,4,0.0,0.0,0.0
55518_G_CTG1,1,5,0.0,0.0,0.0
55518_G_CTG1,1,6,0.0,0.0,0.0
55518_G_CTG1,1,7,0.0,0.0,0.0
55518_G_CTG1,1,8,0.0,0.0,0.0
55518_G_CTG1,1,9,0.0,0.0,0.0
55518_G_CTG1,1,10,0.0,0.0,0.0
55518_G_CTG1,1,11,0.0,0.0,0.0
55518_G_CTG1,1,12,0.0,0.0,0.0
55518_G_CTG1,1,13,0.0,0.0,0.0
55518_G_CTG1,1,14,0.0,0.0,0.0
55518_G_CTG1,1,15,0.0,0.0,0.0
55518_G_CTG1,1,16,0.0,0.0,0.0
55518_G_CTG1,1,17,0.0,0.0,0.0
55518_G_CTG1,1,18,114.09859999999995,0.0,0.0
55518_G_CTG1,1,19,167.3,0.0,0.0
55518_G_CTG1,1,20,167.3,0.0,0.0
55518_G_CTG1,1,21,167.3,0.0,0.0
55518_G_CTG1,1,22,167.3,0.0,0.0
55518_G_CTG1,1,23,158.50952583590987,8.790474164090142,0.0
55518_G_CTG1,1,24,167.3,0.0,0.0
55518_G_CTG1,1,25,0.0,0.0,0.0
55518_G_CTG2,1,1,0.0,0.0,0.0
55518_G_CTG2,1,2,0.0,0.0,0.0
55518_G_CTG2,1,3,0.0,0.0,0.0
55518_G_CTG2,1,4,0.0,0.0,0.0
55518_G_CTG2,1,5,0.0,0.0,0.0
55518_G_CTG2,1,6,0.0,0.0,0.0
55518_G_CTG2,1,7,0.0,0.0,0.0
55518_G_CTG2,1,8,0.0,0.0,0.0
55518_G_CTG2,1,9,0.0,0.0,0.0
55518_G_CTG2,1,10,0.0,0.0,0.0
55518_G_CTG2,1,11,0.0,0.0,0.0
55518_G_CTG2,1,12,0.0,0.0,0.0
55518_G_CTG2,1,13,0.0,0.0,0.0
55518_G_CTG2,1,14,0.0,0.0,0.0
55518_G_CTG2,1,15,0.0,0.0,0.0
55518_G_CTG2,1,16,0.0,0.0,0.0
55518_G_CTG2,1,17,0.0,0.0,0.0
55518_G_CTG2,1,18,114.37139999999992,0.0,0.0
55518_G_CTG2,1,19,167.7,0.0,0.0
55518_G_CTG2,1,20,167.7,0.0,0.0
55518_G_CTG2,1,21,167.7,0.0,0.0
55518_G_CTG2,1,22,167.7,0.0,0.0
55518_G_CTG2,1,23,167.7,0.0,0.0
55518_G_CTG2,1,24,167.7,0.0,0.0
55518_G_CTG2,1,25,0.0,0.0,0.0
55518_G_CTG3,1,1,0.0,0.0,0.0
55518_G_CTG3,1,2,0.0,0.0,0.0
55518_G_CTG3,1,3,0.0,0.0,0.0
55518_G_CTG3,1,4,0.0,0.0,0.0
55518_G_CTG3,1,5,0.0,0.0,0.0
55518_G_CTG3,1,6,0.0,0.0,0.0
55518_G_CTG3,1,7,0.0,0.0,0.0
55518_G_CTG3,1,8,0.0,0.0,0.0
55518_G_CTG3,1,9,0.0,0.0,0.0
55518_G_CTG3,1,10,0.0,0.0,0.0
55518_G_CTG3,1,11,0.0,0.0,0.0
55518_G_CTG3,1,12,0.0,0.0,0.0
55518_G_CTG3,1,13,0.0,0.0,0.0
55518_G_CTG3,1,14,0.0,0.0,0.0
55518_G_CTG3,1,15,0.0,0.0,0.0
55518_G_CTG3,1,16,0.0,0.0,0.0
55518_G_CTG3,1,17,0.0,0.0,0.0
55518_G_CTG3,1,18,114.23499999999994,0.0,0.0
55518_G_CTG3,1,19,167.5,0.0,0.0
55518_G_CTG3,1,20,167.5,0.0,0.0
55518_G_CTG3,1,21,167.5,0.0,0.0
55518_G_CTG3,1,22,167.5,0.0,0.0
55518_G_CTG3,1,23,167.5,0.0,0.0
55518_G_CTG3,1,24,167.5,0.0,0.0
55518_G_CTG3,1,25,67.0,0.0,0.0
55518_G_STG1,1,1,0.0,0.0,0.0
55518_G_STG1,1,2,0.0,0.0,0.0
55518_G_STG1,1,3,0.0,0.0,0.0
55518_G_STG1,1,4,0.0,0.0,0.0
55518_G_STG1,1,5,0.0,0.0,0.0
55518_G_STG1,1,6,0.0,0.0,0.0
55518_G_STG1,1,7,0.0,0.0,0.0
55518_G_STG1,1,8,0.0,0.0,0.0
55518_G_STG1,1,9,0.0,0.0,0.0
55518_G_STG1,1,10,0.0,0.0,0.0
55518_G_STG1,1,11,0.0,0.0,0.0
55518_G_STG1,1,12,0.0,0.0,0.0
55518_G_STG1,1,13,0.0,0.0,0.0
55518_G_STG1,1,14,0.0,0.0,0.0
55518_G_STG1,1,15,0.0,0.0,0.0
55518_G_STG1,1,16,0.0,0.0,0.0
55518_G_STG1,1,17,0.0,0.0,0.0
55518_G_STG1,1,18,207.8735999999999,0.0,0.0
55518_G_STG1,1,19,304.8,0.0,0.0
55518_G_STG1,1,20,304.8,0.0,0.0
55518_G_STG1,1,21,304.8,0.0,0.0
55518_G_STG1,1,22,304.8,0.0,0.0
55518_G_STG1,1,23,304.8,0.0,0.0
55518_G_STG1,1,24,304.8,0.0,0.0
55518_G_STG1,1,25,0.0,0.0,0.0
55541_G_CTG3,1,1,0.0,0.0,0.0
55541_G_CTG3,1,2,0.0,0.0,0.0
55541_G_CTG3,1,3,0.0,0.0,0.0
55541_G_CTG3,1,4,0.0,0.0,0.0
55541_G_CTG3,1,5,0.0,0.0,0.0
55541_G_CTG3,1,6,0.0,0.0,0.0
55541_G_CTG3,1,7,0.0,0.0,0.0
55541_G_CTG3,1,8,0.0,0.0,0.0
55541_G_CTG3,1,9,0.0,0.0,0.0
55541_G_CTG3,1,10,0.0,0.0,0.0
55541_G_CTG3,1,11,0.0,0.0,0.0
55541_G_CTG3,1,12,0.0,0.0,0.0
55541_G_CTG3,1,13,0.0,0.0,0.0
55541_G_CTG3,1,14,0.0,0.0,0.0
55541_G_CTG3,1,15,0.0,0.0,0.0
55541_G_CTG3,1,16,0.0,0.0,0.0
55541_G_CTG3,1,17,0.0,0.0,0.0
55541_G_CTG3,1,18,0.0,0.0,0.0
55541_G_CTG3,1,19,0.0,0.0,0.0
55541_G_CTG3,1,20,0.0,0.0,0.0
55541_G_CTG3,1,21,0.0,0.0,0.0
55541_G_CTG3,1,22,0.0,0.0,0.0
55541_G_CTG3,1,23,0.0,0.0,0.0
55541_G_CTG3,1,24,0.0,0.0,0.0
55541_G_CTG3,1,25,0.0,0.0,0.0
55656_G_CT01,1,1,70.0,0.0,0.0
55656_G_CT01,1,2,70.0,0.0,0.0
55656_G_CT01,1,3,70.0,0.0,0.0
55656_G_CT01,1,4,125.65000000000008,0.0,0.0
55656_G_CT01,1,5,175.0,0.0,0.0
55656_G_CT01,1,6,175.0,0.0,0.0
55656_G_CT01,1,7,119.34999999999995,0.0,0.0
55656_G_CT01,1,8,0.0,0.0,0.0
55656_G_CT01,1,9,0.0,0.0,0.0
55656_G_CT01,1,10,0.0,0.0,0.0
55656_G_CT01,1,11,0.0,0.0,0.0
55656_G_CT01,1,12,0.0,0.0,0.0
55656_G_CT01,1,13,0.0,0.0,0.0
55656_G_CT01,1,14,0.0,0.0,0.0
55656_G_CT01,1,15,0.0,0.0,0.0
55656_G_CT01,1,16,0.0,0.0,0.0
55656_G_CT01,1,17,125.65,0.0,0.0
55656_G_CT01,1,18,119.34999999999995,6.636948354125238,0.0
55656_G_CT01,1,19,175.0,0.0,0.0
55656_G_CT01,1,20,175.0,0.0,0.0
55656_G_CT01,1,21,175.0,0.0,0.0
55656_G_CT01,1,22,175.0,0.0,0.0
55656_G_CT01,1,23,175.0,0.0,0.0
55656_G_CT01,1,24,175.0,0.0,0.0
55656_G_CT01,1,25,175.0,0.0,0.0
55656_G_CT02,1,1,69.2,0.0,0.0
55656_G_CT02,1,2,69.2,0.0,0.0
55656_G_CT02,1,3,69.2,0.0,0.0
55656_G_CT02,1,4,123.84786176992236,0.0,0.0
55656_G_CT02,1,5,173.0,0.0,0.0
55656_G_CT02,1,6,173.0,0.0,0.0
55656_G_CT02,1,7,117.98599999999996,0.0,0.0
55656_G_CT02,1,8,0.0,0.0,0.0
55656_G_CT02,1,9,0.0,0.0,0.0
55656_G_CT02,1,10,0.0,0.0,0.0
55656_G_CT02,1,11,0.0,0.0,0.0
55656_G_CT02,1,12,0.0,0.0,0.0
55656_G_CT02,1,13,0.0,0.0,0.0
55656_G_CT02,1,14,0.0,0.0,0.0
55656_G_CT02,1,15,0.0,0.0,0.0
55656_G_CT02,1,16,0.0,0.0,0.0
55656_G_CT02,1,17,124.214,0.0,0.0
55656_G_CT02,1,18,117.98599999999996,0.0,0.0
55656_G_CT02,1,19,173.0,0.0,0.0
55656_G_CT02,1,20,173.0,0.0,0.0
55656_G_CT02,1,21,173.0,0.0,0.0
55656_G_CT02,1,22,173.0,0.0,0.0
55656_G_CT02,1,23,173.0,0.0,0.0
55656_G_CT02,1,24,173.0,0.0,0.0
55656_G_CT02,1,25,173.0,0.0,0.0
55656_G_CT04,1,1,62.400000000000006,0.0,0.0
55656_G_CT04,1,2,62.400000000000006,0.0,0.0
55656_G_CT04,1,3,62.400000000000006,0.0,0.0
55656_G_CT04,1,4,106.392,0.0,0.0
55656_G_CT04,1,5,156.0,0.0,0.0
55656_G_CT04,1,6,156.0,0.0,0.0
55656_G_CT04,1,7,106.39199999999997,0.0,0.0
55656_G_CT04,1,8,0.0,0.0,0.0
55656_G_CT04,1,9,0.0,0.0,0.0
55656_G_CT04,1,10,0.0,0.0,0.0
55656_G_CT04,1,11,0.0,0.0,0.0
55656_G_CT04,1,12,0.0,0.0,0.0
55656_G_CT04,1,13,0.0,0.0,0.0
55656_G_CT04,1,14,0.0,0.0,0.0
55656_G_CT04,1,15,0.0,0.0,0.0
55656_G_CT04,1,16,0.0,0.0,0.0
55656_G_CT04,1,17,112.00800000000001,0.0,0.0
55656_G_CT04,1,18,106.39199999999997,0.0,0.0
55656_G_CT04,1,19,156.0,0.0,0.0
55656_G_CT04,1,20,156.0,0.0,0.0
55656_G_CT04,1,21,156.0,0.0,0.0
55656_G_CT04,1,22,156.0,0.0,0.0
55656_G_CT04,1,23,156.0,0.0,0.0
55656_G_CT04,1,24,156.0,0.0,0.0
55656_G_CT04,1,25,156.0,0.0,0.0
55656_G_ST03,1,1,69.60000000000001,0.0,0.0
55656_G_ST03,1,2,69.60000000000001,0.0,0.0
55656_G_ST03,1,3,69.60000000000001,0.0,0.0
55656_G_ST03,1,4,118.668,0.0,0.0
55656_G_ST03,1,5,174.0,0.0,0.0
55656_G_ST03,1,6,174.0,0.0,0.0
55656_G_ST03,1,7,118.66799999999995,0.0,0.0
55656_G_ST03,1,8,0.0,0.0,0.0
55656_G_ST03,1,9,0.0,0.0,0.0
55656_G_ST03,1,10,0.0,0.0,0.0
55656_G_ST03,1,11,0.0,0.0,0.0
55656_G_ST03,1,12,0.0,0.0,0.0
55656_G_ST03,1,13,0.0,0.0,0.0
55656_G_ST03,1,14,0.0,0.0,0.0
55656_G_ST03,1,15,0.0,0.0,0.0
55656_G_ST03,1,16,0.0,0.0,0.0
55656_G_ST03,1,17,124.93200000000002,0.0,0.0
55656_G_ST03,1,18,118.66799999999995,0.0,0.0
55656_G_ST03,1,19,174.0,0.0,0.0
55656_G_ST03,1,20,174.0,0.0,0.0
55656_G_ST03,1,21,174.0,0.0,0.0
55656_G_ST03,1,22,174.0,0.0,0.0
55656_G_ST03,1,23,174.0,0.0,0.0
55656_G_ST03,1,24,174.0,0.0,0.0
55656_G_ST03,1,25,174.0,0.0,0.0
55656_G_ST05,1,1,34.800000000000004,0.0,0.0
55656_G_ST05,1,2,34.800000000000004,0.0,0.0
55656_G_ST05,1,3,34.800000000000004,0.0,0.0
55656_G_ST05,1,4,87.0,0.0,0.0
55656_G_ST05,1,5,87.0,0.0,0.0
55656_G_ST05,1,6,87.0,0.0,0.0
55656_G_ST05,1,7,0.0,0.0,0.0
55656_G_ST05,1,8,0.0,0.0,0.0
55656_G_ST05,1,9,0.0,0.0,0.0
55656_G_ST05,1,10,0.0,0.0,0.0
55656_G_ST05,1,11,0.0,0.0,0.0
55656_G_ST05,1,12,0.0,0.0,0.0
55656_G_ST05,1,13,0.0,0.0,0.0
55656_G_ST05,1,14,0.0,0.0,0.0
55656_G_ST05,1,15,0.0,0.0,0.0
55656_G_ST05,1,16,0.0,0.0,0.0
55656_G_ST05,1,17,87.0,0.0,0.0
55656_G_ST05,1,18,34.800000000000004,0.0,0.0
55656_G_ST05,1,19,87.0,0.0,0.0
55656_G_ST05,1,20,87.0,0.0,0.0
55656_G_ST05,1,21,87.0,0.0,0.0
55656_G_ST05,1,22,87.0,0.0,0.0
55656_G_ST05,1,23,87.0,0.0,0.0
55656_G_ST05,1,24,87.0,0.0,0.0
55656_G_ST05,1,25,87.0,0.0,0.0
55698_G_HEP1,1,1,0.0,0.0,0.0
55698_G_HEP1,1,2,0.0,0.0,0.0
55698_G_HEP1,1,3,0.0,0.0,0.0
55698_G_HEP1,1,4,0.0,0.0,0.0
55698_G_HEP1,1,5,0.0,0.0,0.0
55698_G_HEP1,1,6,0.0,0.0,0.0
55698_G_HEP1,1,7,0.0,0.0,0.0
55698_G_HEP1,1,8,0.0,0.0,0.0
55698_G_HEP1,1,9,0.0,0.0,0.0
55698_G_HEP1,1,10,0.0,0.0,0.0
55698_G_HEP1,1,11,0.0,0.0,0.0
55698_G_HEP1,1,12,0.0,0.0,0.0
55698_G_HEP1,1,13,0.0,0.0,0.0
55698_G_HEP1,1,14,0.0,0.0,0.0
55698_G_HEP1,1,15,0.0,0.0,0.0
55698_G_HEP1,1,16,0.0,0.0,0.0
55698_G_HEP1,1,17,0.0,0.0,0.0
55698_G_HEP1,1,18,0.0,0.0,0.0
55698_G_HEP1,1,19,0.0,0.0,0.0
55698_G_HEP1,1,20,0.0,0.0,0.0
55698_G_HEP1,1,21,0.0,0.0,0.0
55698_G_HEP1,1,22,0.0,0.0,0.0
55698_G_HEP1,1,23,0.0,0.0,0.0
55698_G_HEP1,1,24,0.0,0.0,0.0
55698_G_HEP1,1,25,0.0,0.0,0.0
55748_G_CAG5,1,1,0.0,0.0,0.0
55748_G_CAG5,1,2,0.0,0.0,0.0
55748_G_CAG5,1,3,0.0,0.0,0.0
55748_G_CAG5,1,4,0.0,0.0,0.0
55748_G_CAG5,1,5,0.0,0.0,0.0
55748_G_CAG5,1,6,0.0,0.0,0.0
55748_G_CAG5,1,7,0.0,0.0,0.0
55748_G_CAG5,1,8,0.0,0.0,0.0
55748_G_CAG5,1,9,0.0,0.0,0.0
55748_G_CAG5,1,10,0.0,0.0,0.0
55748_G_CAG5,1,11,0.0,0.0,0.0
55748_G_CAG5,1,12,0.0,0.0,0.0
55748_G_CAG5,1,13,0.0,0.0,0.0
55748_G_CAG5,1,14,0.0,0.0,0.0
55748_G_CAG5,1,15,0.0,0.0,0.0
55748_G_CAG5,1,16,0.0,0.0,0.0
55748_G_CAG5,1,17,0.0,0.0,0.0
55748_G_CAG5,1,18,0.0,0.0,0.0
55748_G_CAG5,1,19,0.0,0.0,0.0
55748_G_CAG5,1,20,0.0,0.0,0.0
55748_G_CAG5,1,21,0.0,0.0,0.0
55748_G_CAG5,1,22,0.0,0.0,0.0
55748_G_CAG5,1,23,0.0,0.0,0.0
55748_G_CAG5,1,24,0.0,0.0,0.0
55748_G_CAG5,1,25,0.0,0.0,0.0
55748_G_CTG1,1,1,0.0,0.0,0.0
55748_G_CTG1,1,2,0.0,0.0,0.0
55748_G_CTG1,1,3,0.0,0.0,0.0
55748_G_CTG1,1,4,0.0,0.0,0.0
55748_G_CTG1,1,5,0.0,0.0,0.0
55748_G_CTG1,1,6,0.0,0.0,0.0
55748_G_CTG1,1,7,0.0,0.0,0.0
55748_G_CTG1,1,8,0.0,0.0,0.0
55748_G_CTG1,1,9,0.0,0.0,0.0
55748_G_CTG1,1,10,0.0,0.0,0.0
55748_G_CTG1,1,11,0.0,0.0,0.0
55748_G_CTG1,1,12,0.0,0.0,0.0
55748_G_CTG1,1,13,0.0,0.0,0.0
55748_G_CTG1,1,14,0.0,0.0,0.0
55748_G_CTG1,1,15,0.0,0.0,0.0
55748_G_CTG1,1,16,0.0,0.0,0.0
55748_G_CTG1,1,17,0.0,0.0,0.0
55748_G_CTG1,1,18,0.0,0.0,0.0
55748_G_CTG1,1,19,0.0,0.0,0.0
55748_G_CTG1,1,20,0.0,0.0,0.0
55748_G_CTG1,1,21,0.0,0.0,0.0
55748_G_CTG1,1,22,0.0,0.0,0.0
55748_G_CTG1,1,23,0.0,0.0,0.0
55748_G_CTG1,1,24,0.0,0.0,0.0
55748_G_CTG1,1,25,0.0,0.0,0.0
55748_G_CTG2,1,1,0.0,0.0,0.0
55748_G_CTG2,1,2,0.0,0.0,0.0
55748_G_CTG2,1,3,0.0,0.0,0.0
55748_G_CTG2,1,4,0.0,0.0,0.0
55748_G_CTG2,1,5,0.0,0.0,0.0
55748_G_CTG2,1,6,0.0,0.0,0.0
55748_G_CTG2,1,7,0.0,0.0,0.0
55748_G_CTG2,1,8,0.0,0.0,0.0
55748_G_CTG2,1,9,0.0,0.0,0.0
55748_G_CTG2,1,10,0.0,0.0,0.0
55748_G_CTG2,1,11,0.0,0.0,0.0
55748_G_CTG2,1,12,0.0,0.0,0.0
55748_G_CTG2,1,13,0.0,0.0,0.0
55748_G_CTG2,1,14,0.0,0.0,0.0
55748_G_CTG2,1,15,0.0,0.0,0.0
55748_G_CTG2,1,16,0.0,0.0,0.0
55748_G_CTG2,1,17,0.0,0.0,0.0
55748_G_CTG2,1,18,0.0,0.0,0.0
55748_G_CTG2,1,19,0.0,0.0,0.0
55748_G_CTG2,1,20,0.0,0.0,0.0
55748_G_CTG2,1,21,0.0,0.0,0.0
55748_G_CTG2,1,22,0.0,0.0,0.0
55748_G_CTG2,1,23,0.0,0.0,0.0
55748_G_CTG2,1,24,0.0,0.0,0.0
55748_G_CTG2,1,25,0.0,0.0,0.0
55748_G_CTG3,1,1,0.0,0.0,0.0
55748_G_CTG3,1,2,0.0,0.0,0.0
55748_G_CTG3,1,3,0.0,0.0,0.0
55748_G_CTG3,1,4,0.0,0.0,0.0
55748_G_CTG3,1,5,0.0,0.0,0.0
55748_G_CTG3,1,6,0.0,0.0,0.0
55748_G_CTG3,1,7,0.0,0.0,0.0
55748_G_CTG3,1,8,0.0,0.0,0.0
55748_G_CTG3,1,9,0.0,0.0,0.0
55748_G_CTG3,1,10,0.0,0.0,0.0
55748_G_CTG3,1,11,0.0,0.0,0.0
55748_G_CTG3,1,12,0.0,0.0,0.0
55748_G_CTG3,1,13,0.0,0.0,0.0
55748_G_CTG3,1,14,0.0,0.0,0.0
55748_G_CTG3,1,15,0.0,0.0,0.0
55748_G_CTG3,1,16,0.0,0.0,0.0
55748_G_CTG3,1,17,0.0,0.0,0.0
55748_G_CTG3,1,18,0.0,0.0,0.0
55748_G_CTG3,1,19,0.0,0.0,0.0
55748_G_CTG3,1,20,0.0,0.0,0.0
55748_G_CTG3,1,21,0.0,0.0,0.0
55748_G_CTG3,1,22,0.0,0.0,0.0
55748_G_CTG3,1,23,0.0,0.0,0.0
55748_G_CTG3,1,24,0.0,0.0,0.0
55748_G_CTG3,1,25,0.0,0.0,0.0
55748_G_CTG4,1,1,0.0,0.0,0.0
55748_G_CTG4,1,2,0.0,0.0,0.0
55748_G_CTG4,1,3,0.0,0.0,0.0
55748_G_CTG4,1,4,0.0,0.0,0.0
55748_G_CTG4,1,5,0.0,0.0,0.0
55748_G_CTG4,1,6,0.0,0.0,0.0
55748_G_CTG4,1,7,0.0,0.0,0.0
55748_G_CTG4,1,8,0.0,0.0,0.0
55748_G_CTG4,1,9,0.0,0.0,0.0
55748_G_CTG4,1,10,0.0,0.0,0.0
55748_G_CTG4,1,11,0.0,0.0,0.0
55748_G_CTG4,1,12,0.0,0.0,0.0
55748_G_CTG4,1,13,0.0,0.0,0.0
55748_G_CTG4,1,14,0.0,0.0,0.0
55748_G_CTG4,1,15,0.0,0.0,0.0
55748_G_CTG4,1,16,0.0,0.0,0.0
55748_G_CTG4,1,17,0.0,0.0,0.0
55748_G_CTG4,1,18,0.0,0.0,0.0
55748_G_CTG4,1,19,0.0,0.0,0.0
55748_G_CTG4,1,20,0.0,0.0,0.0
55748_G_CTG4,1,21,0.0,0.0,0.0
55748_G_CTG4,1,22,0.0,0.0,0.0
55748_G_CTG4,1,23,0.0,0.0,0.0
55748_G_CTG4,1,24,0.0,0.0,0.0
55748_G_CTG4,1,25,0.0,0.0,0.0
55810_G_S5,1,1,0.0,0.0,0.0
55810_G_S5,1,2,0.0,0.0,0.0
55810_G_S5,1,3,0.0,0.0,0.0
55810_G_S5,1,4,0.0,0.0,0.0
55810_G_S5,1,5,0.0,0.0,0.0
55810_G_S5,1,6,0.0,0.0,0.0
55810_G_S5,1,7,0.0,0.0,0.0
55810_G_S5,1,8,0.0,0.0,0.0
55810_G_S5,1,9,0.0,0.0,0.0
55810_G_S5,1,10,0.0,0.0,0.0
55810_G_S5,1,11,0.0,0.0,0.0
55810_G_S5,1,12,0.0,0.0,0.0
55810_G_S5,1,13,0.0,0.0,0.0
55810_G_S5,1,14,0.0,0.0,0.0
55810_G_S5,1,15,0.0,0.0,0.0
55810_G_S5,1,16,0.0,0.0,0.0
55810_G_S5,1,17,0.0,0.0,0.0
55810_G_S5,1,18,0.0,0.0,0.0
55810_G_S5,1,19,0.0,0.0,0.0
55810_G_S5,1,20,0.0,0.0,0.0
55810_G_S5,1,21,0.0,0.0,0.0
55810_G_S5,1,22,0.0,0.0,0.0
55810_G_S5,1,23,0.0,0.0,0.0
55810_G_S5,1,24,0.0,0.0,0.0
55810_G_S5,1,25,0.0,0.0,0.0
55933_G_TCC1,1,1,0.0,0.0,0.0
55933_G_TCC1,1,2,0.0,0.0,0.0
55933_G_TCC1,1,3,0.0,0.0,0.0
55933_G_TCC1,1,4,0.0,0.0,0.0
55933_G_TCC1,1,5,0.0,0.0,0.0
55933_G_TCC1,1,6,0.0,0.0,0.0
55933_G_TCC1,1,7,0.0,0.0,0.0
55933_G_TCC1,1,8,0.0,0.0,0.0
55933_G_TCC1,1,9,0.0,0.0,0.0
55933_G_TCC1,1,10,0.0,0.0,0.0
55933_G_TCC1,1,11,0.0,0.0,0.0
55933_G_TCC1,1,12,0.0,0.0,0.0
55933_G_TCC1,1,13,0.0,0.0,0.0
55933_G_TCC1,1,14,0.0,0.0,0.0
55933_G_TCC1,1,15,0.0,0.0,0.0
55933_G_TCC1,1,16,0.0,0.0,0.0
55933_G_TCC1,1,17,0.0,0.0,0.0
55933_G_TCC1,1,18,0.0,0.0,0.0
55933_G_TCC1,1,19,0.0,0.0,0.0
55933_G_TCC1,1,20,0.0,0.0,0.0
55933_G_TCC1,1,21,0.0,0.0,0.0
55933_G_TCC1,1,22,0.0,0.0,0.0
55933_G_TCC1,1,23,0.0,0.0,0.0
55933_G_TCC1,1,24,0.0,0.0,0.0
55933_G_TCC1,1,25,0.0,0.0,0.0
55933_G_TPP1,1,1,0.0,0.0,0.0
55933_G_TPP1,1,2,0.0,0.0,0.0
55933_G_TPP1,1,3,0.0,0.0,0.0
55933_G_TPP1,1,4,0.0,0.0,0.0
55933_G_TPP1,1,5,0.0,0.0,0.0
55933_G_TPP1,1,6,0.0,0.0,0.0
55933_G_TPP1,1,7,0.0,0.0,0.0
55933_G_TPP1,1,8,0.0,0.0,0.0
55933_G_TPP1,1,9,0.0,0.0,0.0
55933_G_TPP1,1,10,0.0,0.0,0.0
55933_G_TPP1,1,11,0.0,0.0,0.0
55933_G_TPP1,1,12,0.0,0.0,0.0
55933_G_TPP1,1,13,0.0,0.0,0.0
55933_G_TPP1,1,14,0.0,0.0,0.0
55933_G_TPP1,1,15,0.0,0.0,0.0
55933_G_TPP1,1,16,0.0,0.0,0.0
55933_G_TPP1,1,17,0.0,0.0,0.0
55933_G_TPP1,1,18,0.0,0.0,0.0
55933_G_TPP1,1,19,0.0,0.0,0.0
55933_G_TPP1,1,20,0.0,0.0,0.0
55933_G_TPP1,1,21,0.0,0.0,0.0
55933_G_TPP1,1,22,0.0,0.0,0.0
55933_G_TPP1,1,23,0.0,0.0,0.0
55933_G_TPP1,1,24,0.0,0.0,0.0
55933_G_TPP1,1,25,0.0,0.0,0.0
55933_G_TPP2,1,1,0.0,0.0,0.0
55933_G_TPP2,1,2,0.0,0.0,0.0
55933_G_TPP2,1,3,0.0,0.0,0.0
55933_G_TPP2,1,4,0.0,0.0,0.0
55933_G_TPP2,1,5,0.0,0.0,0.0
55933_G_TPP2,1,6,0.0,0.0,0.0
55933_G_TPP2,1,7,0.0,0.0,0.0
55933_G_TPP2,1,8,0.0,0.0,0.0
55933_G_TPP2,1,9,0.0,0.0,0.0
55933_G_TPP2,1,10,0.0,0.0,0.0
55933_G_TPP2,1,11,0.0,0.0,0.0
55933_G_TPP2,1,12,0.0,0.0,0.0
55933_G_TPP2,1,13,0.0,0.0,0.0
55933_G_TPP2,1,14,0.0,0.0,0.0
55933_G_TPP2,1,15,0.0,0.0,0.0
55933_G_TPP2,1,16,0.0,0.0,0.0
55933_G_TPP2,1,17,0.0,0.0,0.0
55933_G_TPP2,1,18,0.0,0.0,0.0
55933_G_TPP2,1,19,0.0,0.0,0.0
55933_G_TPP2,1,20,0.0,0.0,0.0
55933_G_TPP2,1,21,0.0,0.0,0.0
55933_G_TPP2,1,22,0.0,0.0,0.0
55933_G_TPP2,1,23,0.0,0.0,0.0
55933_G_TPP2,1,24,0.0,0.0,0.0
55933_G_TPP2,1,25,0.0,0.0,0.0
55951_G_AMP1,1,1,0.0,0.0,0.0
55951_G_AMP1,1,2,0.0,0.0,0.0
55951_G_AMP1,1,3,0.0,0.0,0.0
55951_G_AMP1,1,4,0.0,0.0,0.0
55951_G_AMP1,1,5,0.0,0.0,0.0
55951_G_AMP1,1,6,0.0,0.0,0.0
55951_G_AMP1,1,7,0.0,0.0,0.0
55951_G_AMP1,1,8,0.0,0.0,0.0
55951_G_AMP1,1,9,0.0,0.0,0.0
55951_G_AMP1,1,10,0.0,0.0,0.0
55951_G_AMP1,1,11,0.0,0.0,0.0
55951_G_AMP1,1,12,0.0,0.0,0.0
55951_G_AMP1,1,13,0.0,0.0,0.0
55951_G_AMP1,1,14,0.0,0.0,0.0
55951_G_AMP1,1,15,0.0,0.0,0.0
55951_G_AMP1,1,16,0.0,0.0,0.0
55951_G_AMP1,1,17,0.0,0.0,0.0
55951_G_AMP1,1,18,0.0,0.0,0.0
55951_G_AMP1,1,19,0.0,0.0,0.0
55951_G_AMP1,1,20,0.0,0.0,0.0
55951_G_AMP1,1,21,0.0,0.0,0.0
55951_G_AMP1,1,22,0.0,0.0,0.0
55951_G_AMP1,1,23,0.0,0.0,0.0
55951_G_AMP1,1,24,0.0,0.0,0.0
55951_G_AMP1,1,25,0.0,0.0,0.0
55970_G_1,1,1,68.4,0.0,0.0
55970_G_1,1,2,68.4,0.0,0.0
55970_G_1,1,3,68.4,0.0,0.0
55970_G_1,1,4,122.77800000000008,0.0,0.0
55970_G_1,1,5,171.0,0.0,0.0
55970_G_1,1,6,171.0,0.0,0.0
55970_G_1,1,7,116.62199999999996,0.0,0.0
55970_G_1,1,8,68.4,0.0,0.0
55970_G_1,1,9,68.4,0.0,0.0
55970_G_1,1,10,68.4,0.0,0.0
55970_G_1,1,11,68.4,0.0,0.0
55970_G_1,1,12,68.4,0.0,0.0
55970_G_1,1,13,68.4,0.0,0.0
55970_G_1,1,14,68.4,0.0,0.0
55970_G_1,1,15,68.4,0.0,0.0
55970_G_1,1,16,68.4,0.0,0.0
55970_G_1,1,17,122.778,0.0,0.0
55970_G_1,1,18,170.99999999999818,0.0,0.0
55970_G_1,1,19,171.0,0.0,0.0
55970_G_1,1,20,171.0,0.0,0.0
55970_G_1,1,21,171.0,0.0,0.0
55970_G_1,1,22,171.0,0.0,0.0
55970_G_1,1,23,171.0,0.0,0.0
55970_G_1,1,24,171.0,0.0,0.0
55970_G_1,1,25,171.0,0.0,0.0
55970_G_2,1,1,66.4,0.0,0.0
55970_G_2,1,2,66.4,0.0,0.0
55970_G_2,1,3,66.4,0.0,0.0
55970_G_2,1,4,119.18800000000002,0.0,0.0
55970_G_2,1,5,166.0,0.0,0.0
55970_G_2,1,6,166.0,0.0,0.0
55970_G_2,1,7,113.21199999999995,0.0,0.0
55970_G_2,1,8,66.4,0.0,0.0
55970_G_2,1,9,66.4,0.0,0.0
55970_G_2,1,10,66.4,0.0,0.0
55970_G_2,1,11,66.4,0.0,0.0
55970_G_2,1,12,66.4,0.0,0.0
55970_G_2,1,13,66.4,0.0,0.0
55970_G_2,1,14,66.4,0.0,0.0
55970_G_2,1,15,66.4,0.0,0.0
55970_G_2,1,16,66.4,0.0,0.0
55970_G_2,1,17,119.18800000000002,0.0,0.0
55970_G_2,1,18,113.21199999999995,52.78800000000005,0.0
55970_G_2,1,19,166.0,0.0,0.0
55970_G_2,1,20,166.0,0.0,0.0
55970_G_2,1,21,166.0,0.0,0.0
55970_G_2,1,22,166.0,0.0,0.0
55970_G_2,1,23,166.0,0.0,0.0
55970_G_2,1,24,166.0,0.0,0.0
55970_G_2,1,25,166.0,0.0,0.0
55970_G_3,1,1,66.4,0.0,0.0
55970_G_3,1,2,66.4,0.0,0.0
55970_G_3,1,3,66.4,0.0,0.0
55970_G_3,1,4,119.18800000000009,46.81199999999991,0.0
55970_G_3,1,5,166.0,0.0,0.0
55970_G_3,1,6,166.0,0.0,0.0
55970_G_3,1,7,113.21199999999995,0.0,0.0
55970_G_3,1,8,66.4,0.0,0.0
55970_G_3,1,9,66.4,0.0,0.0
55970_G_3,1,10,66.4,0.0,0.0
55970_G_3,1,11,66.4,0.0,0.0
55970_G_3,1,12,66.4,0.0,0.0
55970_G_3,1,13,66.4,0.0,0.0
55970_G_3,1,14,66.4,0.0,0.0
55970_G_3,1,15,66.4,0.0,0.0
55970_G_3,1,16,66.4,0.0,0.0
55970_G_3,1,17,119.18800000000002,0.0,0.0
55970_G_3,1,18,166.0,0.0,0.0
55970_G_3,1,19,166.0,0.0,0.0
55970_G_3,1,20,166.0,0.0,0.0
55970_G_3,1,21,166.0,0.0,0.0
55970_G_3,1,22,166.0,0.0,0.0
55970_G_3,1,23,166.0,0.0,0.0
55970_G_3,1,24,166.0,0.0,0.0
55970_G_3,1,25,166.0,0.0,0.0
55983_G_TG51,1,1,46.0,0.0,0.0
55983_G_TG51,1,2,46.0,0.0,0.0
55983_G_TG51,1,3,46.0,0.0,0.0
55983_G_TG51,1,4,46.0,0.0,0.0
55983_G_TG51,1,5,46.0,0.0,0.0
55983_G_TG51,1,6,46.0,0.0,0.0
55983_G_TG51,1,7,46.0,0.0,0.0
55983_G_TG51,1,8,46.0,0.0,0.0
55983_G_TG51,1,9,30.268,0.0,0.0
55983_G_TG51,1,10,18.4,0.0,0.0
55983_G_TG51,1,11,18.4,0.0,0.0
55983_G_TG51,1,12,18.4,0.0,0.0
55983_G_TG51,1,13,18.4,0.0,0.0
55983_G_TG51,1,14,18.4,0.0,0.0
55983_G_TG51,1,15,30.268,0.0,0.0
55983_G_TG51,1,16,46.0,0.0,0.0
55983_G_TG51,1,17,46.0,0.0,0.0
55983_G_TG51,1,18,46.0,0.0,0.0
55983_G_TG51,1,19,46.0,0.0,0.0
55983_G_TG51,1,20,46.0,0.0,0.0
55983_G_TG51,1,21,46.0,0.0,0.0
55983_G_TG51,1,22,46.0,0.0,0.0
55983_G_TG51,1,23,46.0,0.0,0.0
55983_G_TG51,1,24,46.0,0.0,0.0
55983_G_TG51,1,25,46.0,0.0,0.0
55984_G_TG21,1,1,10.9,0.0,0.0
55984_G_TG21,1,2,10.9,0.0,0.0
55984_G_TG21,1,3,10.9,0.0,0.0
55984_G_TG21,1,4,10.9,0.0,0.0
55984_G_TG21,1,5,10.9,0.0,0.0
55984_G_TG21,1,6,10.9,0.0,0.0
55984_G_TG21,1,7,10.9,0.0,0.0
55984_G_TG21,1,8,10.9,0.0,0.0
55984_G_TG21,1,9,7.172200000000001,3.7277999999999993,2.812200000000003
55984_G_TG21,1,10,4.36,6.54,0.0
55984_G_TG21,1,11,4.36,6.54,0.0
55984_G_TG21,1,12,4.36,6.54,0.0
55984_G_TG21,1,13,4.36,6.54,0.0
55984_G_TG21,1,14,4.36,6.54,0.0
55984_G_TG21,1,15,7.1722,3.7278000000000002,2.812200000000002
55984_G_TG21,1,16,10.9,0.0,0.0
55984_G_TG21,1,17,10.9,0.0,0.0
55984_G_TG21,1,18,10.9,0.0,0.0
55984_G_TG21,1,19,10.9,0.0,0.0
55984_G_TG21,1,20,10.9,0.0,0.0
55984_G_TG21,1,21,10.9,0.0,0.0
55984_G_TG21,1,22,10.9,0.0,0.0
55984_G_TG21,1,23,10.9,0.0,0.0
55984_G_TG21,1,24,10.9,0.0,0.0
55984_G_TG21,1,25,10.9,0.0,0.0
55985_G_CTG1,1,1,68.0,0.0,0.0
55985_G_CTG1,1,2,68.0,0.0,0.0
55985_G_CTG1,1,3,68.0,0.0,0.0
55985_G_CTG1,1,4,122.06000000000007,47.93999999999993,0.0
55985_G_CTG1,1,5,170.0,0.0,0.0
55985_G_CTG1,1,6,170.0,0.0,0.0
55985_G_CTG1,1,7,115.93999999999996,0.0,0.0
55985_G_CTG1,1,8,67.99999999999999,0.0,0.0
55985_G_CTG1,1,9,68.0,0.0,0.0
55985_G_CTG1,1,10,68.0,0.0,0.0
55985_G_CTG1,1,11,68.0,0.0,0.0
55985_G_CTG1,1,12,68.0,0.0,0.0
55985_G_CTG1,1,13,68.0,0.0,0.0
55985_G_CTG1,1,14,68.0,0.0,0.0
55985_G_CTG1,1,15,68.0,0.0,0.0
55985_G_CTG1,1,16,68.0,0.0,0.0
55985_G_CTG1,1,17,122.06,0.0,0.0
55985_G_CTG1,1,18,170.0,0.0,0.0
55985_G_CTG1,1,19,170.0,0.0,0.0
55985_G_CTG1,1,20,170.0,0.0,0.0
55985_G_CTG1,1,21,170.0,0.0,0.0
55985_G_CTG1,1,22,170.0,0.0,0.0
55985_G_CTG1,1,23,170.0,0.0,0.0
55985_G_CTG1,1,24,170.0,0.0,0.0
55985_G_CTG1,1,25,170.0,0.0,0.0
55985_G_CTG2,1,1,68.0,0.0,0.0
55985_G_CTG2,1,2,68.0,0.0,0.0
55985_G_CTG2,1,3,68.0,0.0,0.0
55985_G_CTG2,1,4,122.06,7.323630265476893,0.0
55985_G_CTG2,1,5,170.0,0.0,0.0
55985_G_CTG2,1,6,170.0,0.0,0.0
55985_G_CTG2,1,7,115.93999999999996,0.0,0.0
55985_G_CTG2,1,8,67.99999999999999,0.0,0.0
55985_G_CTG2,1,9,68.0,0.0,0.0
55985_G_CTG2,1,10,68.0,0.0,0.0
55985_G_CTG2,1,11,68.0,0.0,0.0
55985_G_CTG2,1,12,68.0,0.0,0.0
55985_G_CTG2,1,13,68.0,0.0,0.0
55985_G_CTG2,1,14,68.0,0.0,0.0
55985_G_CTG2,1,15,68.0,0.0,0.0
55985_G_CTG2,1,16,68.0,0.0,0.0
55985_G_CTG2,1,17,122.06,0.0,0.0
55985_G_CTG2,1,18,170.0,0.0,0.0
55985_G_CTG2,1,19,170.0,0.0,0.0
55985_G_CTG2,1,20,170.0,0.0,0.0
55985_G_CTG2,1,21,170.0,0.0,0.0
55985_G_CTG2,1,22,170.0,0.0,0.0
55985_G_CTG2,1,23,170.0,0.0,0.0
55985_G_CTG2,1,24,170.0,0.0,0.0
55985_G_CTG2,1,25,170.0,0.0,0.0
55985_G_STG,1,1,88.80000000000004,0.0,0.0
55985_G_STG,1,2,88.80000000000004,0.0,0.0
55985_G_STG,1,3,88.80000000000004,0.0,0.0
55985_G_STG,1,4,159.39600000000004,0.0,0.0
55985_G_STG,1,5,222.0,0.0,0.0
55985_G_STG,1,6,222.0,0.0,0.0
55985_G_STG,1,7,151.40399999999994,0.0,0.0
55985_G_STG,1,8,0.0,0.0,0.0
55985_G_STG,1,9,0.0,0.0,0.0
55985_G_STG,1,10,0.0,0.0,0.0
55985_G_STG,1,11,0.0,0.0,0.0
55985_G_STG,1,12,0.0,0.0,0.0
55985_G_STG,1,13,0.0,0.0,0.0
55985_G_STG,1,14,0.0,0.0,0.0
55985_G_STG,1,15,0.0,0.0,0.0
55985_G_STG,1,16,0.0,0.0,0.0
55985_G_STG,1,17,159.39600000000004,0.0,0.0
55985_G_STG,1,18,151.40399999999994,70.59600000000006,0.0
55985_G_STG,1,19,222.0,0.0,0.0
55985_G_STG,1,20,222.0,0.0,0.0
55985_G_STG,1,21,222.0,0.0,0.0
55985_G_STG,1,22,222.0,0.0,0.0
55985_G_STG,1,23,222.0,0.0,0.0
55985_G_STG,1,24,222.0,0.0,0.0
55985_G_STG,1,25,222.0,0.0,0.0
56026_G_CTG1,1,1,0.0,0.0,0.0
56026_G_CTG1,1,2,0.0,0.0,0.0
56026_G_CTG1,1,3,0.0,0.0,0.0
56026_G_CTG1,1,4,0.0,0.0,0.0
56026_G_CTG1,1,5,0.0,0.0,0.0
56026_G_CTG1,1,6,0.0,0.0,0.0
56026_G_CTG1,1,7,0.0,0.0,0.0
56026_G_CTG1,1,8,0.0,0.0,0.0
56026_G_CTG1,1,9,0.0,0.0,0.0
56026_G_CTG1,1,10,0.0,0.0,0.0
56026_G_CTG1,1,11,0.0,0.0,0.0
56026_G_CTG1,1,12,0.0,0.0,0.0
56026_G_CTG1,1,13,0.0,0.0,0.0
56026_G_CTG1,1,14,0.0,0.0,0.0
56026_G_CTG1,1,15,0.0,0.0,0.0
56026_G_CTG1,1,16,0.0,0.0,0.0
56026_G_CTG1,1,17,0.0,0.0,0.0
56026_G_CTG1,1,18,0.0,0.0,0.0
56026_G_CTG1,1,19,0.0,0.0,0.0
56026_G_CTG1,1,20,0.0,0.0,0.0
56026_G_CTG1,1,21,0.0,0.0,0.0
56026_G_CTG1,1,22,0.0,0.0,0.0
56026_G_CTG1,1,23,0.0,0.0,0.0
56026_G_CTG1,1,24,0.0,0.0,0.0
56026_G_CTG1,1,25,0.0,0.0,0.0
56026_G_CTG2,1,1,0.0,0.0,0.0
56026_G_CTG2,1,2,0.0,0.0,0.0
56026_G_CTG2,1,3,0.0,0.0,0.0
56026_G_CTG2,1,4,0.0,0.0,0.0
56026_G_CTG2,1,5,0.0,0.0,0.0
56026_G_CTG2,1,6,0.0,0.0,0.0
56026_G_CTG2,1,7,0.0,0.0,0.0
56026_G_CTG2,1,8,0.0,0.0,0.0
56026_G_CTG2,1,9,0.0,0.0,0.0
56026_G_CTG2,1,10,0.0,0.0,0.0
56026_G_CTG2,1,11,0.0,0.0,0.0
56026_G_CTG2,1,12,0.0,0.0,0.0
56026_G_CTG2,1,13,0.0,0.0,0.0
56026_G_CTG2,1,14,0.0,0.0,0.0
56026_G_CTG2,1,15,0.0,0.0,0.0
56026_G_CTG2,1,16,0.0,0.0,0.0
56026_G_CTG2,1,17,0.0,0.0,0.0
56026_G_CTG2,1,18,0.0,0.0,0.0
56026_G_CTG2,1,19,0.0,0.0,0.0
56026_G_CTG2,1,20,0.0,0.0,0.0
56026_G_CTG2,1,21,0.0,0.0,0.0
56026_G_CTG2,1,22,0.0,0.0,0.0
56026_G_CTG2,1,23,0.0,0.0,0.0
56026_G_CTG2,1,24,0.0,0.0,0.0
56026_G_CTG2,1,25,0.0,0.0,0.0
56026_G_STG,1,1,0.0,0.0,0.0
56026_G_STG,1,2,0.0,0.0,0.0
56026_G_STG,1,3,0.0,0.0,0.0
56026_G_STG,1,4,0.0,0.0,0.0
56026_G_STG,1,5,0.0,0.0,0.0
56026_G_STG,1,6,0.0,0.0,0.0
56026_G_STG,1,7,0.0,0.0,0.0
56026_G_STG,1,8,0.0,0.0,0.0
56026_G_STG,1,9,0.0,0.0,0.0
56026_G_STG,1,10,0.0,0.0,0.0
56026_G_STG,1,11,0.0,0.0,0.0
56026_G_STG,1,12,0.0,0.0,0.0
56026_G_STG,1,13,0.0,0.0,0.0
56026_G_STG,1,14,0.0,0.0,0.0
56026_G_STG,1,15,0.0,0.0,0.0
56026_G_STG,1,16,0.0,0.0,0.0
56026_G_STG,1,17,0.0,0.0,0.0
56026_G_STG,1,18,0.0,0.0,0.0
56026_G_STG,1,19,0.0,0.0,0.0
56026_G_STG,1,20,0.0,0.0,0.0
56026_G_STG,1,21,0.0,0.0,0.0
56026_G_STG,1,22,0.0,0.0,0.0
56026_G_STG,1,23,0.0,0.0,0.0
56026_G_STG,1,24,0.0,0.0,0.0
56026_G_STG,1,25,0.0,0.0,0.0
56041_G_M1,1,1,0.0,0.0,0.0
56041_G_M1,1,2,0.0,0.0,0.0
56041_G_M1,1,3,0.0,0.0,0.0
56041_G_M1,1,4,0.0,0.0,0.0
56041_G_M1,1,5,0.0,0.0,0.0
56041_G_M1,1,6,0.0,0.0,0.0
56041_G_M1,1,7,0.0,0.0,0.0
56041_G_M1,1,8,0.0,0.0,0.0
56041_G_M1,1,9,0.0,0.0,0.0
56041_G_M1,1,10,0.0,0.0,0.0
56041_G_M1,1,11,0.0,0.0,0.0
56041_G_M1,1,12,0.0,0.0,0.0
56041_G_M1,1,13,0.0,0.0,0.0
56041_G_M1,1,14,0.0,0.0,0.0
56041_G_M1,1,15,0.0,0.0,0.0
56041_G_M1,1,16,0.0,0.0,0.0
56041_G_M1,1,17,0.0,0.0,0.0
56041_G_M1,1,18,0.0,0.0,0.0
56041_G_M1,1,19,0.0,0.0,0.0
56041_G_M1,1,20,0.0,0.0,0.0
56041_G_M1,1,21,0.0,0.0,0.0
56041_G_M1,1,22,0.0,0.0,0.0
56041_G_M1,1,23,0.0,0.0,0.0
56041_G_M1,1,24,0.0,0.0,0.0
56041_G_M1,1,25,0.0,0.0,0.0
56041_G_M2,1,1,0.0,0.0,0.0
56041_G_M2,1,2,0.0,0.0,0.0
56041_G_M2,1,3,0.0,0.0,0.0
56041_G_M2,1,4,0.0,0.0,0.0
56041_G_M2,1,5,0.0,0.0,0.0
56041_G_M2,1,6,0.0,0.0,0.0
56041_G_M2,1,7,0.0,0.0,0.0
56041_G_M2,1,8,0.0,0.0,0.0
56041_G_M2,1,9,0.0,0.0,0.0
56041_G_M2,1,10,0.0,0.0,0.0
56041_G_M2,1,11,0.0,0.0,0.0
56041_G_M2,1,12,0.0,0.0,0.0
56041_G_M2,1,13,0.0,0.0,0.0
56041_G_M2,1,14,0.0,0.0,0.0
56041_G_M2,1,15,0.0,0.0,0.0
56041_G_M2,1,16,0.0,0.0,0.0
56041_G_M2,1,17,0.0,0.0,0.0
56041_G_M2,1,18,0.0,0.0,0.0
56041_G_M2,1,19,0.0,0.0,0.0
56041_G_M2,1,20,0.0,0.0,0.0
56041_G_M2,1,21,0.0,0.0,0.0
56041_G_M2,1,22,0.0,0.0,0.0
56041_G_M2,1,23,0.0,0.0,0.0
56041_G_M2,1,24,0.0,0.0,0.0
56041_G_M2,1,25,0.0,0.0,0.0
56041_G_M3,1,1,0.0,0.0,0.0
56041_G_M3,1,2,0.0,0.0,0.0
56041_G_M3,1,3,0.0,0.0,0.0
56041_G_M3,1,4,0.0,0.0,0.0
56041_G_M3,1,5,0.0,0.0,0.0
56041_G_M3,1,6,0.0,0.0,0.0
56041_G_M3,1,7,0.0,0.0,0.0
56041_G_M3,1,8,0.0,0.0,0.0
56041_G_M3,1,9,0.0,0.0,0.0
56041_G_M3,1,10,0.0,0.0,0.0
56041_G_M3,1,11,0.0,0.0,0.0
56041_G_M3,1,12,0.0,0.0,0.0
56041_G_M3,1,13,0.0,0.0,0.0
56041_G_M3,1,14,0.0,0.0,0.0
56041_G_M3,1,15,0.0,0.0,0.0
56041_G_M3,1,16,0.0,0.0,0.0
56041_G_M3,1,17,0.0,0.0,0.0
56041_G_M3,1,18,0.0,0.0,0.0
56041_G_M3,1,19,0.0,0.0,0.0
56041_G_M3,1,20,0.0,0.0,0.0
56041_G_M3,1,21,0.0,0.0,0.0
56041_G_M3,1,22,0.0,0.0,0.0
56041_G_M3,1,23,0.0,0.0,0.0
56041_G_M3,1,24,0.0,0.0,0.0
56041_G_M3,1,25,0.0,0.0,0.0
56046_G_1,1,1,64.4,0.0,0.0
56046_G_1,1,2,64.4,0.0,0.0
56046_G_1,1,3,64.4,0.0,0.0
56046_G_1,1,4,109.80199999999999,0.0,0.0
56046_G_1,1,5,161.0,0.0,0.0
56046_G_1,1,6,161.0,0.0,0.0
56046_G_1,1,7,109.80199999999992,0.0,0.0
56046_G_1,1,8,0.0,0.0,0.0
56046_G_1,1,9,0.0,0.0,0.0
56046_G_1,1,10,0.0,0.0,0.0
56046_G_1,1,11,0.0,0.0,0.0
56046_G_1,1,12,0.0,0.0,0.0
56046_G_1,1,13,0.0,0.0,0.0
56046_G_1,1,14,0.0,0.0,0.0
56046_G_1,1,15,0.0,0.0,0.0
56046_G_1,1,16,0.0,0.0,0.0
56046_G_1,1,17,115.59800000000001,0.0,0.0
56046_G_1,1,18,109.80199999999995,0.0,0.0
56046_G_1,1,19,161.0,0.0,0.0
56046_G_1,1,20,161.0,0.0,0.0
56046_G_1,1,21,161.0,0.0,0.0
56046_G_1,1,22,161.0,0.0,0.0
56046_G_1,1,23,161.0,0.0,0.0
56046_G_1,1,24,161.0,0.0,0.0
56046_G_1,1,25,161.0,0.0,0.0
56046_G_2,1,1,56.0,0.0,0.0
56046_G_2,1,2,56.0,0.0,0.0
56046_G_2,1,3,56.0,0.0,0.0
56046_G_2,1,4,95.47999999999999,0.0,0.0
56046_G_2,1,5,140.0,0.0,0.0
56046_G_2,1,6,140.0,0.0,0.0
56046_G_2,1,7,95.47999999999995,0.0,0.0
56046_G_2,1,8,0.0,0.0,0.0
56046_G_2,1,9,0.0,0.0,0.0
56046_G_2,1,10,0.0,0.0,0.0
56046_G_2,1,11,0.0,0.0,0.0
56046_G_2,1,12,0.0,0.0,0.0
56046_G_2,1,13,0.0,0.0,0.0
56046_G_2,1,14,0.0,0.0,0.0
56046_G_2,1,15,0.0,0.0,0.0
56046_G_2,1,16,0.0,0.0,0.0
56046_G_2,1,17,100.52000000000001,0.0,0.0
56046_G_2,1,18,95.47999999999998,0.0,0.0
56046_G_2,1,19,140.0,0.0,0.0
56046_G_2,1,20,140.0,0.0,0.0
56046_G_2,1,21,140.0,0.0,0.0
56046_G_2,1,22,140.0,0.0,0.0
56046_G_2,1,23,140.0,0.0,0.0
56046_G_2,1,24,140.0,0.0,0.0
56046_G_2,1,25,140.0,0.0,0.0
56078_G_1,1,1,0.0,0.0,0.0
56078_G_1,1,2,0.0,0.0,0.0
56078_G_1,1,3,0.0,0.0,0.0
56078_G_1,1,4,0.0,0.0,0.0
56078_G_1,1,5,0.0,0.0,0.0
56078_G_1,1,6,0.0,0.0,0.0
56078_G_1,1,7,0.0,0.0,0.0
56078_G_1,1,8,0.0,0.0,0.0
56078_G_1,1,9,0.0,0.0,0.0
56078_G_1,1,10,0.0,0.0,0.0
56078_G_1,1,11,0.0,0.0,0.0
56078_G_1,1,12,0.0,0.0,0.0
56078_G_1,1,13,0.0,0.0,0.0
56078_G_1,1,14,0.0,0.0,0.0
56078_G_1,1,15,0.0,0.0,0.0
56078_G_1,1,16,0.0,0.0,0.0
56078_G_1,1,17,0.0,0.0,0.0
56078_G_1,1,18,0.0,0.0,0.0
56078_G_1,1,19,0.0,0.0,0.0
56078_G_1,1,20,0.0,0.0,0.0
56078_G_1,1,21,0.0,0.0,0.0
56078_G_1,1,22,0.0,0.0,0.0
56078_G_1,1,23,0.0,0.0,0.0
56078_G_1,1,24,0.0,0.0,0.0
56078_G_1,1,25,0.0,0.0,0.0
56078_G_2,1,1,0.0,0.0,0.0
56078_G_2,1,2,0.0,0.0,0.0
56078_G_2,1,3,0.0,0.0,0.0
56078_G_2,1,4,0.0,0.0,0.0
56078_G_2,1,5,0.0,0.0,0.0
56078_G_2,1,6,0.0,0.0,0.0
56078_G_2,1,7,0.0,0.0,0.0
56078_G_2,1,8,0.0,0.0,0.0
56078_G_2,1,9,0.0,0.0,0.0
56078_G_2,1,10,0.0,0.0,0.0
56078_G_2,1,11,0.0,0.0,0.0
56078_G_2,1,12,0.0,0.0,0.0
56078_G_2,1,13,0.0,0.0,0.0
56078_G_2,1,14,0.0,0.0,0.0
56078_G_2,1,15,0.0,0.0,0.0
56078_G_2,1,16,0.0,0.0,0.0
56078_G_2,1,17,0.0,0.0,0.0
56078_G_2,1,18,0.0,0.0,0.0
56078_G_2,1,19,0.0,0.0,0.0
56078_G_2,1,20,0.0,0.0,0.0
56078_G_2,1,21,0.0,0.0,0.0
56078_G_2,1,22,0.0,0.0,0.0
56078_G_2,1,23,0.0,0.0,0.0
56078_G_2,1,24,0.0,0.0,0.0
56078_G_2,1,25,0.0,0.0,0.0
56078_G_3,1,1,0.0,0.0,0.0
56078_G_3,1,2,0.0,0.0,0.0
56078_G_3,1,3,0.0,0.0,0.0
56078_G_3,1,4,0.0,0.0,0.0
56078_G_3,1,5,0.0,0.0,0.0
56078_G_3,1,6,0.0,0.0,0.0
56078_G_3,1,7,0.0,0.0,0.0
56078_G_3,1,8,0.0,0.0,0.0
56078_G_3,1,9,0.0,0.0,0.0
56078_G_3,1,10,0.0,0.0,0.0
56078_G_3,1,11,0.0,0.0,0.0
56078_G_3,1,12,0.0,0.0,0.0
56078_G_3,1,13,0.0,0.0,0.0
56078_G_3,1,14,0.0,0.0,0.0
56078_G_3,1,15,0.0,0.0,0.0
56078_G_3,1,16,0.0,0.0,0.0
56078_G_3,1,17,0.0,0.0,0.0
56078_G_3,1,18,0.0,0.0,0.0
56078_G_3,1,19,0.0,0.0,0.0
56078_G_3,1,20,0.0,0.0,0.0
56078_G_3,1,21,0.0,0.0,0.0
56078_G_3,1,22,0.0,0.0,0.0
56078_G_3,1,23,0.0,0.0,0.0
56078_G_3,1,24,0.0,0.0,0.0
56078_G_3,1,25,0.0,0.0,0.0
56090_G_D182,1,1,11.2,0.0,0.0
56090_G_D182,1,2,11.2,0.0,0.0
56090_G_D182,1,3,11.2,0.0,0.0
56090_G_D182,1,4,11.2,0.0,0.0
56090_G_D182,1,5,11.2,0.0,0.0
56090_G_D182,1,6,11.2,0.0,0.0
56090_G_D182,1,7,11.2,0.0,0.0
56090_G_D182,1,8,6.16,0.0,0.0
56090_G_D182,1,9,4.48,0.0,0.0
56090_G_D182,1,10,4.48,0.0,0.0
56090_G_D182,1,11,4.48,0.0,0.0
56090_G_D182,1,12,4.48,0.0,0.0
56090_G_D182,1,13,4.48,0.0,0.0
56090_G_D182,1,14,4.48,0.0,0.0
56090_G_D182,1,15,4.48,0.0,0.0
56090_G_D182,1,16,9.52,0.0,0.0
56090_G_D182,1,17,11.2,0.0,0.0
56090_G_D182,1,18,11.2,0.0,0.0
56090_G_D182,1,19,11.2,0.0,0.0
56090_G_D182,1,20,11.2,0.0,0.0
56090_G_D182,1,21,11.2,0.0,0.0
56090_G_D182,1,22,11.2,0.0,0.0
56090_G_D182,1,23,11.2,0.0,0.0
56090_G_D182,1,24,11.2,0.0,0.0
56090_G_D182,1,25,11.2,0.0,0.0
56090_G_D190,1,1,0.3,0.0,0.0
56090_G_D190,1,2,0.3,0.0,0.0
56090_G_D190,1,3,0.3,0.0,0.0
56090_G_D190,1,4,0.3,0.0,0.0
56090_G_D190,1,5,0.3,0.0,0.0
56090_G_D190,1,6,0.3,0.0,0.0
56090_G_D190,1,7,0.3,0.0,0.0
56090_G_D190,1,8,0.16499999999999998,0.0,0.0
56090_G_D190,1,9,0.12,0.0,0.0
56090_G_D190,1,10,0.12,0.0,0.0
56090_G_D190,1,11,0.12,0.0,0.0
56090_G_D190,1,12,0.12,0.0,0.0
56090_G_D190,1,13,0.12,0.0,0.0
56090_G_D190,1,14,0.12,0.0,0.0
56090_G_D190,1,15,0.12,0.0,0.0
56090_G_D190,1,16,0.255,0.0,0.0
56090_G_D190,1,17,0.3,0.0,0.0
56090_G_D190,1,18,0.3,0.0,0.0
56090_G_D190,1,19,0.3,0.0,0.0
56090_G_D190,1,20,0.3,0.0,0.0
56090_G_D190,1,21,0.3,0.0,0.0
56090_G_D190,1,22,0.3,0.0,0.0
56090_G_D190,1,23,0.3,0.0,0.0
56090_G_D190,1,24,0.3,0.0,0.0
56090_G_D190,1,25,0.3,0.0,0.0
56135_G_2,1,1,0.0,0.0,0.0
56135_G_2,1,2,0.0,0.0,0.0
56135_G_2,1,3,0.0,0.0,0.0
56135_G_2,1,4,0.0,0.0,0.0
56135_G_2,1,5,0.0,0.0,0.0
56135_G_2,1,6,0.0,0.0,0.0
56135_G_2,1,7,0.0,0.0,0.0
56135_G_2,1,8,0.0,0.0,0.0
56135_G_2,1,9,0.0,0.0,0.0
56135_G_2,1,10,0.0,0.0,0.0
56135_G_2,1,11,0.0,0.0,0.0
56135_G_2,1,12,0.0,0.0,0.0
56135_G_2,1,13,0.0,0.0,0.0
56135_G_2,1,14,0.0,0.0,0.0
56135_G_2,1,15,0.0,0.0,0.0
56135_G_2,1,16,0.0,0.0,0.0
56135_G_2,1,17,0.0,0.0,0.0
56135_G_2,1,18,0.0,0.0,0.0
56135_G_2,1,19,0.0,0.0,0.0
56135_G_2,1,20,0.0,0.0,0.0
56135_G_2,1,21,0.0,0.0,0.0
56135_G_2,1,22,0.0,0.0,0.0
56135_G_2,1,23,0.0,0.0,0.0
56135_G_2,1,24,0.0,0.0,0.0
56135_G_2,1,25,0.0,0.0,0.0
56232_G_1,1,1,0.0,0.0,0.0
56232_G_1,1,2,0.0,0.0,0.0
56232_G_1,1,3,0.0,0.0,0.0
56232_G_1,1,4,0.0,0.0,0.0
56232_G_1,1,5,0.0,0.0,0.0
56232_G_1,1,6,0.0,0.0,0.0
56232_G_1,1,7,0.0,0.0,0.0
56232_G_1,1,8,0.0,0.0,0.0
56232_G_1,1,9,0.0,0.0,0.0
56232_G_1,1,10,0.0,0.0,0.0
56232_G_1,1,11,0.0,0.0,0.0
56232_G_1,1,12,0.0,0.0,0.0
56232_G_1,1,13,0.0,0.0,0.0
56232_G_1,1,14,0.0,0.0,0.0
56232_G_1,1,15,0.0,0.0,0.0
56232_G_1,1,16,0.0,0.0,0.0
56232_G_1,1,17,0.0,0.0,0.0
56232_G_1,1,18,0.0,0.0,0.0
56232_G_1,1,19,0.0,0.0,0.0
56232_G_1,1,20,0.0,0.0,0.0
56232_G_1,1,21,0.0,0.0,0.0
56232_G_1,1,22,0.0,0.0,0.0
56232_G_1,1,23,0.0,0.0,0.0
56232_G_1,1,24,0.0,0.0,0.0
56232_G_1,1,25,0.0,0.0,0.0
56298_G_0001,1,1,0.0,0.0,0.0
56298_G_0001,1,2,0.0,0.0,0.0
56298_G_0001,1,3,0.0,0.0,0.0
56298_G_0001,1,4,0.0,0.0,0.0
56298_G_0001,1,5,0.0,0.0,0.0
56298_G_0001,1,6,0.0,0.0,0.0
56298_G_0001,1,7,0.0,0.0,0.0
56298_G_0001,1,8,0.0,0.0,0.0
56298_G_0001,1,9,0.0,0.0,0.0
56298_G_0001,1,10,0.0,0.0,0.0
56298_G_0001,1,11,0.0,0.0,0.0
56298_G_0001,1,12,0.0,0.0,0.0
56298_G_0001,1,13,0.0,0.0,0.0
56298_G_0001,1,14,0.0,0.0,0.0
56298_G_0001,1,15,0.0,0.0,0.0
56298_G_0001,1,16,0.0,0.0,0.0
56298_G_0001,1,17,0.0,0.0,0.0
56298_G_0001,1,18,0.0,0.0,0.0
56298_G_0001,1,19,0.0,0.0,0.0
56298_G_0001,1,20,0.0,0.0,0.0
56298_G_0001,1,21,0.0,0.0,0.0
56298_G_0001,1,22,0.0,0.0,0.0
56298_G_0001,1,23,0.0,0.0,0.0
56298_G_0001,1,24,0.0,0.0,0.0
56298_G_0001,1,25,0.0,0.0,0.0
56298_G_0002,1,1,0.0,0.0,0.0
56298_G_0002,1,2,0.0,0.0,0.0
56298_G_0002,1,3,0.0,0.0,0.0
56298_G_0002,1,4,0.0,0.0,0.0
56298_G_0002,1,5,0.0,0.0,0.0
56298_G_0002,1,6,0.0,0.0,0.0
56298_G_0002,1,7,0.0,0.0,0.0
56298_G_0002,1,8,0.0,0.0,0.0
56298_G_0002,1,9,0.0,0.0,0.0
56298_G_0002,1,10,0.0,0.0,0.0
56298_G_0002,1,11,0.0,0.0,0.0
56298_G_0002,1,12,0.0,0.0,0.0
56298_G_0002,1,13,0.0,0.0,0.0
56298_G_0002,1,14,0.0,0.0,0.0
56298_G_0002,1,15,0.0,0.0,0.0
56298_G_0002,1,16,0.0,0.0,0.0
56298_G_0002,1,17,0.0,0.0,0.0
56298_G_0002,1,18,0.0,0.0,0.0
56298_G_0002,1,19,0.0,0.0,0.0
56298_G_0002,1,20,0.0,0.0,0.0
56298_G_0002,1,21,0.0,0.0,0.0
56298_G_0002,1,22,0.0,0.0,0.0
56298_G_0002,1,23,0.0,0.0,0.0
56298_G_0002,1,24,0.0,0.0,0.0
56298_G_0002,1,25,0.0,0.0,0.0
56298_G_0003,1,1,0.0,0.0,0.0
56298_G_0003,1,2,0.0,0.0,0.0
56298_G_0003,1,3,0.0,0.0,0.0
56298_G_0003,1,4,0.0,0.0,0.0
56298_G_0003,1,5,0.0,0.0,0.0
56298_G_0003,1,6,0.0,0.0,0.0
56298_G_0003,1,7,0.0,0.0,0.0
56298_G_0003,1,8,0.0,0.0,0.0
56298_G_0003,1,9,0.0,0.0,0.0
56298_G_0003,1,10,0.0,0.0,0.0
56298_G_0003,1,11,0.0,0.0,0.0
56298_G_0003,1,12,0.0,0.0,0.0
56298_G_0003,1,13,0.0,0.0,0.0
56298_G_0003,1,14,0.0,0.0,0.0
56298_G_0003,1,15,0.0,0.0,0.0
56298_G_0003,1,16,0.0,0.0,0.0
56298_G_0003,1,17,0.0,0.0,0.0
56298_G_0003,1,18,0.0,0.0,0.0
56298_G_0003,1,19,0.0,0.0,0.0
56298_G_0003,1,20,0.0,0.0,0.0
56298_G_0003,1,21,0.0,0.0,0.0
56298_G_0003,1,22,0.0,0.0,0.0
56298_G_0003,1,23,0.0,0.0,0.0
56298_G_0003,1,24,0.0,0.0,0.0
56298_G_0003,1,25,0.0,0.0,0.0
56356_G_CT1,1,1,0.0,0.0,0.0
56356_G_CT1,1,2,0.0,0.0,0.0
56356_G_CT1,1,3,0.0,0.0,0.0
56356_G_CT1,1,4,0.0,0.0,0.0
56356_G_CT1,1,5,0.0,0.0,0.0
56356_G_CT1,1,6,0.0,0.0,0.0
56356_G_CT1,1,7,0.0,0.0,0.0
56356_G_CT1,1,8,0.0,0.0,0.0
56356_G_CT1,1,9,0.0,0.0,0.0
56356_G_CT1,1,10,0.0,0.0,0.0
56356_G_CT1,1,11,0.0,0.0,0.0
56356_G_CT1,1,12,0.0,0.0,0.0
56356_G_CT1,1,13,0.0,0.0,0.0
56356_G_CT1,1,14,0.0,0.0,0.0
56356_G_CT1,1,15,0.0,0.0,0.0
56356_G_CT1,1,16,0.0,0.0,0.0
56356_G_CT1,1,17,0.0,0.0,0.0
56356_G_CT1,1,18,0.0,0.0,0.0
56356_G_CT1,1,19,0.0,0.0,0.0
56356_G_CT1,1,20,0.0,0.0,0.0
56356_G_CT1,1,21,0.0,0.0,0.0
56356_G_CT1,1,22,0.0,0.0,0.0
56356_G_CT1,1,23,0.0,0.0,0.0
56356_G_CT1,1,24,0.0,0.0,0.0
56356_G_CT1,1,25,0.0,0.0,0.0
56356_G_ST1,1,1,0.0,0.0,0.0
56356_G_ST1,1,2,0.0,0.0,0.0
56356_G_ST1,1,3,0.0,0.0,0.0
56356_G_ST1,1,4,0.0,0.0,0.0
56356_G_ST1,1,5,0.0,0.0,0.0
56356_G_ST1,1,6,0.0,0.0,0.0
56356_G_ST1,1,7,0.0,0.0,0.0
56356_G_ST1,1,8,0.0,0.0,0.0
56356_G_ST1,1,9,0.0,0.0,0.0
56356_G_ST1,1,10,0.0,0.0,0.0
56356_G_ST1,1,11,0.0,0.0,0.0
56356_G_ST1,1,12,0.0,0.0,0.0
56356_G_ST1,1,13,0.0,0.0,0.0
56356_G_ST1,1,14,0.0,0.0,0.0
56356_G_ST1,1,15,0.0,0.0,0.0
56356_G_ST1,1,16,0.0,0.0,0.0
56356_G_ST1,1,17,0.0,0.0,0.0
56356_G_ST1,1,18,0.0,0.0,0.0
56356_G_ST1,1,19,0.0,0.0,0.0
56356_G_ST1,1,20,0.0,0.0,0.0
56356_G_ST1,1,21,0.0,0.0,0.0
56356_G_ST1,1,22,0.0,0.0,0.0
56356_G_ST1,1,23,0.0,0.0,0.0
56356_G_ST1,1,24,0.0,0.0,0.0
56356_G_ST1,1,25,0.0,0.0,0.0
56467_G_CTG1,1,1,74.0,0.0,0.0
56467_G_CTG1,1,2,74.0,0.0,0.0
56467_G_CTG1,1,3,74.0,0.0,0.0
56467_G_CTG1,1,4,115.34599999999993,0.0,0.0
56467_G_CTG1,1,5,174.17599999999993,10.82400000000007,0.0
56467_G_CTG1,1,6,185.0,0.0,0.0
56467_G_CTG1,1,7,126.16999999999994,0.0,0.0
56467_G_CTG1,1,8,0.0,0.0,0.0
56467_G_CTG1,1,9,0.0,0.0,0.0
56467_G_CTG1,1,10,0.0,0.0,0.0
56467_G_CTG1,1,11,0.0,0.0,0.0
56467_G_CTG1,1,12,0.0,0.0,0.0
56467_G_CTG1,1,13,0.0,0.0,0.0
56467_G_CTG1,1,14,0.0,0.0,0.0
56467_G_CTG1,1,15,0.0,0.0,0.0
56467_G_CTG1,1,16,0.0,0.0,0.0
56467_G_CTG1,1,17,132.82999999999998,0.0,0.0
56467_G_CTG1,1,18,126.16999999999997,0.0,0.0
56467_G_CTG1,1,19,185.0,0.0,0.0
56467_G_CTG1,1,20,185.0,0.0,0.0
56467_G_CTG1,1,21,185.0,0.0,0.0
56467_G_CTG1,1,22,185.0,0.0,0.0
56467_G_CTG1,1,23,185.0,0.0,0.0
56467_G_CTG1,1,24,185.0,0.0,0.0
56467_G_CTG1,1,25,185.0,0.0,0.0
56467_G_CTG2,1,1,74.0,0.0,0.0
56467_G_CTG2,1,2,74.0,0.0,0.0
56467_G_CTG2,1,3,74.0,0.0,0.0
56467_G_CTG2,1,4,74.0,0.0,0.0
56467_G_CTG2,1,5,132.83000000000007,0.0,0.0
56467_G_CTG2,1,6,185.0,0.0,0.0
56467_G_CTG2,1,7,126.16999999999994,0.0,0.0
56467_G_CTG2,1,8,0.0,0.0,0.0
56467_G_CTG2,1,9,0.0,0.0,0.0
56467_G_CTG2,1,10,0.0,0.0,0.0
56467_G_CTG2,1,11,0.0,0.0,0.0
56467_G_CTG2,1,12,0.0,0.0,0.0
56467_G_CTG2,1,13,0.0,0.0,0.0
56467_G_CTG2,1,14,0.0,0.0,0.0
56467_G_CTG2,1,15,0.0,0.0,0.0
56467_G_CTG2,1,16,0.0,0.0,0.0
56467_G_CTG2,1,17,132.82999999999998,0.0,0.0
56467_G_CTG2,1,18,126.16999999999997,0.0,0.0
56467_G_CTG2,1,19,185.0,0.0,0.0
56467_G_CTG2,1,20,185.0,0.0,0.0
56467_G_CTG2,1,21,185.0,0.0,0.0
56467_G_CTG2,1,22,185.0,0.0,0.0
56467_G_CTG2,1,23,185.0,0.0,0.0
56467_G_CTG2,1,24,185.0,0.0,0.0
56467_G_CTG2,1,25,74.0,41.85703522124132,0.0
56467_G_STG1,1,1,98.0,0.0,0.0
56467_G_STG1,1,2,98.0,0.0,0.0
56467_G_STG1,1,3,98.0,0.0,0.0
56467_G_STG1,1,4,98.0,0.0,0.0
56467_G_STG1,1,5,175.91000000000005,69.08999999999995,0.0
56467_G_STG1,1,6,245.0,0.0,0.0
56467_G_STG1,1,7,167.08999999999995,0.0,0.0
56467_G_STG1,1,8,0.0,0.0,0.0
56467_G_STG1,1,9,0.0,0.0,0.0
56467_G_STG1,1,10,0.0,0.0,0.0
56467_G_STG1,1,11,0.0,0.0,0.0
56467_G_STG1,1,12,0.0,0.0,0.0
56467_G_STG1,1,13,0.0,0.0,0.0
56467_G_STG1,1,14,0.0,0.0,0.0
56467_G_STG1,1,15,0.0,0.0,0.0
56467_G_STG1,1,16,0.0,0.0,0.0
56467_G_STG1,1,17,175.91,0.0,0.0
56467_G_STG1,1,18,167.08999999999997,0.0,0.0
56467_G_STG1,1,19,245.0,0.0,0.0
56467_G_STG1,1,20,245.0,0.0,0.0
56467_G_STG1,1,21,245.0,0.0,0.0
56467_G_STG1,1,22,245.0,0.0,0.0
56467_G_STG1,1,23,245.0,0.0,0.0
56467_G_STG1,1,24,245.0,0.0,0.0
56467_G_STG1,1,25,178.19703522124087,66.80296477875868,0.0
56471_G_1,1,1,0.0,0.0,0.0
56471_G_1,1,2,0.0,0.0,0.0
56471_G_1,1,3,0.0,0.0,0.0
56471_G_1,1,4,0.0,0.0,0.0
56471_G_1,1,5,0.0,0.0,0.0
56471_G_1,1,6,0.0,0.0,0.0
56471_G_1,1,7,0.0,0.0,0.0
56471_G_1,1,8,0.0,0.0,0.0
56471_G_1,1,9,0.0,0.0,0.0
56471_G_1,1,10,0.0,0.0,0.0
56471_G_1,1,11,0.0,0.0,0.0
56471_G_1,1,12,0.0,0.0,0.0
56471_G_1,1,13,0.0,0.0,0.0
56471_G_1,1,14,0.0,0.0,0.0
56471_G_1,1,15,0.0,0.0,0.0
56471_G_1,1,16,0.0,0.0,0.0
56471_G_1,1,17,0.0,0.0,0.0
56471_G_1,1,18,0.0,0.0,0.0
56471_G_1,1,19,0.0,0.0,0.0
56471_G_1,1,20,0.0,0.0,0.0
56471_G_1,1,21,0.0,0.0,0.0
56471_G_1,1,22,0.0,0.0,0.0
56471_G_1,1,23,0.0,0.0,0.0
56471_G_1,1,24,0.0,0.0,0.0
56471_G_1,1,25,0.0,0.0,0.0
56476_G_A,1,1,70.8,0.0,0.0
56476_G_A,1,2,70.8,0.0,0.0
56476_G_A,1,3,70.8,0.0,0.0
56476_G_A,1,4,70.8,0.0,0.0
56476_G_A,1,5,127.08600000000007,0.0,0.0
56476_G_A,1,6,177.0,0.0,0.0
56476_G_A,1,7,120.71399999999993,0.0,0.0
56476_G_A,1,8,0.0,0.0,0.0
56476_G_A,1,9,0.0,0.0,0.0
56476_G_A,1,10,0.0,0.0,0.0
56476_G_A,1,11,0.0,0.0,0.0
56476_G_A,1,12,0.0,0.0,0.0
56476_G_A,1,13,0.0,0.0,0.0
56476_G_A,1,14,0.0,0.0,0.0
56476_G_A,1,15,0.0,0.0,0.0
56476_G_A,1,16,0.0,0.0,0.0
56476_G_A,1,17,127.086,0.0,0.0
56476_G_A,1,18,120.71399999999996,0.0,0.0
56476_G_A,1,19,177.0,0.0,0.0
56476_G_A,1,20,177.0,0.0,0.0
56476_G_A,1,21,177.0,0.0,0.0
56476_G_A,1,22,177.0,0.0,0.0
56476_G_A,1,23,177.0,0.0,0.0
56476_G_A,1,24,177.0,0.0,0.0
56476_G_A,1,25,70.8,0.0,0.0
56476_G_B,1,1,70.8,0.0,0.0
56476_G_B,1,2,70.8,0.0,0.0
56476_G_B,1,3,70.8,0.0,0.0
56476_G_B,1,4,70.8,0.0,0.0
56476_G_B,1,5,127.086,0.0,0.0
56476_G_B,1,6,177.0,0.0,0.0
56476_G_B,1,7,120.71399999999993,0.0,0.0
56476_G_B,1,8,0.0,0.0,0.0
56476_G_B,1,9,0.0,0.0,0.0
56476_G_B,1,10,0.0,0.0,0.0
56476_G_B,1,11,0.0,0.0,0.0
56476_G_B,1,12,0.0,0.0,0.0
56476_G_B,1,13,0.0,0.0,0.0
56476_G_B,1,14,0.0,0.0,0.0
56476_G_B,1,15,0.0,0.0,0.0
56476_G_B,1,16,0.0,0.0,0.0
56476_G_B,1,17,127.086,0.0,0.0
56476_G_B,1,18,120.71399999999996,0.0,0.0
56476_G_B,1,19,177.0,0.0,0.0
56476_G_B,1,20,177.0,0.0,0.0
56476_G_B,1,21,177.0,0.0,0.0
56476_G_B,1,22,177.0,0.0,0.0
56476_G_B,1,23,177.0,0.0,0.0
56476_G_B,1,24,177.0,0.0,0.0
56476_G_B,1,25,70.8,0.0,0.0
56476_G_C,1,1,83.76,0.0,0.0
56476_G_C,1,2,83.76,0.0,0.0
56476_G_C,1,3,83.76,0.0,0.0
56476_G_C,1,4,83.76,0.0,0.0
56476_G_C,1,5,150.3492,0.0,0.0
56476_G_C,1,6,209.4,0.0,0.0
56476_G_C,1,7,142.81079999999994,0.0,0.0
56476_G_C,1,8,0.0,0.0,0.0
56476_G_C,1,9,0.0,0.0,0.0
56476_G_C,1,10,0.0,0.0,0.0
56476_G_C,1,11,0.0,0.0,0.0
56476_G_C,1,12,0.0,0.0,0.0
56476_G_C,1,13,0.0,0.0,0.0
56476_G_C,1,14,0.0,0.0,0.0
56476_G_C,1,15,0.0,0.0,0.0
56476_G_C,1,16,0.0,0.0,0.0
56476_G_C,1,17,150.3492,0.0,0.0
56476_G_C,1,18,142.81079999999997,0.0,0.0
56476_G_C,1,19,209.4,0.0,0.0
56476_G_C,1,20,209.4,0.0,0.0
56476_G_C,1,21,209.4,0.0,0.0
56476_G_C,1,22,209.4,0.0,0.0
56476_G_C,1,23,209.4,0.0,0.0
56476_G_C,1,24,209.4,0.0,0.0
56476_G_C,1,25,83.76,0.0,0.0
56532_G_A,1,1,66.8,0.0,0.0
56532_G_A,1,2,66.8,0.0,0.0
56532_G_A,1,3,66.8,0.0,0.0
56532_G_A,1,4,66.8,0.0,0.0
56532_G_A,1,5,119.90600000000008,0.0,0.0
56532_G_A,1,6,167.0,0.0,0.0
56532_G_A,1,7,113.89399999999992,0.0,0.0
56532_G_A,1,8,0.0,0.0,0.0
56532_G_A,1,9,0.0,0.0,0.0
56532_G_A,1,10,0.0,0.0,0.0
56532_G_A,1,11,0.0,0.0,0.0
56532_G_A,1,12,0.0,0.0,0.0
56532_G_A,1,13,0.0,0.0,0.0
56532_G_A,1,14,0.0,0.0,0.0
56532_G_A,1,15,0.0,0.0,0.0
56532_G_A,1,16,0.0,0.0,0.0
56532_G_A,1,17,119.906,0.0,0.0
56532_G_A,1,18,113.89399999999996,0.0,0.0
56532_G_A,1,19,167.0,0.0,0.0
56532_G_A,1,20,167.0,0.0,0.0
56532_G_A,1,21,167.0,0.0,0.0
56532_G_A,1,22,167.0,0.0,0.0
56532_G_A,1,23,167.0,0.0,0.0
56532_G_A,1,24,167.0,0.0,0.0
56532_G_A,1,25,66.8,0.0,0.0
56532_G_B,1,1,66.8,0.0,0.0
56532_G_B,1,2,66.8,0.0,0.0
56532_G_B,1,3,66.8,0.0,0.0
56532_G_B,1,4,66.8,0.0,0.0
56532_G_B,1,5,119.90600000000008,0.0,0.0
56532_G_B,1,6,167.0,0.0,0.0
56532_G_B,1,7,113.89399999999992,0.0,0.0
56532_G_B,1,8,0.0,0.0,0.0
56532_G_B,1,9,0.0,0.0,0.0
56532_G_B,1,10,0.0,0.0,0.0
56532_G_B,1,11,0.0,0.0,0.0
56532_G_B,1,12,0.0,0.0,0.0
56532_G_B,1,13,0.0,0.0,0.0
56532_G_B,1,14,0.0,0.0,0.0
56532_G_B,1,15,0.0,0.0,0.0
56532_G_B,1,16,0.0,0.0,0.0
56532_G_B,1,17,119.906,0.0,0.0
56532_G_B,1,18,113.89399999999996,0.0,0.0
56532_G_B,1,19,167.0,0.0,0.0
56532_G_B,1,20,167.0,0.0,0.0
56532_G_B,1,21,167.0,0.0,0.0
56532_G_B,1,22,167.0,0.0,0.0
56532_G_B,1,23,167.0,0.0,0.0
56532_G_B,1,24,167.0,0.0,0.0
56532_G_B,1,25,66.8,0.0,0.0
56532_G_C,1,1,122.4,0.0,0.0
56532_G_C,1,2,122.4,0.0,0.0
56532_G_C,1,3,122.4,0.0,0.0
56532_G_C,1,4,122.4,0.0,0.0
56532_G_C,1,5,219.70800000000003,0.0,0.0
56532_G_C,1,6,306.0,0.0,0.0
56532_G_C,1,7,208.69199999999984,0.0,0.0
56532_G_C,1,8,0.0,0.0,0.0
56532_G_C,1,9,0.0,0.0,0.0
56532_G_C,1,10,0.0,0.0,0.0
56532_G_C,1,11,0.0,0.0,0.0
56532_G_C,1,12,0.0,0.0,0.0
56532_G_C,1,13,0.0,0.0,0.0
56532_G_C,1,14,0.0,0.0,0.0
56532_G_C,1,15,0.0,0.0,0.0
56532_G_C,1,16,0.0,0.0,0.0
56532_G_C,1,17,216.74600884641222,0.0,0.0
56532_G_C,1,18,208.6919999999999,0.0,0.0
56532_G_C,1,19,306.0,0.0,0.0
56532_G_C,1,20,306.0,0.0,0.0
56532_G_C,1,21,306.0,0.0,0.0
56532_G_C,1,22,306.0,0.0,0.0
56532_G_C,1,23,306.0,0.0,0.0
56532_G_C,1,24,306.0,0.0,0.0
56532_G_C,1,25,122.4,0.0,0.0
56569_G_2,1,1,0.0,0.0,0.0
56569_G_2,1,2,0.0,0.0,0.0
56569_G_2,1,3,0.0,0.0,0.0
56569_G_2,1,4,0.0,0.0,0.0
56569_G_2,1,5,0.0,0.0,0.0
56569_G_2,1,6,0.0,0.0,0.0
56569_G_2,1,7,0.0,0.0,0.0
56569_G_2,1,8,0.0,0.0,0.0
56569_G_2,1,9,0.0,0.0,0.0
56569_G_2,1,10,0.0,0.0,0.0
56569_G_2,1,11,0.0,0.0,0.0
56569_G_2,1,12,0.0,0.0,0.0
56569_G_2,1,13,0.0,0.0,0.0
56569_G_2,1,14,0.0,0.0,0.0
56569_G_2,1,15,0.0,0.0,0.0
56569_G_2,1,16,0.0,0.0,0.0
56569_G_2,1,17,0.0,0.0,0.0
56569_G_2,1,18,0.0,0.0,0.0
56569_G_2,1,19,0.0,0.0,0.0
56569_G_2,1,20,0.0,0.0,0.0
56569_G_2,1,21,0.0,0.0,0.0
56569_G_2,1,22,0.0,0.0,0.0
56569_G_2,1,23,0.0,0.0,0.0
56569_G_2,1,24,0.0,0.0,0.0
56569_G_2,1,25,0.0,0.0,0.0
56803_G_1,1,1,0.0,0.0,0.0
56803_G_1,1,2,0.0,0.0,0.0
56803_G_1,1,3,0.0,0.0,0.0
56803_G_1,1,4,0.0,0.0,0.0
56803_G_1,1,5,0.0,0.0,0.0
56803_G_1,1,6,0.0,0.0,0.0
56803_G_1,1,7,0.0,0.0,0.0
56803_G_1,1,8,0.0,0.0,0.0
56803_G_1,1,9,0.0,0.0,0.0
56803_G_1,1,10,0.0,0.0,0.0
56803_G_1,1,11,0.0,0.0,0.0
56803_G_1,1,12,0.0,0.0,0.0
56803_G_1,1,13,0.0,0.0,0.0
56803_G_1,1,14,0.0,0.0,0.0
56803_G_1,1,15,0.0,0.0,0.0
56803_G_1,1,16,0.0,0.0,0.0
56803_G_1,1,17,0.0,0.0,0.0
56803_G_1,1,18,0.0,0.0,0.0
56803_G_1,1,19,0.0,0.0,0.0
56803_G_1,1,20,0.0,0.0,0.0
56803_G_1,1,21,0.0,0.0,0.0
56803_G_1,1,22,0.0,0.0,0.0
56803_G_1,1,23,0.0,0.0,0.0
56803_G_1,1,24,0.0,0.0,0.0
56803_G_1,1,25,0.0,0.0,0.0
56803_G_2,1,1,0.0,0.0,0.0
56803_G_2,1,2,0.0,0.0,0.0
56803_G_2,1,3,0.0,0.0,0.0
56803_G_2,1,4,0.0,0.0,0.0
56803_G_2,1,5,0.0,0.0,0.0
56803_G_2,1,6,0.0,0.0,0.0
56803_G_2,1,7,0.0,0.0,0.0
56803_G_2,1,8,0.0,0.0,0.0
56803_G_2,1,9,0.0,0.0,0.0
56803_G_2,1,10,0.0,0.0,0.0
56803_G_2,1,11,0.0,0.0,0.0
56803_G_2,1,12,0.0,0.0,0.0
56803_G_2,1,13,0.0,0.0,0.0
56803_G_2,1,14,0.0,0.0,0.0
56803_G_2,1,15,0.0,0.0,0.0
56803_G_2,1,16,0.0,0.0,0.0
56803_G_2,1,17,0.0,0.0,0.0
56803_G_2,1,18,0.0,0.0,0.0
56803_G_2,1,19,0.0,0.0,0.0
56803_G_2,1,20,0.0,0.0,0.0
56803_G_2,1,21,0.0,0.0,0.0
56803_G_2,1,22,0.0,0.0,0.0
56803_G_2,1,23,0.0,0.0,0.0
56803_G_2,1,24,0.0,0.0,0.0
56803_G_2,1,25,0.0,0.0,0.0
56803_G_3,1,1,0.0,0.0,0.0
56803_G_3,1,2,0.0,0.0,0.0
56803_G_3,1,3,0.0,0.0,0.0
56803_G_3,1,4,0.0,0.0,0.0
56803_G_3,1,5,0.0,0.0,0.0
56803_G_3,1,6,0.0,0.0,0.0
56803_G_3,1,7,0.0,0.0,0.0
56803_G_3,1,8,0.0,0.0,0.0
56803_G_3,1,9,0.0,0.0,0.0
56803_G_3,1,10,0.0,0.0,0.0
56803_G_3,1,11,0.0,0.0,0.0
56803_G_3,1,12,0.0,0.0,0.0
56803_G_3,1,13,0.0,0.0,0.0
56803_G_3,1,14,0.0,0.0,0.0
56803_G_3,1,15,0.0,0.0,0.0
56803_G_3,1,16,0.0,0.0,0.0
56803_G_3,1,17,0.0,0.0,0.0
56803_G_3,1,18,0.0,0.0,0.0
56803_G_3,1,19,0.0,0.0,0.0
56803_G_3,1,20,0.0,0.0,0.0
56803_G_3,1,21,0.0,0.0,0.0
56803_G_3,1,22,0.0,0.0,0.0
56803_G_3,1,23,0.0,0.0,0.0
56803_G_3,1,24,0.0,0.0,0.0
56803_G_3,1,25,0.0,0.0,0.0
56803_G_4,1,1,0.0,0.0,0.0
56803_G_4,1,2,0.0,0.0,0.0
56803_G_4,1,3,0.0,0.0,0.0
56803_G_4,1,4,0.0,0.0,0.0
56803_G_4,1,5,0.0,0.0,0.0
56803_G_4,1,6,0.0,0.0,0.0
56803_G_4,1,7,0.0,0.0,0.0
56803_G_4,1,8,0.0,0.0,0.0
56803_G_4,1,9,0.0,0.0,0.0
56803_G_4,1,10,0.0,0.0,0.0
56803_G_4,1,11,0.0,0.0,0.0
56803_G_4,1,12,0.0,0.0,0.0
56803_G_4,1,13,0.0,0.0,0.0
56803_G_4,1,14,0.0,0.0,0.0
56803_G_4,1,15,0.0,0.0,0.0
56803_G_4,1,16,0.0,0.0,0.0
56803_G_4,1,17,0.0,0.0,0.0
56803_G_4,1,18,0.0,0.0,0.0
56803_G_4,1,19,0.0,0.0,0.0
56803_G_4,1,20,0.0,0.0,0.0
56803_G_4,1,21,0.0,0.0,0.0
56803_G_4,1,22,0.0,0.0,0.0
56803_G_4,1,23,0.0,0.0,0.0
56803_G_4,1,24,0.0,0.0,0.0
56803_G_4,1,25,0.0,0.0,0.0
56832_G_GE1,1,1,16.0,0.0,0.0
56832_G_GE1,1,2,16.0,0.0,0.0
56832_G_GE1,1,3,16.0,0.0,0.0
56832_G_GE1,1,4,16.0,0.0,0.0
56832_G_GE1,1,5,16.0,0.0,0.0
56832_G_GE1,1,6,16.0,0.0,0.0
56832_G_GE1,1,7,16.0,0.0,0.0
56832_G_GE1,1,8,16.0,0.0,0.0
56832_G_GE1,1,9,10.528,0.0,0.0
56832_G_GE1,1,10,6.4,0.0,0.0
56832_G_GE1,1,11,6.4,0.0,0.0
56832_G_GE1,1,12,6.4,0.0,0.0
56832_G_GE1,1,13,6.4,0.0,0.0
56832_G_GE1,1,14,6.4,0.0,0.0
56832_G_GE1,1,15,10.527999999999999,0.0,0.0
56832_G_GE1,1,16,16.0,0.0,0.0
56832_G_GE1,1,17,16.0,0.0,0.0
56832_G_GE1,1,18,16.0,0.0,0.0
56832_G_GE1,1,19,16.0,0.0,0.0
56832_G_GE1,1,20,16.0,0.0,0.0
56832_G_GE1,1,21,16.0,0.0,0.0
56832_G_GE1,1,22,16.0,0.0,0.0
56832_G_GE1,1,23,16.0,0.0,0.0
56832_G_GE1,1,24,16.0,0.0,0.0
56832_G_GE1,1,25,16.0,0.0,0.0
56832_G_GE2,1,1,16.0,0.0,0.0
56832_G_GE2,1,2,16.0,0.0,0.0
56832_G_GE2,1,3,16.0,0.0,0.0
56832_G_GE2,1,4,16.0,0.0,0.0
56832_G_GE2,1,5,16.0,0.0,0.0
56832_G_GE2,1,6,16.0,0.0,0.0
56832_G_GE2,1,7,16.0,0.0,9.6
56832_G_GE2,1,8,16.0,0.0,5.366649319904024
56832_G_GE2,1,9,10.528,5.4719999999999995,4.128000000000003
56832_G_GE2,1,10,9.195942319470783,6.804057680529217,2.7959423194707824
56832_G_GE2,1,11,9.239918906954793,6.760081093045207,2.839918906954793
56832_G_GE2,1,12,9.421060035939016,6.578939964060991,3.0210600359390156
56832_G_GE2,1,13,10.548217764878462,5.451782235121555,4.148217764878474
56832_G_GE2,1,14,15.868184588966043,0.13181541066302138,9.468184588966054
56832_G_GE2,1,15,10.527999999999992,5.472000000000027,4.127999999999998
56832_G_GE2,1,16,16.0,0.0,9.6
56832_G_GE2,1,17,16.0,0.0,9.6
56832_G_GE2,1,18,16.0,0.0,9.6
56832_G_GE2,1,19,16.0,0.0,9.6
56832_G_GE2,1,20,16.0,0.0,9.6
56832_G_GE2,1,21,16.0,0.0,9.6
56832_G_GE2,1,22,16.0,0.0,9.6
56832_G_GE2,1,23,16.0,0.0,9.6
56832_G_GE2,1,24,16.0,0.0,9.6
56832_G_GE2,1,25,16.0,0.0,0.0
56832_G_GE3,1,1,16.0,0.0,0.0
56832_G_GE3,1,2,16.0,0.0,0.0
56832_G_GE3,1,3,16.0,0.0,0.0
56832_G_GE3,1,4,16.0,0.0,0.0
56832_G_GE3,1,5,16.0,0.0,0.0
56832_G_GE3,1,6,16.0,0.0,0.0
56832_G_GE3,1,7,16.0,0.0,0.0
56832_G_GE3,1,8,16.0,0.0,0.0
56832_G_GE3,1,9,10.528,5.4719999999999995,4.128000000000003
56832_G_GE3,1,10,6.4,9.6,0.0
56832_G_GE3,1,11,6.4,9.6,0.0
56832_G_GE3,1,12,6.4,9.6,0.0
56832_G_GE3,1,13,6.4,9.6,0.0
56832_G_GE3,1,14,6.4,9.6,0.0
56832_G_GE3,1,15,10.527999999999999,5.472000000000001,4.128000000000001
56832_G_GE3,1,16,16.0,0.0,0.0
56832_G_GE3,1,17,16.0,0.0,0.0
56832_G_GE3,1,18,16.0,0.0,0.0
56832_G_GE3,1,19,16.0,0.0,0.0
56832_G_GE3,1,20,16.0,0.0,0.0
56832_G_GE3,1,21,16.0,0.0,0.0
56832_G_GE3,1,22,16.0,0.0,0.0
56832_G_GE3,1,23,16.0,0.0,0.0
56832_G_GE3,1,24,16.0,0.0,0.0
56832_G_GE3,1,25,16.0,0.0,0.0
56832_G_GE4,1,1,16.0,0.0,0.0
56832_G_GE4,1,2,16.0,0.0,0.0
56832_G_GE4,1,3,16.0,0.0,0.0
56832_G_GE4,1,4,16.0,0.0,0.0
56832_G_GE4,1,5,16.0,0.0,0.0
56832_G_GE4,1,6,16.0,0.0,0.0
56832_G_GE4,1,7,16.0,0.0,0.0
56832_G_GE4,1,8,16.0,0.0,0.0
56832_G_GE4,1,9,10.528,0.0,0.0
56832_G_GE4,1,10,6.4,0.0,0.0
56832_G_GE4,1,11,6.4,0.0,0.0
56832_G_GE4,1,12,6.4,0.0,0.0
56832_G_GE4,1,13,6.4,0.0,0.0
56832_G_GE4,1,14,6.4,0.0,0.0
56832_G_GE4,1,15,10.527999999999999,0.0,0.0
56832_G_GE4,1,16,16.0,0.0,0.0
56832_G_GE4,1,17,16.0,0.0,0.0
56832_G_GE4,1,18,16.0,0.0,0.0
56832_G_GE4,1,19,16.0,0.0,0.0
56832_G_GE4,1,20,16.0,0.0,0.0
56832_G_GE4,1,21,16.0,0.0,0.0
56832_G_GE4,1,22,16.0,0.0,0.0
56832_G_GE4,1,23,16.0,0.0,0.0
56832_G_GE4,1,24,16.0,0.0,0.0
56832_G_GE4,1,25,16.0,0.0,0.0
57001_G_GEN1,1,1,0.0,0.0,0.0
57001_G_GEN1,1,2,0.0,0.0,0.0
57001_G_GEN1,1,3,0.0,0.0,0.0
57001_G_GEN1,1,4,0.0,0.0,0.0
57001_G_GEN1,1,5,0.0,0.0,0.0
57001_G_GEN1,1,6,0.0,0.0,0.0
57001_G_GEN1,1,7,0.0,0.0,0.0
57001_G_GEN1,1,8,0.0,0.0,0.0
57001_G_GEN1,1,9,0.0,0.0,0.0
57001_G_GEN1,1,10,0.0,0.0,0.0
57001_G_GEN1,1,11,0.0,0.0,0.0
57001_G_GEN1,1,12,0.0,0.0,0.0
57001_G_GEN1,1,13,0.0,0.0,0.0
57001_G_GEN1,1,14,0.0,0.0,0.0
57001_G_GEN1,1,15,0.0,0.0,0.0
57001_G_GEN1,1,16,0.0,0.0,0.0
57001_G_GEN1,1,17,0.0,0.0,0.0
57001_G_GEN1,1,18,0.0,0.0,0.0
57001_G_GEN1,1,19,0.0,0.0,0.0
57001_G_GEN1,1,20,0.0,0.0,0.0
57001_G_GEN1,1,21,0.0,0.0,0.0
57001_G_GEN1,1,22,0.0,0.0,0.0
57001_G_GEN1,1,23,0.0,0.0,0.0
57001_G_GEN1,1,24,0.0,0.0,0.0
57001_G_GEN1,1,25,0.0,0.0,0.0
57122_G_CTG1,1,1,0.0,0.0,0.0
57122_G_CTG1,1,2,0.0,0.0,0.0
57122_G_CTG1,1,3,0.0,0.0,0.0
57122_G_CTG1,1,4,0.0,0.0,0.0
57122_G_CTG1,1,5,0.0,0.0,0.0
57122_G_CTG1,1,6,0.0,0.0,0.0
57122_G_CTG1,1,7,0.0,0.0,0.0
57122_G_CTG1,1,8,0.0,0.0,0.0
57122_G_CTG1,1,9,0.0,0.0,0.0
57122_G_CTG1,1,10,0.0,0.0,0.0
57122_G_CTG1,1,11,0.0,0.0,0.0
57122_G_CTG1,1,12,0.0,0.0,0.0
57122_G_CTG1,1,13,0.0,0.0,0.0
57122_G_CTG1,1,14,0.0,0.0,0.0
57122_G_CTG1,1,15,0.0,0.0,0.0
57122_G_CTG1,1,16,0.0,0.0,0.0
57122_G_CTG1,1,17,0.0,0.0,0.0
57122_G_CTG1,1,18,0.0,0.0,0.0
57122_G_CTG1,1,19,0.0,0.0,0.0
57122_G_CTG1,1,20,0.0,0.0,0.0
57122_G_CTG1,1,21,0.0,0.0,0.0
57122_G_CTG1,1,22,0.0,0.0,0.0
57122_G_CTG1,1,23,0.0,0.0,0.0
57122_G_CTG1,1,24,0.0,0.0,0.0
57122_G_CTG1,1,25,0.0,0.0,0.0
57122_G_STG1,1,1,0.0,0.0,0.0
57122_G_STG1,1,2,0.0,0.0,0.0
57122_G_STG1,1,3,0.0,0.0,0.0
57122_G_STG1,1,4,0.0,0.0,0.0
57122_G_STG1,1,5,0.0,0.0,0.0
57122_G_STG1,1,6,0.0,0.0,0.0
57122_G_STG1,1,7,0.0,0.0,0.0
57122_G_STG1,1,8,0.0,0.0,0.0
57122_G_STG1,1,9,0.0,0.0,0.0
57122_G_STG1,1,10,0.0,0.0,0.0
57122_G_STG1,1,11,0.0,0.0,0.0
57122_G_STG1,1,12,0.0,0.0,0.0
57122_G_STG1,1,13,0.0,0.0,0.0
57122_G_STG1,1,14,0.0,0.0,0.0
57122_G_STG1,1,15,0.0,0.0,0.0
57122_G_STG1,1,16,0.0,0.0,0.0
57122_G_STG1,1,17,0.0,0.0,0.0
57122_G_STG1,1,18,0.0,0.0,0.0
57122_G_STG1,1,19,0.0,0.0,0.0
57122_G_STG1,1,20,0.0,0.0,0.0
57122_G_STG1,1,21,0.0,0.0,0.0
57122_G_STG1,1,22,0.0,0.0,0.0
57122_G_STG1,1,23,0.0,0.0,0.0
57122_G_STG1,1,24,0.0,0.0,0.0
57122_G_STG1,1,25,0.0,0.0,0.0
57267_G_1,1,1,0.0,0.0,0.0
57267_G_1,1,2,0.0,0.0,0.0
57267_G_1,1,3,0.0,0.0,0.0
57267_G_1,1,4,0.0,0.0,0.0
57267_G_1,1,5,0.0,0.0,0.0
57267_G_1,1,6,0.0,0.0,0.0
57267_G_1,1,7,0.0,0.0,0.0
57267_G_1,1,8,0.0,0.0,0.0
57267_G_1,1,9,0.0,0.0,0.0
57267_G_1,1,10,0.0,0.0,0.0
57267_G_1,1,11,0.0,0.0,0.0
57267_G_1,1,12,0.0,0.0,0.0
57267_G_1,1,13,0.0,0.0,0.0
57267_G_1,1,14,0.0,0.0,0.0
57267_G_1,1,15,0.0,0.0,0.0
57267_G_1,1,16,0.0,0.0,0.0
57267_G_1,1,17,0.0,0.0,0.0
57267_G_1,1,18,0.0,0.0,0.0
57267_G_1,1,19,0.0,0.0,0.0
57267_G_1,1,20,0.0,0.0,0.0
57267_G_1,1,21,0.0,0.0,0.0
57267_G_1,1,22,0.0,0.0,0.0
57267_G_1,1,23,0.0,0.0,0.0
57267_G_1,1,24,0.0,0.0,0.0
57267_G_1,1,25,0.0,0.0,0.0
57267_G_2,1,1,0.0,0.0,0.0
57267_G_2,1,2,0.0,0.0,0.0
57267_G_2,1,3,0.0,0.0,0.0
57267_G_2,1,4,0.0,0.0,0.0
57267_G_2,1,5,0.0,0.0,0.0
57267_G_2,1,6,0.0,0.0,0.0
57267_G_2,1,7,0.0,0.0,0.0
57267_G_2,1,8,0.0,0.0,0.0
57267_G_2,1,9,0.0,0.0,0.0
57267_G_2,1,10,0.0,0.0,0.0
57267_G_2,1,11,0.0,0.0,0.0
57267_G_2,1,12,0.0,0.0,0.0
57267_G_2,1,13,0.0,0.0,0.0
57267_G_2,1,14,0.0,0.0,0.0
57267_G_2,1,15,0.0,0.0,0.0
57267_G_2,1,16,0.0,0.0,0.0
57267_G_2,1,17,0.0,0.0,0.0
57267_G_2,1,18,0.0,0.0,0.0
57267_G_2,1,19,0.0,0.0,0.0
57267_G_2,1,20,0.0,0.0,0.0
57267_G_2,1,21,0.0,0.0,0.0
57267_G_2,1,22,0.0,0.0,0.0
57267_G_2,1,23,0.0,0.0,0.0
57267_G_2,1,24,0.0,0.0,0.0
57267_G_2,1,25,0.0,0.0,0.0
57267_G_3,1,1,0.0,0.0,0.0
57267_G_3,1,2,0.0,0.0,0.0
57267_G_3,1,3,0.0,0.0,0.0
57267_G_3,1,4,0.0,0.0,0.0
57267_G_3,1,5,0.0,0.0,0.0
57267_G_3,1,6,0.0,0.0,0.0
57267_G_3,1,7,0.0,0.0,0.0
57267_G_3,1,8,0.0,0.0,0.0
57267_G_3,1,9,0.0,0.0,0.0
57267_G_3,1,10,0.0,0.0,0.0
57267_G_3,1,11,0.0,0.0,0.0
57267_G_3,1,12,0.0,0.0,0.0
57267_G_3,1,13,0.0,0.0,0.0
57267_G_3,1,14,0.0,0.0,0.0
57267_G_3,1,15,0.0,0.0,0.0
57267_G_3,1,16,0.0,0.0,0.0
57267_G_3,1,17,0.0,0.0,0.0
57267_G_3,1,18,0.0,0.0,0.0
57267_G_3,1,19,0.0,0.0,0.0
57267_G_3,1,20,0.0,0.0,0.0
57267_G_3,1,21,0.0,0.0,0.0
57267_G_3,1,22,0.0,0.0,0.0
57267_G_3,1,23,0.0,0.0,0.0
57267_G_3,1,24,0.0,0.0,0.0
57267_G_3,1,25,0.0,0.0,0.0
57267_G_4,1,1,0.0,0.0,0.0
57267_G_4,1,2,0.0,0.0,0.0
57267_G_4,1,3,0.0,0.0,0.0
57267_G_4,1,4,0.0,0.0,0.0
57267_G_4,1,5,0.0,0.0,0.0
57267_G_4,1,6,0.0,0.0,0.0
57267_G_4,1,7,0.0,0.0,0.0
57267_G_4,1,8,0.0,0.0,0.0
57267_G_4,1,9,0.0,0.0,0.0
57267_G_4,1,10,0.0,0.0,0.0
57267_G_4,1,11,0.0,0.0,0.0
57267_G_4,1,12,0.0,0.0,0.0
57267_G_4,1,13,0.0,0.0,0.0
57267_G_4,1,14,0.0,0.0,0.0
57267_G_4,1,15,0.0,0.0,0.0
57267_G_4,1,16,0.0,0.0,0.0
57267_G_4,1,17,0.0,0.0,0.0
57267_G_4,1,18,0.0,0.0,0.0
57267_G_4,1,19,0.0,0.0,0.0
57267_G_4,1,20,0.0,0.0,0.0
57267_G_4,1,21,0.0,0.0,0.0
57267_G_4,1,22,0.0,0.0,0.0
57267_G_4,1,23,0.0,0.0,0.0
57267_G_4,1,24,0.0,0.0,0.0
57267_G_4,1,25,0.0,0.0,0.0
57475_G_HRP1,1,1,49.9,0.0,0.0
57475_G_HRP1,1,2,49.9,0.0,0.0
57475_G_HRP1,1,3,49.9,0.0,0.0
57475_G_HRP1,1,4,49.9,0.0,0.0
57475_G_HRP1,1,5,49.9,0.0,0.0
57475_G_HRP1,1,6,49.9,0.0,0.0
57475_G_HRP1,1,7,49.9,0.0,0.0
57475_G_HRP1,1,8,49.9,0.0,0.0
57475_G_HRP1,1,9,32.834199999999996,0.0,0.0
57475_G_HRP1,1,10,19.96,0.0,0.0
57475_G_HRP1,1,11,19.96,0.0,0.0
57475_G_HRP1,1,12,19.96,0.0,0.0
57475_G_HRP1,1,13,19.96,0.0,0.0
57475_G_HRP1,1,14,19.96,0.0,0.0
57475_G_HRP1,1,15,32.834199999999996,0.0,0.0
57475_G_HRP1,1,16,49.9,0.0,0.0
57475_G_HRP1,1,17,49.9,0.0,0.0
57475_G_HRP1,1,18,49.9,0.0,0.0
57475_G_HRP1,1,19,49.9,0.0,0.0
57475_G_HRP1,1,20,49.9,0.0,0.0
57475_G_HRP1,1,21,49.9,0.0,0.0
57475_G_HRP1,1,22,49.9,0.0,0.0
57475_G_HRP1,1,23,49.9,0.0,0.0
57475_G_HRP1,1,24,49.9,0.0,0.0
57475_G_HRP1,1,25,49.9,0.0,0.0
57482_G_CTG1,1,1,0.0,0.0,0.0
57482_G_CTG1,1,2,0.0,0.0,0.0
57482_G_CTG1,1,3,0.0,0.0,0.0
57482_G_CTG1,1,4,0.0,0.0,0.0
57482_G_CTG1,1,5,0.0,0.0,0.0
57482_G_CTG1,1,6,0.0,0.0,0.0
57482_G_CTG1,1,7,0.0,0.0,0.0
57482_G_CTG1,1,8,0.0,0.0,0.0
57482_G_CTG1,1,9,0.0,0.0,0.0
57482_G_CTG1,1,10,0.0,0.0,0.0
57482_G_CTG1,1,11,0.0,0.0,0.0
57482_G_CTG1,1,12,0.0,0.0,0.0
57482_G_CTG1,1,13,0.0,0.0,0.0
57482_G_CTG1,1,14,0.0,0.0,0.0
57482_G_CTG1,1,15,0.0,0.0,0.0
57482_G_CTG1,1,16,0.0,0.0,0.0
57482_G_CTG1,1,17,0.0,0.0,0.0
57482_G_CTG1,1,18,0.0,0.0,0.0
57482_G_CTG1,1,19,0.0,0.0,0.0
57482_G_CTG1,1,20,0.0,0.0,0.0
57482_G_CTG1,1,21,0.0,0.0,0.0
57482_G_CTG1,1,22,0.0,0.0,0.0
57482_G_CTG1,1,23,0.0,0.0,0.0
57482_G_CTG1,1,24,0.0,0.0,0.0
57482_G_CTG1,1,25,0.0,0.0,0.0
57482_G_CTG2,1,1,0.0,0.0,0.0
57482_G_CTG2,1,2,0.0,0.0,0.0
57482_G_CTG2,1,3,0.0,0.0,0.0
57482_G_CTG2,1,4,0.0,0.0,0.0
57482_G_CTG2,1,5,0.0,0.0,0.0
57482_G_CTG2,1,6,0.0,0.0,0.0
57482_G_CTG2,1,7,0.0,0.0,0.0
57482_G_CTG2,1,8,0.0,0.0,0.0
57482_G_CTG2,1,9,0.0,0.0,0.0
57482_G_CTG2,1,10,0.0,0.0,0.0
57482_G_CTG2,1,11,0.0,0.0,0.0
57482_G_CTG2,1,12,0.0,0.0,0.0
57482_G_CTG2,1,13,0.0,0.0,0.0
57482_G_CTG2,1,14,0.0,0.0,0.0
57482_G_CTG2,1,15,0.0,0.0,0.0
57482_G_CTG2,1,16,0.0,0.0,0.0
57482_G_CTG2,1,17,0.0,0.0,0.0
57482_G_CTG2,1,18,0.0,0.0,0.0
57482_G_CTG2,1,19,0.0,0.0,0.0
57482_G_CTG2,1,20,0.0,0.0,0.0
57482_G_CTG2,1,21,0.0,0.0,0.0
57482_G_CTG2,1,22,0.0,0.0,0.0
57482_G_CTG2,1,23,0.0,0.0,0.0
57482_G_CTG2,1,24,0.0,0.0,0.0
57482_G_CTG2,1,25,0.0,0.0,0.0
57482_G_CTG3,1,1,0.0,0.0,0.0
57482_G_CTG3,1,2,0.0,0.0,0.0
57482_G_CTG3,1,3,0.0,0.0,0.0
57482_G_CTG3,1,4,0.0,0.0,0.0
57482_G_CTG3,1,5,0.0,0.0,0.0
57482_G_CTG3,1,6,0.0,0.0,0.0
57482_G_CTG3,1,7,0.0,0.0,0.0
57482_G_CTG3,1,8,0.0,0.0,0.0
57482_G_CTG3,1,9,0.0,0.0,0.0
57482_G_CTG3,1,10,0.0,0.0,0.0
57482_G_CTG3,1,11,0.0,0.0,0.0
57482_G_CTG3,1,12,0.0,0.0,0.0
57482_G_CTG3,1,13,0.0,0.0,0.0
57482_G_CTG3,1,14,0.0,0.0,0.0
57482_G_CTG3,1,15,0.0,0.0,0.0
57482_G_CTG3,1,16,0.0,0.0,0.0
57482_G_CTG3,1,17,0.0,0.0,0.0
57482_G_CTG3,1,18,0.0,0.0,0.0
57482_G_CTG3,1,19,0.0,0.0,0.0
57482_G_CTG3,1,20,0.0,0.0,0.0
57482_G_CTG3,1,21,0.0,0.0,0.0
57482_G_CTG3,1,22,0.0,0.0,0.0
57482_G_CTG3,1,23,0.0,0.0,0.0
57482_G_CTG3,1,24,0.0,0.0,0.0
57482_G_CTG3,1,25,0.0,0.0,0.0
57482_G_CTG4,1,1,0.0,0.0,0.0
57482_G_CTG4,1,2,0.0,0.0,0.0
57482_G_CTG4,1,3,0.0,0.0,0.0
57482_G_CTG4,1,4,0.0,0.0,0.0
57482_G_CTG4,1,5,0.0,0.0,0.0
57482_G_CTG4,1,6,0.0,0.0,0.0
57482_G_CTG4,1,7,0.0,0.0,0.0
57482_G_CTG4,1,8,0.0,0.0,0.0
57482_G_CTG4,1,9,0.0,0.0,0.0
57482_G_CTG4,1,10,0.0,0.0,0.0
57482_G_CTG4,1,11,0.0,0.0,0.0
57482_G_CTG4,1,12,0.0,0.0,0.0
57482_G_CTG4,1,13,0.0,0.0,0.0
57482_G_CTG4,1,14,0.0,0.0,0.0
57482_G_CTG4,1,15,0.0,0.0,0.0
57482_G_CTG4,1,16,0.0,0.0,0.0
57482_G_CTG4,1,17,0.0,0.0,0.0
57482_G_CTG4,1,18,0.0,0.0,0.0
57482_G_CTG4,1,19,0.0,0.0,0.0
57482_G_CTG4,1,20,0.0,0.0,0.0
57482_G_CTG4,1,21,0.0,0.0,0.0
57482_G_CTG4,1,22,0.0,0.0,0.0
57482_G_CTG4,1,23,0.0,0.0,0.0
57482_G_CTG4,1,24,0.0,0.0,0.0
57482_G_CTG4,1,25,0.0,0.0,0.0
57482_G_CTG5,1,1,0.0,0.0,0.0
57482_G_CTG5,1,2,0.0,0.0,0.0
57482_G_CTG5,1,3,0.0,0.0,0.0
57482_G_CTG5,1,4,0.0,0.0,0.0
57482_G_CTG5,1,5,0.0,0.0,0.0
57482_G_CTG5,1,6,0.0,0.0,0.0
57482_G_CTG5,1,7,0.0,0.0,0.0
57482_G_CTG5,1,8,0.0,0.0,0.0
57482_G_CTG5,1,9,0.0,0.0,0.0
57482_G_CTG5,1,10,0.0,0.0,0.0
57482_G_CTG5,1,11,0.0,0.0,0.0
57482_G_CTG5,1,12,0.0,0.0,0.0
57482_G_CTG5,1,13,0.0,0.0,0.0
57482_G_CTG5,1,14,0.0,0.0,0.0
57482_G_CTG5,1,15,0.0,0.0,0.0
57482_G_CTG5,1,16,0.0,0.0,0.0
57482_G_CTG5,1,17,0.0,0.0,0.0
57482_G_CTG5,1,18,0.0,0.0,0.0
57482_G_CTG5,1,19,0.0,0.0,0.0
57482_G_CTG5,1,20,0.0,0.0,0.0
57482_G_CTG5,1,21,0.0,0.0,0.0
57482_G_CTG5,1,22,0.0,0.0,0.0
57482_G_CTG5,1,23,0.0,0.0,0.0
57482_G_CTG5,1,24,0.0,0.0,0.0
57482_G_CTG5,1,25,0.0,0.0,0.0
57482_G_CTG6,1,1,0.0,0.0,0.0
57482_G_CTG6,1,2,0.0,0.0,0.0
57482_G_CTG6,1,3,0.0,0.0,0.0
57482_G_CTG6,1,4,0.0,0.0,0.0
57482_G_CTG6,1,5,0.0,0.0,0.0
57482_G_CTG6,1,6,0.0,0.0,0.0
57482_G_CTG6,1,7,0.0,0.0,0.0
57482_G_CTG6,1,8,0.0,0.0,0.0
57482_G_CTG6,1,9,0.0,0.0,0.0
57482_G_CTG6,1,10,0.0,0.0,0.0
57482_G_CTG6,1,11,0.0,0.0,0.0
57482_G_CTG6,1,12,0.0,0.0,0.0
57482_G_CTG6,1,13,0.0,0.0,0.0
57482_G_CTG6,1,14,0.0,0.0,0.0
57482_G_CTG6,1,15,0.0,0.0,0.0
57482_G_CTG6,1,16,0.0,0.0,0.0
57482_G_CTG6,1,17,0.0,0.0,0.0
57482_G_CTG6,1,18,0.0,0.0,0.0
57482_G_CTG6,1,19,0.0,0.0,0.0
57482_G_CTG6,1,20,0.0,0.0,0.0
57482_G_CTG6,1,21,0.0,0.0,0.0
57482_G_CTG6,1,22,0.0,0.0,0.0
57482_G_CTG6,1,23,0.0,0.0,0.0
57482_G_CTG6,1,24,0.0,0.0,0.0
57482_G_CTG6,1,25,0.0,0.0,0.0
57482_G_CTG7,1,1,0.0,0.0,0.0
57482_G_CTG7,1,2,0.0,0.0,0.0
57482_G_CTG7,1,3,0.0,0.0,0.0
57482_G_CTG7,1,4,0.0,0.0,0.0
57482_G_CTG7,1,5,0.0,0.0,0.0
57482_G_CTG7,1,6,0.0,0.0,0.0
57482_G_CTG7,1,7,0.0,0.0,0.0
57482_G_CTG7,1,8,0.0,0.0,0.0
57482_G_CTG7,1,9,0.0,0.0,0.0
57482_G_CTG7,1,10,0.0,0.0,0.0
57482_G_CTG7,1,11,0.0,0.0,0.0
57482_G_CTG7,1,12,0.0,0.0,0.0
57482_G_CTG7,1,13,0.0,0.0,0.0
57482_G_CTG7,1,14,0.0,0.0,0.0
57482_G_CTG7,1,15,0.0,0.0,0.0
57482_G_CTG7,1,16,0.0,0.0,0.0
57482_G_CTG7,1,17,0.0,0.0,0.0
57482_G_CTG7,1,18,0.0,0.0,0.0
57482_G_CTG7,1,19,0.0,0.0,0.0
57482_G_CTG7,1,20,0.0,0.0,0.0
57482_G_CTG7,1,21,0.0,0.0,0.0
57482_G_CTG7,1,22,0.0,0.0,0.0
57482_G_CTG7,1,23,0.0,0.0,0.0
57482_G_CTG7,1,24,0.0,0.0,0.0
57482_G_CTG7,1,25,0.0,0.0,0.0
57482_G_CTG8,1,1,0.0,0.0,0.0
57482_G_CTG8,1,2,0.0,0.0,0.0
57482_G_CTG8,1,3,0.0,0.0,0.0
57482_G_CTG8,1,4,0.0,0.0,0.0
57482_G_CTG8,1,5,0.0,0.0,0.0
57482_G_CTG8,1,6,0.0,0.0,0.0
57482_G_CTG8,1,7,0.0,0.0,0.0
57482_G_CTG8,1,8,0.0,0.0,0.0
57482_G_CTG8,1,9,0.0,0.0,0.0
57482_G_CTG8,1,10,0.0,0.0,0.0
57482_G_CTG8,1,11,0.0,0.0,0.0
57482_G_CTG8,1,12,0.0,0.0,0.0
57482_G_CTG8,1,13,0.0,0.0,0.0
57482_G_CTG8,1,14,0.0,0.0,0.0
57482_G_CTG8,1,15,0.0,0.0,0.0
57482_G_CTG8,1,16,0.0,0.0,0.0
57482_G_CTG8,1,17,0.0,0.0,0.0
57482_G_CTG8,1,18,0.0,0.0,0.0
57482_G_CTG8,1,19,0.0,0.0,0.0
57482_G_CTG8,1,20,0.0,0.0,0.0
57482_G_CTG8,1,21,0.0,0.0,0.0
57482_G_CTG8,1,22,0.0,0.0,0.0
57482_G_CTG8,1,23,0.0,0.0,0.0
57482_G_CTG8,1,24,0.0,0.0,0.0
57482_G_CTG8,1,25,0.0,0.0,0.0
57483_G_CTG2,1,1,0.0,0.0,0.0
57483_G_CTG2,1,2,0.0,0.0,0.0
57483_G_CTG2,1,3,0.0,0.0,0.0
57483_G_CTG2,1,4,0.0,0.0,0.0
57483_G_CTG2,1,5,0.0,0.0,0.0
57483_G_CTG2,1,6,0.0,0.0,0.0
57483_G_CTG2,1,7,0.0,0.0,0.0
57483_G_CTG2,1,8,0.0,0.0,0.0
57483_G_CTG2,1,9,0.0,0.0,0.0
57483_G_CTG2,1,10,0.0,0.0,0.0
57483_G_CTG2,1,11,0.0,0.0,0.0
57483_G_CTG2,1,12,0.0,0.0,0.0
57483_G_CTG2,1,13,0.0,0.0,0.0
57483_G_CTG2,1,14,0.0,0.0,0.0
57483_G_CTG2,1,15,0.0,0.0,0.0
57483_G_CTG2,1,16,0.0,0.0,0.0
57483_G_CTG2,1,17,0.0,0.0,0.0
57483_G_CTG2,1,18,0.0,0.0,0.0
57483_G_CTG2,1,19,0.0,0.0,0.0
57483_G_CTG2,1,20,0.0,0.0,0.0
57483_G_CTG2,1,21,0.0,0.0,0.0
57483_G_CTG2,1,22,0.0,0.0,0.0
57483_G_CTG2,1,23,0.0,0.0,0.0
57483_G_CTG2,1,24,0.0,0.0,0.0
57483_G_CTG2,1,25,0.0,0.0,0.0
57515_G_GT1,1,1,0.0,0.0,0.0
57515_G_GT1,1,2,0.0,0.0,0.0
57515_G_GT1,1,3,0.0,0.0,0.0
57515_G_GT1,1,4,0.0,0.0,0.0
57515_G_GT1,1,5,0.0,0.0,0.0
57515_G_GT1,1,6,0.0,0.0,0.0
57515_G_GT1,1,7,0.0,0.0,0.0
57515_G_GT1,1,8,0.0,0.0,0.0
57515_G_GT1,1,9,0.0,0.0,0.0
57515_G_GT1,1,10,0.0,0.0,0.0
57515_G_GT1,1,11,0.0,0.0,0.0
57515_G_GT1,1,12,0.0,0.0,0.0
57515_G_GT1,1,13,0.0,0.0,0.0
57515_G_GT1,1,14,0.0,0.0,0.0
57515_G_GT1,1,15,0.0,0.0,0.0
57515_G_GT1,1,16,0.0,0.0,0.0
57515_G_GT1,1,17,0.0,0.0,0.0
57515_G_GT1,1,18,0.0,0.0,0.0
57515_G_GT1,1,19,0.0,0.0,0.0
57515_G_GT1,1,20,0.0,0.0,0.0
57515_G_GT1,1,21,0.0,0.0,0.0
57515_G_GT1,1,22,0.0,0.0,0.0
57515_G_GT1,1,23,0.0,0.0,0.0
57515_G_GT1,1,24,0.0,0.0,0.0
57515_G_GT1,1,25,0.0,0.0,0.0
57515_G_GT2,1,1,0.0,0.0,0.0
57515_G_GT2,1,2,0.0,0.0,0.0
57515_G_GT2,1,3,0.0,0.0,0.0
57515_G_GT2,1,4,0.0,0.0,0.0
57515_G_GT2,1,5,0.0,0.0,0.0
57515_G_GT2,1,6,0.0,0.0,0.0
57515_G_GT2,1,7,0.0,0.0,0.0
57515_G_GT2,1,8,0.0,0.0,0.0
57515_G_GT2,1,9,0.0,0.0,0.0
57515_G_GT2,1,10,0.0,0.0,0.0
57515_G_GT2,1,11,0.0,0.0,0.0
57515_G_GT2,1,12,0.0,0.0,0.0
57515_G_GT2,1,13,0.0,0.0,0.0
57515_G_GT2,1,14,0.0,0.0,0.0
57515_G_GT2,1,15,0.0,0.0,0.0
57515_G_GT2,1,16,0.0,0.0,0.0
57515_G_GT2,1,17,0.0,0.0,0.0
57515_G_GT2,1,18,0.0,0.0,0.0
57515_G_GT2,1,19,0.0,0.0,0.0
57515_G_GT2,1,20,0.0,0.0,0.0
57515_G_GT2,1,21,0.0,0.0,0.0
57515_G_GT2,1,22,0.0,0.0,0.0
57515_G_GT2,1,23,0.0,0.0,0.0
57515_G_GT2,1,24,0.0,0.0,0.0
57515_G_GT2,1,25,0.0,0.0,0.0
57515_G_GT3,1,1,0.0,0.0,0.0
57515_G_GT3,1,2,0.0,0.0,0.0
57515_G_GT3,1,3,0.0,0.0,0.0
57515_G_GT3,1,4,0.0,0.0,0.0
57515_G_GT3,1,5,0.0,0.0,0.0
57515_G_GT3,1,6,0.0,0.0,0.0
57515_G_GT3,1,7,0.0,0.0,0.0
57515_G_GT3,1,8,0.0,0.0,0.0
57515_G_GT3,1,9,0.0,0.0,0.0
57515_G_GT3,1,10,0.0,0.0,0.0
57515_G_GT3,1,11,0.0,0.0,0.0
57515_G_GT3,1,12,0.0,0.0,0.0
57515_G_GT3,1,13,0.0,0.0,0.0
57515_G_GT3,1,14,0.0,0.0,0.0
57515_G_GT3,1,15,0.0,0.0,0.0
57515_G_GT3,1,16,0.0,0.0,0.0
57515_G_GT3,1,17,0.0,0.0,0.0
57515_G_GT3,1,18,0.0,0.0,0.0
57515_G_GT3,1,19,0.0,0.0,0.0
57515_G_GT3,1,20,0.0,0.0,0.0
57515_G_GT3,1,21,0.0,0.0,0.0
57515_G_GT3,1,22,0.0,0.0,0.0
57515_G_GT3,1,23,0.0,0.0,0.0
57515_G_GT3,1,24,0.0,0.0,0.0
57515_G_GT3,1,25,0.0,0.0,0.0
57515_G_GT4,1,1,0.0,0.0,0.0
57515_G_GT4,1,2,0.0,0.0,0.0
57515_G_GT4,1,3,0.0,0.0,0.0
57515_G_GT4,1,4,0.0,0.0,0.0
57515_G_GT4,1,5,0.0,0.0,0.0
57515_G_GT4,1,6,0.0,0.0,0.0
57515_G_GT4,1,7,0.0,0.0,0.0
57515_G_GT4,1,8,0.0,0.0,0.0
57515_G_GT4,1,9,0.0,0.0,0.0
57515_G_GT4,1,10,0.0,0.0,0.0
57515_G_GT4,1,11,0.0,0.0,0.0
57515_G_GT4,1,12,0.0,0.0,0.0
57515_G_GT4,1,13,0.0,0.0,0.0
57515_G_GT4,1,14,0.0,0.0,0.0
57515_G_GT4,1,15,0.0,0.0,0.0
57515_G_GT4,1,16,0.0,0.0,0.0
57515_G_GT4,1,17,0.0,0.0,0.0
57515_G_GT4,1,18,0.0,0.0,0.0
57515_G_GT4,1,19,0.0,0.0,0.0
57515_G_GT4,1,20,0.0,0.0,0.0
57515_G_GT4,1,21,0.0,0.0,0.0
57515_G_GT4,1,22,0.0,0.0,0.0
57515_G_GT4,1,23,0.0,0.0,0.0
57515_G_GT4,1,24,0.0,0.0,0.0
57515_G_GT4,1,25,0.0,0.0,0.0
57515_G_GT5,1,1,0.0,0.0,0.0
57515_G_GT5,1,2,0.0,0.0,0.0
57515_G_GT5,1,3,0.0,0.0,0.0
57515_G_GT5,1,4,0.0,0.0,0.0
57515_G_GT5,1,5,0.0,0.0,0.0
57515_G_GT5,1,6,0.0,0.0,0.0
57515_G_GT5,1,7,0.0,0.0,0.0
57515_G_GT5,1,8,0.0,0.0,0.0
57515_G_GT5,1,9,0.0,0.0,0.0
57515_G_GT5,1,10,0.0,0.0,0.0
57515_G_GT5,1,11,0.0,0.0,0.0
57515_G_GT5,1,12,0.0,0.0,0.0
57515_G_GT5,1,13,0.0,0.0,0.0
57515_G_GT5,1,14,0.0,0.0,0.0
57515_G_GT5,1,15,0.0,0.0,0.0
57515_G_GT5,1,16,0.0,0.0,0.0
57515_G_GT5,1,17,0.0,0.0,0.0
57515_G_GT5,1,18,0.0,0.0,0.0
57515_G_GT5,1,19,0.0,0.0,0.0
57515_G_GT5,1,20,0.0,0.0,0.0
57515_G_GT5,1,21,0.0,0.0,0.0
57515_G_GT5,1,22,0.0,0.0,0.0
57515_G_GT5,1,23,0.0,0.0,0.0
57515_G_GT5,1,24,0.0,0.0,0.0
57515_G_GT5,1,25,0.0,0.0,0.0
57555_G_CTG1,1,1,0.0,0.0,0.0
57555_G_CTG1,1,2,0.0,0.0,0.0
57555_G_CTG1,1,3,0.0,0.0,0.0
57555_G_CTG1,1,4,0.0,0.0,0.0
57555_G_CTG1,1,5,0.0,0.0,0.0
57555_G_CTG1,1,6,0.0,0.0,0.0
57555_G_CTG1,1,7,0.0,0.0,0.0
57555_G_CTG1,1,8,0.0,0.0,0.0
57555_G_CTG1,1,9,0.0,0.0,0.0
57555_G_CTG1,1,10,0.0,0.0,0.0
57555_G_CTG1,1,11,0.0,0.0,0.0
57555_G_CTG1,1,12,0.0,0.0,0.0
57555_G_CTG1,1,13,0.0,0.0,0.0
57555_G_CTG1,1,14,0.0,0.0,0.0
57555_G_CTG1,1,15,0.0,0.0,0.0
57555_G_CTG1,1,16,0.0,0.0,0.0
57555_G_CTG1,1,17,0.0,0.0,0.0
57555_G_CTG1,1,18,0.0,0.0,0.0
57555_G_CTG1,1,19,0.0,0.0,0.0
57555_G_CTG1,1,20,0.0,0.0,0.0
57555_G_CTG1,1,21,0.0,0.0,0.0
57555_G_CTG1,1,22,0.0,0.0,0.0
57555_G_CTG1,1,23,0.0,0.0,0.0
57555_G_CTG1,1,24,0.0,0.0,0.0
57555_G_CTG1,1,25,0.0,0.0,0.0
57555_G_CTG2,1,1,0.0,0.0,0.0
57555_G_CTG2,1,2,0.0,0.0,0.0
57555_G_CTG2,1,3,0.0,0.0,0.0
57555_G_CTG2,1,4,0.0,0.0,0.0
57555_G_CTG2,1,5,0.0,0.0,0.0
57555_G_CTG2,1,6,0.0,0.0,0.0
57555_G_CTG2,1,7,0.0,0.0,0.0
57555_G_CTG2,1,8,0.0,0.0,0.0
57555_G_CTG2,1,9,0.0,0.0,0.0
57555_G_CTG2,1,10,0.0,0.0,0.0
57555_G_CTG2,1,11,0.0,0.0,0.0
57555_G_CTG2,1,12,0.0,0.0,0.0
57555_G_CTG2,1,13,0.0,0.0,0.0
57555_G_CTG2,1,14,0.0,0.0,0.0
57555_G_CTG2,1,15,0.0,0.0,0.0
57555_G_CTG2,1,16,0.0,0.0,0.0
57555_G_CTG2,1,17,0.0,0.0,0.0
57555_G_CTG2,1,18,0.0,0.0,0.0
57555_G_CTG2,1,19,0.0,0.0,0.0
57555_G_CTG2,1,20,0.0,0.0,0.0
57555_G_CTG2,1,21,0.0,0.0,0.0
57555_G_CTG2,1,22,0.0,0.0,0.0
57555_G_CTG2,1,23,0.0,0.0,0.0
57555_G_CTG2,1,24,0.0,0.0,0.0
57555_G_CTG2,1,25,0.0,0.0,0.0
57555_G_CTG3,1,1,0.0,0.0,0.0
57555_G_CTG3,1,2,0.0,0.0,0.0
57555_G_CTG3,1,3,0.0,0.0,0.0
57555_G_CTG3,1,4,0.0,0.0,0.0
57555_G_CTG3,1,5,0.0,0.0,0.0
57555_G_CTG3,1,6,0.0,0.0,0.0
57555_G_CTG3,1,7,0.0,0.0,0.0
57555_G_CTG3,1,8,0.0,0.0,0.0
57555_G_CTG3,1,9,0.0,0.0,0.0
57555_G_CTG3,1,10,0.0,0.0,0.0
57555_G_CTG3,1,11,0.0,0.0,0.0
57555_G_CTG3,1,12,0.0,0.0,0.0
57555_G_CTG3,1,13,0.0,0.0,0.0
57555_G_CTG3,1,14,0.0,0.0,0.0
57555_G_CTG3,1,15,0.0,0.0,0.0
57555_G_CTG3,1,16,0.0,0.0,0.0
57555_G_CTG3,1,17,0.0,0.0,0.0
57555_G_CTG3,1,18,0.0,0.0,0.0
57555_G_CTG3,1,19,0.0,0.0,0.0
57555_G_CTG3,1,20,0.0,0.0,0.0
57555_G_CTG3,1,21,0.0,0.0,0.0
57555_G_CTG3,1,22,0.0,0.0,0.0
57555_G_CTG3,1,23,0.0,0.0,0.0
57555_G_CTG3,1,24,0.0,0.0,0.0
57555_G_CTG3,1,25,0.0,0.0,0.0
57564_G_CTG,1,1,0.0,0.0,0.0
57564_G_CTG,1,2,0.0,0.0,0.0
57564_G_CTG,1,3,0.0,0.0,0.0
57564_G_CTG,1,4,0.0,0.0,0.0
57564_G_CTG,1,5,0.0,0.0,0.0
57564_G_CTG,1,6,0.0,0.0,0.0
57564_G_CTG,1,7,0.0,0.0,0.0
57564_G_CTG,1,8,0.0,0.0,0.0
57564_G_CTG,1,9,0.0,0.0,0.0
57564_G_CTG,1,10,0.0,0.0,0.0
57564_G_CTG,1,11,0.0,0.0,0.0
57564_G_CTG,1,12,0.0,0.0,0.0
57564_G_CTG,1,13,0.0,0.0,0.0
57564_G_CTG,1,14,0.0,0.0,0.0
57564_G_CTG,1,15,0.0,0.0,0.0
57564_G_CTG,1,16,0.0,0.0,0.0
57564_G_CTG,1,17,0.0,0.0,0.0
57564_G_CTG,1,18,0.0,0.0,0.0
57564_G_CTG,1,19,0.0,0.0,0.0
57564_G_CTG,1,20,0.0,0.0,0.0
57564_G_CTG,1,21,0.0,0.0,0.0
57564_G_CTG,1,22,0.0,0.0,0.0
57564_G_CTG,1,23,0.0,0.0,0.0
57564_G_CTG,1,24,0.0,0.0,0.0
57564_G_CTG,1,25,0.0,0.0,0.0
57564_G_STG2,1,1,0.0,0.0,0.0
57564_G_STG2,1,2,0.0,0.0,0.0
57564_G_STG2,1,3,0.0,0.0,0.0
57564_G_STG2,1,4,0.0,0.0,0.0
57564_G_STG2,1,5,0.0,0.0,0.0
57564_G_STG2,1,6,0.0,0.0,0.0
57564_G_STG2,1,7,0.0,0.0,0.0
57564_G_STG2,1,8,0.0,0.0,0.0
57564_G_STG2,1,9,0.0,0.0,0.0
57564_G_STG2,1,10,0.0,0.0,0.0
57564_G_STG2,1,11,0.0,0.0,0.0
57564_G_STG2,1,12,0.0,0.0,0.0
57564_G_STG2,1,13,0.0,0.0,0.0
57564_G_STG2,1,14,0.0,0.0,0.0
57564_G_STG2,1,15,0.0,0.0,0.0
57564_G_STG2,1,16,0.0,0.0,0.0
57564_G_STG2,1,17,0.0,0.0,0.0
57564_G_STG2,1,18,0.0,0.0,0.0
57564_G_STG2,1,19,0.0,0.0,0.0
57564_G_STG2,1,20,0.0,0.0,0.0
57564_G_STG2,1,21,0.0,0.0,0.0
57564_G_STG2,1,22,0.0,0.0,0.0
57564_G_STG2,1,23,0.0,0.0,0.0
57564_G_STG2,1,24,0.0,0.0,0.0
57564_G_STG2,1,25,0.0,0.0,0.0
57584_G_NT2,1,1,0.0,0.0,0.0
57584_G_NT2,1,2,0.0,0.0,0.0
57584_G_NT2,1,3,0.0,0.0,0.0
57584_G_NT2,1,4,0.0,0.0,0.0
57584_G_NT2,1,5,0.0,0.0,0.0
57584_G_NT2,1,6,0.0,0.0,0.0
57584_G_NT2,1,7,0.0,0.0,0.0
57584_G_NT2,1,8,0.0,0.0,0.0
57584_G_NT2,1,9,0.0,0.0,0.0
57584_G_NT2,1,10,0.0,0.0,0.0
57584_G_NT2,1,11,0.0,0.0,0.0
57584_G_NT2,1,12,0.0,0.0,0.0
57584_G_NT2,1,13,0.0,0.0,0.0
57584_G_NT2,1,14,0.0,0.0,0.0
57584_G_NT2,1,15,0.0,0.0,0.0
57584_G_NT2,1,16,0.0,0.0,0.0
57584_G_NT2,1,17,0.0,0.0,0.0
57584_G_NT2,1,18,0.0,0.0,0.0
57584_G_NT2,1,19,0.0,0.0,0.0
57584_G_NT2,1,20,0.0,0.0,0.0
57584_G_NT2,1,21,0.0,0.0,0.0
57584_G_NT2,1,22,0.0,0.0,0.0
57584_G_NT2,1,23,0.0,0.0,0.0
57584_G_NT2,1,24,0.0,0.0,0.0
57584_G_NT2,1,25,0.0,0.0,0.0
57584_G_ST1,1,1,0.0,0.0,0.0
57584_G_ST1,1,2,0.0,0.0,0.0
57584_G_ST1,1,3,0.0,0.0,0.0
57584_G_ST1,1,4,0.0,0.0,0.0
57584_G_ST1,1,5,0.0,0.0,0.0
57584_G_ST1,1,6,0.0,0.0,0.0
57584_G_ST1,1,7,0.0,0.0,0.0
57584_G_ST1,1,8,0.0,0.0,0.0
57584_G_ST1,1,9,0.0,0.0,0.0
57584_G_ST1,1,10,0.0,0.0,0.0
57584_G_ST1,1,11,0.0,0.0,0.0
57584_G_ST1,1,12,0.0,0.0,0.0
57584_G_ST1,1,13,0.0,0.0,0.0
57584_G_ST1,1,14,0.0,0.0,0.0
57584_G_ST1,1,15,0.0,0.0,0.0
57584_G_ST1,1,16,0.0,0.0,0.0
57584_G_ST1,1,17,0.0,0.0,0.0
57584_G_ST1,1,18,0.0,0.0,0.0
57584_G_ST1,1,19,0.0,0.0,0.0
57584_G_ST1,1,20,0.0,0.0,0.0
57584_G_ST1,1,21,0.0,0.0,0.0
57584_G_ST1,1,22,0.0,0.0,0.0
57584_G_ST1,1,23,0.0,0.0,0.0
57584_G_ST1,1,24,0.0,0.0,0.0
57584_G_ST1,1,25,0.0,0.0,0.0
57584_G_STG,1,1,0.0,0.0,0.0
57584_G_STG,1,2,0.0,0.0,0.0
57584_G_STG,1,3,0.0,0.0,0.0
57584_G_STG,1,4,0.0,0.0,0.0
57584_G_STG,1,5,0.0,0.0,0.0
57584_G_STG,1,6,0.0,0.0,0.0
57584_G_STG,1,7,0.0,0.0,0.0
57584_G_STG,1,8,0.0,0.0,0.0
57584_G_STG,1,9,0.0,0.0,0.0
57584_G_STG,1,10,0.0,0.0,0.0
57584_G_STG,1,11,0.0,0.0,0.0
57584_G_STG,1,12,0.0,0.0,0.0
57584_G_STG,1,13,0.0,0.0,0.0
57584_G_STG,1,14,0.0,0.0,0.0
57584_G_STG,1,15,0.0,0.0,0.0
57584_G_STG,1,16,0.0,0.0,0.0
57584_G_STG,1,17,0.0,0.0,0.0
57584_G_STG,1,18,0.0,0.0,0.0
57584_G_STG,1,19,0.0,0.0,0.0
57584_G_STG,1,20,0.0,0.0,0.0
57584_G_STG,1,21,0.0,0.0,0.0
57584_G_STG,1,22,0.0,0.0,0.0
57584_G_STG,1,23,0.0,0.0,0.0
57584_G_STG,1,24,0.0,0.0,0.0
57584_G_STG,1,25,0.0,0.0,0.0
57585_G_1,1,1,0.0,0.0,0.0
57585_G_1,1,2,0.0,0.0,0.0
57585_G_1,1,3,0.0,0.0,0.0
57585_G_1,1,4,0.0,0.0,0.0
57585_G_1,1,5,0.0,0.0,0.0
57585_G_1,1,6,0.0,0.0,0.0
57585_G_1,1,7,0.0,0.0,0.0
57585_G_1,1,8,0.0,0.0,0.0
57585_G_1,1,9,0.0,0.0,0.0
57585_G_1,1,10,0.0,0.0,0.0
57585_G_1,1,11,0.0,0.0,0.0
57585_G_1,1,12,0.0,0.0,0.0
57585_G_1,1,13,0.0,0.0,0.0
57585_G_1,1,14,0.0,0.0,0.0
57585_G_1,1,15,0.0,0.0,0.0
57585_G_1,1,16,0.0,0.0,0.0
57585_G_1,1,17,0.0,0.0,0.0
57585_G_1,1,18,0.0,0.0,0.0
57585_G_1,1,19,0.0,0.0,0.0
57585_G_1,1,20,0.0,0.0,0.0
57585_G_1,1,21,0.0,0.0,0.0
57585_G_1,1,22,0.0,0.0,0.0
57585_G_1,1,23,0.0,0.0,0.0
57585_G_1,1,24,0.0,0.0,0.0
57585_G_1,1,25,0.0,0.0,0.0
57696_G_1,1,1,11.0,0.0,0.0
57696_G_1,1,2,11.0,0.0,0.0
57696_G_1,1,3,11.0,0.0,0.0
57696_G_1,1,4,11.0,0.0,0.0
57696_G_1,1,5,11.0,0.0,0.0
57696_G_1,1,6,11.0,0.0,0.0
57696_G_1,1,7,11.0,0.0,0.0
57696_G_1,1,8,4.4,0.0,0.0
57696_G_1,1,9,4.4,0.0,0.0
57696_G_1,1,10,4.4,0.0,0.0
57696_G_1,1,11,4.4,0.0,0.0
57696_G_1,1,12,4.4,0.0,0.0
57696_G_1,1,13,4.4,0.0,0.0
57696_G_1,1,14,4.4,0.0,0.0
57696_G_1,1,15,4.4,0.0,0.0
57696_G_1,1,16,4.4,0.0,0.0
57696_G_1,1,17,11.0,0.0,0.0
57696_G_1,1,18,11.0,0.0,0.0
57696_G_1,1,19,11.0,0.0,0.0
57696_G_1,1,20,11.0,0.0,0.0
57696_G_1,1,21,11.0,0.0,0.0
57696_G_1,1,22,11.0,0.0,0.0
57696_G_1,1,23,11.0,0.0,0.0
57696_G_1,1,24,11.0,0.0,0.0
57696_G_1,1,25,11.0,0.0,0.0
57901_G_5,1,1,0.0,0.0,0.0
57901_G_5,1,2,0.0,0.0,0.0
57901_G_5,1,3,0.0,0.0,0.0
57901_G_5,1,4,0.0,0.0,0.0
57901_G_5,1,5,0.0,0.0,0.0
57901_G_5,1,6,0.0,0.0,0.0
57901_G_5,1,7,0.0,0.0,0.0
57901_G_5,1,8,0.0,0.0,0.0
57901_G_5,1,9,0.0,0.0,0.0
57901_G_5,1,10,0.0,0.0,0.0
57901_G_5,1,11,0.0,0.0,0.0
57901_G_5,1,12,0.0,0.0,0.0
57901_G_5,1,13,0.0,0.0,0.0
57901_G_5,1,14,0.0,0.0,0.0
57901_G_5,1,15,0.0,0.0,0.0
57901_G_5,1,16,0.0,0.0,0.0
57901_G_5,1,17,0.0,0.0,0.0
57901_G_5,1,18,0.0,0.0,0.0
57901_G_5,1,19,0.0,0.0,0.0
57901_G_5,1,20,0.0,0.0,0.0
57901_G_5,1,21,0.0,0.0,0.0
57901_G_5,1,22,0.0,0.0,0.0
57901_G_5,1,23,0.0,0.0,0.0
57901_G_5,1,24,0.0,0.0,0.0
57901_G_5,1,25,0.0,0.0,0.0
57901_G_6,1,1,0.0,0.0,0.0
57901_G_6,1,2,0.0,0.0,0.0
57901_G_6,1,3,0.0,0.0,0.0
57901_G_6,1,4,0.0,0.0,0.0
57901_G_6,1,5,0.0,0.0,0.0
57901_G_6,1,6,0.0,0.0,0.0
57901_G_6,1,7,0.0,0.0,0.0
57901_G_6,1,8,0.0,0.0,0.0
57901_G_6,1,9,0.0,0.0,0.0
57901_G_6,1,10,0.0,0.0,0.0
57901_G_6,1,11,0.0,0.0,0.0
57901_G_6,1,12,0.0,0.0,0.0
57901_G_6,1,13,0.0,0.0,0.0
57901_G_6,1,14,0.0,0.0,0.0
57901_G_6,1,15,0.0,0.0,0.0
57901_G_6,1,16,0.0,0.0,0.0
57901_G_6,1,17,0.0,0.0,0.0
57901_G_6,1,18,0.0,0.0,0.0
57901_G_6,1,19,0.0,0.0,0.0
57901_G_6,1,20,0.0,0.0,0.0
57901_G_6,1,21,0.0,0.0,0.0
57901_G_6,1,22,0.0,0.0,0.0
57901_G_6,1,23,0.0,0.0,0.0
57901_G_6,1,24,0.0,0.0,0.0
57901_G_6,1,25,0.0,0.0,0.0
57901_G_7,1,1,0.0,0.0,0.0
57901_G_7,1,2,0.0,0.0,0.0
57901_G_7,1,3,0.0,0.0,0.0
57901_G_7,1,4,0.0,0.0,0.0
57901_G_7,1,5,0.0,0.0,0.0
57901_G_7,1,6,0.0,0.0,0.0
57901_G_7,1,7,0.0,0.0,0.0
57901_G_7,1,8,0.0,0.0,0.0
57901_G_7,1,9,0.0,0.0,0.0
57901_G_7,1,10,0.0,0.0,0.0
57901_G_7,1,11,0.0,0.0,0.0
57901_G_7,1,12,0.0,0.0,0.0
57901_G_7,1,13,0.0,0.0,0.0
57901_G_7,1,14,0.0,0.0,0.0
57901_G_7,1,15,0.0,0.0,0.0
57901_G_7,1,16,0.0,0.0,0.0
57901_G_7,1,17,0.0,0.0,0.0
57901_G_7,1,18,0.0,0.0,0.0
57901_G_7,1,19,0.0,0.0,0.0
57901_G_7,1,20,0.0,0.0,0.0
57901_G_7,1,21,0.0,0.0,0.0
57901_G_7,1,22,0.0,0.0,0.0
57901_G_7,1,23,0.0,0.0,0.0
57901_G_7,1,24,0.0,0.0,0.0
57901_G_7,1,25,0.0,0.0,0.0
57901_G_8,1,1,0.0,0.0,0.0
57901_G_8,1,2,0.0,0.0,0.0
57901_G_8,1,3,0.0,0.0,0.0
57901_G_8,1,4,0.0,0.0,0.0
57901_G_8,1,5,0.0,0.0,0.0
57901_G_8,1,6,0.0,0.0,0.0
57901_G_8,1,7,0.0,0.0,0.0
57901_G_8,1,8,0.0,0.0,0.0
57901_G_8,1,9,0.0,0.0,0.0
57901_G_8,1,10,0.0,0.0,0.0
57901_G_8,1,11,0.0,0.0,0.0
57901_G_8,1,12,0.0,0.0,0.0
57901_G_8,1,13,0.0,0.0,0.0
57901_G_8,1,14,0.0,0.0,0.0
57901_G_8,1,15,0.0,0.0,0.0
57901_G_8,1,16,0.0,0.0,0.0
57901_G_8,1,17,0.0,0.0,0.0
57901_G_8,1,18,0.0,0.0,0.0
57901_G_8,1,19,0.0,0.0,0.0
57901_G_8,1,20,0.0,0.0,0.0
57901_G_8,1,21,0.0,0.0,0.0
57901_G_8,1,22,0.0,0.0,0.0
57901_G_8,1,23,0.0,0.0,0.0
57901_G_8,1,24,0.0,0.0,0.0
57901_G_8,1,25,0.0,0.0,0.0
57978_G_CT1,1,1,64.8,0.0,0.0
57978_G_CT1,1,2,64.8,0.0,0.0
57978_G_CT1,1,3,64.8,0.0,0.0
57978_G_CT1,1,4,116.31600000000007,0.0,0.0
57978_G_CT1,1,5,162.0,0.0,0.0
57978_G_CT1,1,6,162.0,0.0,0.0
57978_G_CT1,1,7,110.48399999999995,0.0,0.0
57978_G_CT1,1,8,0.0,0.0,0.0
57978_G_CT1,1,9,0.0,0.0,0.0
57978_G_CT1,1,10,0.0,0.0,0.0
57978_G_CT1,1,11,0.0,0.0,0.0
57978_G_CT1,1,12,0.0,0.0,0.0
57978_G_CT1,1,13,0.0,0.0,0.0
57978_G_CT1,1,14,0.0,0.0,0.0
57978_G_CT1,1,15,0.0,0.0,0.0
57978_G_CT1,1,16,0.0,0.0,0.0
57978_G_CT1,1,17,116.316,0.0,0.0
57978_G_CT1,1,18,110.48399999999995,0.0,0.0
57978_G_CT1,1,19,162.0,0.0,0.0
57978_G_CT1,1,20,162.0,0.0,0.0
57978_G_CT1,1,21,162.0,0.0,0.0
57978_G_CT1,1,22,162.0,0.0,0.0
57978_G_CT1,1,23,162.0,0.0,0.0
57978_G_CT1,1,24,162.0,0.0,0.0
57978_G_CT1,1,25,162.0,0.0,0.0
57978_G_ST1,1,1,38.0,0.0,0.0
57978_G_ST1,1,2,38.0,0.0,0.0
57978_G_ST1,1,3,38.0,0.0,0.0
57978_G_ST1,1,4,38.0,0.0,0.0
57978_G_ST1,1,5,95.0,0.0,0.0
57978_G_ST1,1,6,95.0,0.0,0.0
57978_G_ST1,1,7,0.0,0.0,0.0
57978_G_ST1,1,8,0.0,0.0,0.0
57978_G_ST1,1,9,0.0,0.0,0.0
57978_G_ST1,1,10,0.0,0.0,0.0
57978_G_ST1,1,11,0.0,0.0,0.0
57978_G_ST1,1,12,0.0,0.0,0.0
57978_G_ST1,1,13,0.0,0.0,0.0
57978_G_ST1,1,14,0.0,0.0,0.0
57978_G_ST1,1,15,0.0,0.0,0.0
57978_G_ST1,1,16,0.0,0.0,0.0
57978_G_ST1,1,17,95.0,0.0,0.0
57978_G_ST1,1,18,38.0,0.0,0.0
57978_G_ST1,1,19,95.0,0.0,0.0
57978_G_ST1,1,20,95.0,0.0,0.0
57978_G_ST1,1,21,95.0,0.0,0.0
57978_G_ST1,1,22,95.0,0.0,0.0
57978_G_ST1,1,23,95.0,0.0,0.0
57978_G_ST1,1,24,95.0,0.0,0.0
57978_G_ST1,1,25,95.0,0.0,0.0
58198_G_GTG1,1,1,0.0,0.0,0.0
58198_G_GTG1,1,2,0.0,0.0,0.0
58198_G_GTG1,1,3,0.0,0.0,0.0
58198_G_GTG1,1,4,0.0,0.0,0.0
58198_G_GTG1,1,5,0.0,0.0,0.0
58198_G_GTG1,1,6,0.0,0.0,0.0
58198_G_GTG1,1,7,0.0,0.0,0.0
58198_G_GTG1,1,8,0.0,0.0,0.0
58198_G_GTG1,1,9,0.0,0.0,0.0
58198_G_GTG1,1,10,0.0,0.0,0.0
58198_G_GTG1,1,11,0.0,0.0,0.0
58198_G_GTG1,1,12,0.0,0.0,0.0
58198_G_GTG1,1,13,0.0,0.0,0.0
58198_G_GTG1,1,14,0.0,0.0,0.0
58198_G_GTG1,1,15,0.0,0.0,0.0
58198_G_GTG1,1,16,0.0,0.0,0.0
58198_G_GTG1,1,17,0.0,0.0,0.0
58198_G_GTG1,1,18,0.0,0.0,0.0
58198_G_GTG1,1,19,0.0,0.0,0.0
58198_G_GTG1,1,20,0.0,0.0,0.0
58198_G_GTG1,1,21,0.0,0.0,0.0
58198_G_GTG1,1,22,0.0,0.0,0.0
58198_G_GTG1,1,23,0.0,0.0,0.0
58198_G_GTG1,1,24,0.0,0.0,0.0
58198_G_GTG1,1,25,0.0,0.0,0.0
58198_G_GTG2,1,1,0.0,0.0,0.0
58198_G_GTG2,1,2,0.0,0.0,0.0
58198_G_GTG2,1,3,0.0,0.0,0.0
58198_G_GTG2,1,4,0.0,0.0,0.0
58198_G_GTG2,1,5,0.0,0.0,0.0
58198_G_GTG2,1,6,0.0,0.0,0.0
58198_G_GTG2,1,7,0.0,0.0,0.0
58198_G_GTG2,1,8,0.0,0.0,0.0
58198_G_GTG2,1,9,0.0,0.0,0.0
58198_G_GTG2,1,10,0.0,0.0,0.0
58198_G_GTG2,1,11,0.0,0.0,0.0
58198_G_GTG2,1,12,0.0,0.0,0.0
58198_G_GTG2,1,13,0.0,0.0,0.0
58198_G_GTG2,1,14,0.0,0.0,0.0
58198_G_GTG2,1,15,0.0,0.0,0.0
58198_G_GTG2,1,16,0.0,0.0,0.0
58198_G_GTG2,1,17,0.0,0.0,0.0
58198_G_GTG2,1,18,0.0,0.0,0.0
58198_G_GTG2,1,19,0.0,0.0,0.0
58198_G_GTG2,1,20,0.0,0.0,0.0
58198_G_GTG2,1,21,0.0,0.0,0.0
58198_G_GTG2,1,22,0.0,0.0,0.0
58198_G_GTG2,1,23,0.0,0.0,0.0
58198_G_GTG2,1,24,0.0,0.0,0.0
58198_G_GTG2,1,25,0.0,0.0,0.0
58198_G_STG1,1,1,0.0,0.0,0.0
58198_G_STG1,1,2,0.0,0.0,0.0
58198_G_STG1,1,3,0.0,0.0,0.0
58198_G_STG1,1,4,0.0,0.0,0.0
58198_G_STG1,1,5,0.0,0.0,0.0
58198_G_STG1,1,6,0.0,0.0,0.0
58198_G_STG1,1,7,0.0,0.0,0.0
58198_G_STG1,1,8,0.0,0.0,0.0
58198_G_STG1,1,9,0.0,0.0,0.0
58198_G_STG1,1,10,0.0,0.0,0.0
58198_G_STG1,1,11,0.0,0.0,0.0
58198_G_STG1,1,12,0.0,0.0,0.0
58198_G_STG1,1,13,0.0,0.0,0.0
58198_G_STG1,1,14,0.0,0.0,0.0
58198_G_STG1,1,15,0.0,0.0,0.0
58198_G_STG1,1,16,0.0,0.0,0.0
58198_G_STG1,1,17,0.0,0.0,0.0
58198_G_STG1,1,18,0.0,0.0,0.0
58198_G_STG1,1,19,0.0,0.0,0.0
58198_G_STG1,1,20,0.0,0.0,0.0
58198_G_STG1,1,21,0.0,0.0,0.0
58198_G_STG1,1,22,0.0,0.0,0.0
58198_G_STG1,1,23,0.0,0.0,0.0
58198_G_STG1,1,24,0.0,0.0,0.0
58198_G_STG1,1,25,0.0,0.0,0.0
59074_G_EG6B,1,1,0.0,0.0,0.0
59074_G_EG6B,1,2,0.0,0.0,0.0
59074_G_EG6B,1,3,0.0,0.0,0.0
59074_G_EG6B,1,4,0.0,0.0,0.0
59074_G_EG6B,1,5,0.0,0.0,0.0
59074_G_EG6B,1,6,0.0,0.0,0.0
59074_G_EG6B,1,7,0.0,0.0,0.0
59074_G_EG6B,1,8,0.0,0.0,0.0
59074_G_EG6B,1,9,0.0,0.0,0.0
59074_G_EG6B,1,10,0.0,0.0,0.0
59074_G_EG6B,1,11,0.0,0.0,0.0
59074_G_EG6B,1,12,0.0,0.0,0.0
59074_G_EG6B,1,13,0.0,0.0,0.0
59074_G_EG6B,1,14,0.0,0.0,0.0
59074_G_EG6B,1,15,0.0,0.0,0.0
59074_G_EG6B,1,16,0.0,0.0,0.0
59074_G_EG6B,1,17,0.0,0.0,0.0
59074_G_EG6B,1,18,0.0,0.0,0.0
59074_G_EG6B,1,19,0.0,0.0,0.0
59074_G_EG6B,1,20,0.0,0.0,0.0
59074_G_EG6B,1,21,0.0,0.0,0.0
59074_G_EG6B,1,22,0.0,0.0,0.0
59074_G_EG6B,1,23,0.0,0.0,0.0
59074_G_EG6B,1,24,0.0,0.0,0.0
59074_G_EG6B,1,25,0.0,0.0,0.0
59557_G_AC2FC,1,1,0.0,0.0,0.0
59557_G_AC2FC,1,2,0.0,0.0,0.0
59557_G_AC2FC,1,3,0.0,0.0,0.0
59557_G_AC2FC,1,4,0.0,0.0,0.0
59557_G_AC2FC,1,5,0.0,0.0,0.0
59557_G_AC2FC,1,6,0.0,0.0,0.0
59557_G_AC2FC,1,7,0.0,0.0,0.0
59557_G_AC2FC,1,8,0.0,0.0,0.0
59557_G_AC2FC,1,9,0.0,0.0,0.0
59557_G_AC2FC,1,10,0.0,0.0,0.0
59557_G_AC2FC,1,11,0.0,0.0,0.0
59557_G_AC2FC,1,12,0.0,0.0,0.0
59557_G_AC2FC,1,13,0.0,0.0,0.0
59557_G_AC2FC,1,14,0.0,0.0,0.0
59557_G_AC2FC,1,15,0.0,0.0,0.0
59557_G_AC2FC,1,16,0.0,0.0,0.0
59557_G_AC2FC,1,17,0.0,0.0,0.0
59557_G_AC2FC,1,18,0.0,0.0,0.0
59557_G_AC2FC,1,19,0.0,0.0,0.0
59557_G_AC2FC,1,20,0.0,0.0,0.0
59557_G_AC2FC,1,21,0.0,0.0,0.0
59557_G_AC2FC,1,22,0.0,0.0,0.0
59557_G_AC2FC,1,23,0.0,0.0,0.0
59557_G_AC2FC,1,24,0.0,0.0,0.0
59557_G_AC2FC,1,25,0.0,0.0,0.0
6060_G_4,1,1,0.0,0.0,0.0
6060_G_4,1,2,0.0,0.0,0.0
6060_G_4,1,3,0.0,0.0,0.0
6060_G_4,1,4,0.0,0.0,0.0
6060_G_4,1,5,0.0,0.0,0.0
6060_G_4,1,6,0.0,0.0,0.0
6060_G_4,1,7,0.0,0.0,0.0
6060_G_4,1,8,0.0,0.0,0.0
6060_G_4,1,9,0.0,0.0,0.0
6060_G_4,1,10,0.0,0.0,0.0
6060_G_4,1,11,0.0,0.0,0.0
6060_G_4,1,12,0.0,0.0,0.0
6060_G_4,1,13,0.0,0.0,0.0
6060_G_4,1,14,0.0,0.0,0.0
6060_G_4,1,15,0.0,0.0,0.0
6060_G_4,1,16,0.0,0.0,0.0
6060_G_4,1,17,0.0,0.0,0.0
6060_G_4,1,18,0.0,0.0,0.0
6060_G_4,1,19,0.0,0.0,0.0
6060_G_4,1,20,0.0,0.0,0.0
6060_G_4,1,21,0.0,0.0,0.0
6060_G_4,1,22,0.0,0.0,0.0
6060_G_4,1,23,0.0,0.0,0.0
6060_G_4,1,24,0.0,0.0,0.0
6060_G_4,1,25,0.0,0.0,0.0
60918_G_00003,1,1,26.0,0.0,0.0
60918_G_00003,1,2,26.0,0.0,0.0
60918_G_00003,1,3,26.0,0.0,0.0
60918_G_00003,1,4,26.0,0.0,0.0
60918_G_00003,1,5,26.0,0.0,0.0
60918_G_00003,1,6,26.0,0.0,0.0
60918_G_00003,1,7,26.0,0.0,0.0
60918_G_00003,1,8,10.4,0.0,0.0
60918_G_00003,1,9,10.4,0.0,0.0
60918_G_00003,1,10,10.4,0.0,0.0
60918_G_00003,1,11,10.4,0.0,0.0
60918_G_00003,1,12,10.4,0.0,0.0
60918_G_00003,1,13,10.4,0.0,0.0
60918_G_00003,1,14,10.4,0.0,0.0
60918_G_00003,1,15,10.4,0.0,0.0
60918_G_00003,1,16,26.0,0.0,0.0
60918_G_00003,1,17,26.0,0.0,0.0
60918_G_00003,1,18,26.0,0.0,0.0
60918_G_00003,1,19,26.0,0.0,0.0
60918_G_00003,1,20,26.0,0.0,0.0
60918_G_00003,1,21,26.0,0.0,0.0
60918_G_00003,1,22,26.0,0.0,0.0
60918_G_00003,1,23,26.0,0.0,0.0
60918_G_00003,1,24,26.0,0.0,0.0
60918_G_00003,1,25,26.0,0.0,0.0
6099_G_1,1,1,1122.0,0.0,0.0
6099_G_1,1,2,1122.0,0.0,0.0
6099_G_1,1,3,1122.0,0.0,0.0
6099_G_1,1,4,1122.0,0.0,0.0
6099_G_1,1,5,1122.0,0.0,0.0
6099_G_1,1,6,1122.0,0.0,0.0
6099_G_1,1,7,1122.0,0.0,0.0
6099_G_1,1,8,1032.2399999999998,0.0,0.0
6099_G_1,1,9,1009.8,0.0,0.0
6099_G_1,1,10,1009.8,0.0,0.0
6099_G_1,1,11,1009.8,0.0,0.0
6099_G_1,1,12,1009.8,0.0,0.0
6099_G_1,1,13,1009.8,0.0,0.0
6099_G_1,1,14,1009.8,0.0,0.0
6099_G_1,1,15,1009.8,0.0,0.0
6099_G_1,1,16,1032.24,0.0,0.0
6099_G_1,1,17,1122.0,0.0,0.0
6099_G_1,1,18,1122.0,0.0,0.0
6099_G_1,1,19,1122.0,0.0,0.0
6099_G_1,1,20,1122.0,0.0,0.0
6099_G_1,1,21,1122.0,0.0,0.0
6099_G_1,1,22,1122.0,0.0,0.0
6099_G_1,1,23,1122.0,0.0,0.0
6099_G_1,1,24,1122.0,0.0,0.0
6099_G_1,1,25,1122.0,0.0,0.0
6099_G_2,1,1,1118.0,0.0,0.0
6099_G_2,1,2,1118.0,0.0,0.0
6099_G_2,1,3,1118.0,0.0,0.0
6099_G_2,1,4,1118.0,0.0,0.0
6099_G_2,1,5,1118.0,0.0,0.0
6099_G_2,1,6,1118.0,0.0,0.0
6099_G_2,1,7,1118.0,0.0,0.0
6099_G_2,1,8,1028.56,0.0,0.0
6099_G_2,1,9,1006.2,0.0,0.0
6099_G_2,1,10,1006.2,0.0,0.0
6099_G_2,1,11,1006.2,0.0,0.0
6099_G_2,1,12,1006.2,0.0,0.0
6099_G_2,1,13,1006.2,0.0,0.0
6099_G_2,1,14,1006.2,0.0,0.0
6099_G_2,1,15,1006.2,0.0,0.0
6099_G_2,1,16,1028.56,0.0,0.0
6099_G_2,1,17,1118.0,0.0,0.0
6099_G_2,1,18,1118.0,0.0,0.0
6099_G_2,1,19,1118.0,0.0,0.0
6099_G_2,1,20,1118.0,0.0,0.0
6099_G_2,1,21,1118.0,0.0,0.0
6099_G_2,1,22,1118.0,0.0,0.0
6099_G_2,1,23,1118.0,0.0,0.0
6099_G_2,1,24,1118.0,0.0,0.0
6099_G_2,1,25,1118.0,0.0,0.0
6211_G_GEN1,1,1,0.0,0.0,0.0
6211_G_GEN1,1,2,0.0,0.0,0.0
6211_G_GEN1,1,3,0.0,0.0,0.0
6211_G_GEN1,1,4,0.0,0.0,0.0
6211_G_GEN1,1,5,0.0,0.0,0.0
6211_G_GEN1,1,6,0.0,0.0,0.0
6211_G_GEN1,1,7,0.0,0.0,0.0
6211_G_GEN1,1,8,0.0,0.0,0.0
6211_G_GEN1,1,9,0.0,0.0,0.0
6211_G_GEN1,1,10,0.0,0.0,0.0
6211_G_GEN1,1,11,0.0,0.0,0.0
6211_G_GEN1,1,12,0.0,0.0,0.0
6211_G_GEN1,1,13,0.0,0.0,0.0
6211_G_GEN1,1,14,0.0,0.0,0.0
6211_G_GEN1,1,15,0.0,0.0,0.0
6211_G_GEN1,1,16,0.0,0.0,0.0
6211_G_GEN1,1,17,0.0,0.0,0.0
6211_G_GEN1,1,18,0.0,0.0,0.0
6211_G_GEN1,1,19,0.0,0.0,0.0
6211_G_GEN1,1,20,0.0,0.0,0.0
6211_G_GEN1,1,21,0.0,0.0,0.0
6211_G_GEN1,1,22,0.0,0.0,0.0
6211_G_GEN1,1,23,0.0,0.0,0.0
6211_G_GEN1,1,24,0.0,0.0,0.0
6211_G_GEN1,1,25,0.0,0.0,0.0
6704_G_10,1,1,0.0,0.0,0.0
6704_G_10,1,2,0.0,0.0,0.0
6704_G_10,1,3,0.0,0.0,0.0
6704_G_10,1,4,0.0,0.0,0.0
6704_G_10,1,5,0.0,0.0,0.0
6704_G_10,1,6,0.0,0.0,0.0
6704_G_10,1,7,0.0,0.0,0.0
6704_G_10,1,8,0.0,0.0,0.0
6704_G_10,1,9,0.0,0.0,0.0
6704_G_10,1,10,0.0,0.0,0.0
6704_G_10,1,11,0.0,0.0,0.0
6704_G_10,1,12,0.0,0.0,0.0
6704_G_10,1,13,0.0,0.0,0.0
6704_G_10,1,14,0.0,0.0,0.0
6704_G_10,1,15,0.0,0.0,0.0
6704_G_10,1,16,0.0,0.0,0.0
6704_G_10,1,17,0.0,0.0,0.0
6704_G_10,1,18,0.0,0.0,0.0
6704_G_10,1,19,0.0,0.0,0.0
6704_G_10,1,20,0.0,0.0,0.0
6704_G_10,1,21,0.0,0.0,0.0
6704_G_10,1,22,0.0,0.0,0.0
6704_G_10,1,23,0.0,0.0,0.0
6704_G_10,1,24,0.0,0.0,0.0
6704_G_10,1,25,0.0,0.0,0.0
6704_G_14,1,1,0.0,0.0,0.0
6704_G_14,1,2,0.0,0.0,0.0
6704_G_14,1,3,0.0,0.0,0.0
6704_G_14,1,4,0.0,0.0,0.0
6704_G_14,1,5,0.0,0.0,0.0
6704_G_14,1,6,0.0,0.0,0.0
6704_G_14,1,7,0.0,0.0,0.0
6704_G_14,1,8,0.0,0.0,0.0
6704_G_14,1,9,0.0,0.0,0.0
6704_G_14,1,10,0.0,0.0,0.0
6704_G_14,1,11,0.0,0.0,0.0
6704_G_14,1,12,0.0,0.0,0.0
6704_G_14,1,13,0.0,0.0,0.0
6704_G_14,1,14,0.0,0.0,0.0
6704_G_14,1,15,0.0,0.0,0.0
6704_G_14,1,16,0.0,0.0,0.0
6704_G_14,1,17,0.0,0.0,0.0
6704_G_14,1,18,0.0,0.0,0.0
6704_G_14,1,19,0.0,0.0,0.0
6704_G_14,1,20,0.0,0.0,0.0
6704_G_14,1,21,0.0,0.0,0.0
6704_G_14,1,22,0.0,0.0,0.0
6704_G_14,1,23,0.0,0.0,0.0
6704_G_14,1,24,0.0,0.0,0.0
6704_G_14,1,25,0.0,0.0,0.0
7266_G_2,1,1,0.0,0.0,0.0
7266_G_2,1,2,0.0,0.0,0.0
7266_G_2,1,3,0.0,0.0,0.0
7266_G_2,1,4,0.0,0.0,0.0
7266_G_2,1,5,0.0,0.0,0.0
7266_G_2,1,6,0.0,0.0,0.0
7266_G_2,1,7,0.0,0.0,0.0
7266_G_2,1,8,0.0,0.0,0.0
7266_G_2,1,9,0.0,0.0,0.0
7266_G_2,1,10,0.0,0.0,0.0
7266_G_2,1,11,0.0,0.0,0.0
7266_G_2,1,12,0.0,0.0,0.0
7266_G_2,1,13,0.0,0.0,0.0
7266_G_2,1,14,0.0,0.0,0.0
7266_G_2,1,15,0.0,0.0,0.0
7266_G_2,1,16,0.0,0.0,0.0
7266_G_2,1,17,0.0,0.0,0.0
7266_G_2,1,18,0.0,0.0,0.0
7266_G_2,1,19,0.0,0.0,0.0
7266_G_2,1,20,0.0,0.0,0.0
7266_G_2,1,21,0.0,0.0,0.0
7266_G_2,1,22,0.0,0.0,0.0
7266_G_2,1,23,0.0,0.0,0.0
7266_G_2,1,24,0.0,0.0,0.0
7266_G_2,1,25,0.0,0.0,0.0
7266_G_3,1,1,0.0,0.0,0.0
7266_G_3,1,2,0.0,0.0,0.0
7266_G_3,1,3,0.0,0.0,0.0
7266_G_3,1,4,0.0,0.0,0.0
7266_G_3,1,5,0.0,0.0,0.0
7266_G_3,1,6,0.0,0.0,0.0
7266_G_3,1,7,0.0,0.0,0.0
7266_G_3,1,8,0.0,0.0,0.0
7266_G_3,1,9,0.0,0.0,0.0
7266_G_3,1,10,0.0,0.0,0.0
7266_G_3,1,11,0.0,0.0,0.0
7266_G_3,1,12,0.0,0.0,0.0
7266_G_3,1,13,0.0,0.0,0.0
7266_G_3,1,14,0.0,0.0,0.0
7266_G_3,1,15,0.0,0.0,0.0
7266_G_3,1,16,0.0,0.0,0.0
7266_G_3,1,17,0.0,0.0,0.0
7266_G_3,1,18,0.0,0.0,0.0
7266_G_3,1,19,0.0,0.0,0.0
7266_G_3,1,20,0.0,0.0,0.0
7266_G_3,1,21,0.0,0.0,0.0
7266_G_3,1,22,0.0,0.0,0.0
7266_G_3,1,23,0.0,0.0,0.0
7266_G_3,1,24,0.0,0.0,0.0
7266_G_3,1,25,0.0,0.0,0.0
7307_G_4,1,1,0.0,0.0,0.0
7307_G_4,1,2,0.0,0.0,0.0
7307_G_4,1,3,0.0,0.0,0.0
7307_G_4,1,4,0.0,0.0,0.0
7307_G_4,1,5,0.0,0.0,0.0
7307_G_4,1,6,0.0,0.0,0.0
7307_G_4,1,7,0.0,0.0,0.0
7307_G_4,1,8,0.0,0.0,0.0
7307_G_4,1,9,0.0,0.0,0.0
7307_G_4,1,10,0.0,0.0,0.0
7307_G_4,1,11,0.0,0.0,0.0
7307_G_4,1,12,0.0,0.0,0.0
7307_G_4,1,13,0.0,0.0,0.0
7307_G_4,1,14,0.0,0.0,0.0
7307_G_4,1,15,0.0,0.0,0.0
7307_G_4,1,16,0.0,0.0,0.0
7307_G_4,1,17,0.0,0.0,0.0
7307_G_4,1,18,0.0,0.0,0.0
7307_G_4,1,19,0.0,0.0,0.0
7307_G_4,1,20,0.0,0.0,0.0
7307_G_4,1,21,0.0,0.0,0.0
7307_G_4,1,22,0.0,0.0,0.0
7307_G_4,1,23,0.0,0.0,0.0
7307_G_4,1,24,0.0,0.0,0.0
7307_G_4,1,25,0.0,0.0,0.0
7307_G_5,1,1,0.0,0.0,0.0
7307_G_5,1,2,0.0,0.0,0.0
7307_G_5,1,3,0.0,0.0,0.0
7307_G_5,1,4,0.0,0.0,0.0
7307_G_5,1,5,0.0,0.0,0.0
7307_G_5,1,6,0.0,0.0,0.0
7307_G_5,1,7,0.0,0.0,0.0
7307_G_5,1,8,0.0,0.0,0.0
7307_G_5,1,9,0.0,0.0,0.0
7307_G_5,1,10,0.0,0.0,0.0
7307_G_5,1,11,0.0,0.0,0.0
7307_G_5,1,12,0.0,0.0,0.0
7307_G_5,1,13,0.0,0.0,0.0
7307_G_5,1,14,0.0,0.0,0.0
7307_G_5,1,15,0.0,0.0,0.0
7307_G_5,1,16,0.0,0.0,0.0
7307_G_5,1,17,0.0,0.0,0.0
7307_G_5,1,18,0.0,0.0,0.0
7307_G_5,1,19,0.0,0.0,0.0
7307_G_5,1,20,0.0,0.0,0.0
7307_G_5,1,21,0.0,0.0,0.0
7307_G_5,1,22,0.0,0.0,0.0
7307_G_5,1,23,0.0,0.0,0.0
7307_G_5,1,24,0.0,0.0,0.0
7307_G_5,1,25,0.0,0.0,0.0
7307_G_6,1,1,0.0,0.0,0.0
7307_G_6,1,2,0.0,0.0,0.0
7307_G_6,1,3,0.0,0.0,0.0
7307_G_6,1,4,0.0,0.0,0.0
7307_G_6,1,5,0.0,0.0,0.0
7307_G_6,1,6,0.0,0.0,0.0
7307_G_6,1,7,0.0,0.0,0.0
7307_G_6,1,8,0.0,0.0,0.0
7307_G_6,1,9,0.0,0.0,0.0
7307_G_6,1,10,0.0,0.0,0.0
7307_G_6,1,11,0.0,0.0,0.0
7307_G_6,1,12,0.0,0.0,0.0
7307_G_6,1,13,0.0,0.0,0.0
7307_G_6,1,14,0.0,0.0,0.0
7307_G_6,1,15,0.0,0.0,0.0
7307_G_6,1,16,0.0,0.0,0.0
7307_G_6,1,17,0.0,0.0,0.0
7307_G_6,1,18,0.0,0.0,0.0
7307_G_6,1,19,0.0,0.0,0.0
7307_G_6,1,20,0.0,0.0,0.0
7307_G_6,1,21,0.0,0.0,0.0
7307_G_6,1,22,0.0,0.0,0.0
7307_G_6,1,23,0.0,0.0,0.0
7307_G_6,1,24,0.0,0.0,0.0
7307_G_6,1,25,0.0,0.0,0.0
7368_G_1,1,1,27.0,0.0,0.0
7368_G_1,1,2,27.0,0.0,0.0
7368_G_1,1,3,27.0,0.0,0.0
7368_G_1,1,4,27.0,0.0,0.0
7368_G_1,1,5,27.0,0.0,0.0
7368_G_1,1,6,27.0,0.0,0.0
7368_G_1,1,7,27.0,0.0,0.0
7368_G_1,1,8,27.0,0.0,0.0
7368_G_1,1,9,17.766000000000002,0.0,0.0
7368_G_1,1,10,10.8,0.0,0.0
7368_G_1,1,11,10.8,0.0,0.0
7368_G_1,1,12,10.8,0.0,0.0
7368_G_1,1,13,10.8,0.0,0.0
7368_G_1,1,14,10.8,0.0,0.0
7368_G_1,1,15,17.766,0.0,0.0
7368_G_1,1,16,27.0,0.0,0.0
7368_G_1,1,17,27.0,0.0,0.0
7368_G_1,1,18,27.0,0.0,0.0
7368_G_1,1,19,27.0,0.0,0.0
7368_G_1,1,20,27.0,0.0,0.0
7368_G_1,1,21,27.0,0.0,0.0
7368_G_1,1,22,27.0,0.0,0.0
7368_G_1,1,23,27.0,0.0,0.0
7368_G_1,1,24,27.0,0.0,0.0
7368_G_1,1,25,27.0,0.0,0.0
7368_G_2,1,1,27.0,0.0,0.0
7368_G_2,1,2,27.0,0.0,0.0
7368_G_2,1,3,27.0,0.0,0.0
7368_G_2,1,4,27.0,0.0,0.0
7368_G_2,1,5,27.0,0.0,0.0
7368_G_2,1,6,27.0,0.0,0.0
7368_G_2,1,7,27.0,0.0,0.0
7368_G_2,1,8,27.0,0.0,0.0
7368_G_2,1,9,17.766000000000002,0.0,0.0
7368_G_2,1,10,10.8,0.0,0.0
7368_G_2,1,11,10.8,0.0,0.0
7368_G_2,1,12,10.8,0.0,0.0
7368_G_2,1,13,10.8,0.0,0.0
7368_G_2,1,14,10.8,0.0,0.0
7368_G_2,1,15,17.766,0.0,0.0
7368_G_2,1,16,27.0,0.0,0.0
7368_G_2,1,17,27.0,0.0,0.0
7368_G_2,1,18,27.0,0.0,0.0
7368_G_2,1,19,27.0,0.0,0.0
7368_G_2,1,20,27.0,0.0,0.0
7368_G_2,1,21,27.0,0.0,0.0
7368_G_2,1,22,27.0,0.0,0.0
7368_G_2,1,23,27.0,0.0,0.0
7368_G_2,1,24,27.0,0.0,0.0
7368_G_2,1,25,27.0,0.0,0.0
7369_G_3,1,1,30.1,0.0,0.0
7369_G_3,1,2,30.1,0.0,0.0
7369_G_3,1,3,30.1,0.0,0.0
7369_G_3,1,4,30.1,0.0,0.0
7369_G_3,1,5,30.1,0.0,0.0
7369_G_3,1,6,30.1,0.0,0.0
7369_G_3,1,7,30.1,0.0,0.0
7369_G_3,1,8,30.1,0.0,0.0
7369_G_3,1,9,19.805799999999998,10.294200000000004,7.765799999999999
7369_G_3,1,10,12.04,18.060000000000002,0.0
7369_G_3,1,11,12.04,18.060000000000002,0.0
7369_G_3,1,12,12.04,18.060000000000002,0.0
7369_G_3,1,13,12.04,18.060000000000002,0.0
7369_G_3,1,14,12.04,18.060000000000002,0.0
7369_G_3,1,15,19.805799999999998,10.294200000000004,7.765799999999999
7369_G_3,1,16,30.1,0.0,0.0
7369_G_3,1,17,30.1,0.0,0.0
7369_G_3,1,18,30.1,0.0,0.0
7369_G_3,1,19,30.1,0.0,0.0
7369_G_3,1,20,30.1,0.0,0.0
7369_G_3,1,21,30.1,0.0,0.0
7369_G_3,1,22,30.1,0.0,0.0
7369_G_3,1,23,30.1,0.0,0.0
7369_G_3,1,24,30.1,0.0,0.0
7369_G_3,1,25,30.1,0.0,0.0
7369_G_4,1,1,48.0,0.0,0.0
7369_G_4,1,2,48.0,0.0,0.0
7369_G_4,1,3,48.0,0.0,0.0
7369_G_4,1,4,48.0,0.0,0.0
7369_G_4,1,5,48.0,0.0,0.0
7369_G_4,1,6,48.0,0.0,0.0
7369_G_4,1,7,48.0,0.0,0.0
7369_G_4,1,8,48.0,0.0,0.0
7369_G_4,1,9,31.584,0.0,0.0
7369_G_4,1,10,19.200000000000006,0.0,0.0
7369_G_4,1,11,19.200000000000006,0.0,0.0
7369_G_4,1,12,19.200000000000006,0.0,0.0
7369_G_4,1,13,19.200000000000006,0.0,0.0
7369_G_4,1,14,19.200000000000006,0.0,0.0
7369_G_4,1,15,31.584,0.0,0.0
7369_G_4,1,16,48.0,0.0,0.0
7369_G_4,1,17,48.0,0.0,0.0
7369_G_4,1,18,48.0,0.0,0.0
7369_G_4,1,19,48.0,0.0,0.0
7369_G_4,1,20,48.0,0.0,0.0
7369_G_4,1,21,48.0,0.0,0.0
7369_G_4,1,22,48.0,0.0,0.0
7369_G_4,1,23,48.0,0.0,0.0
7369_G_4,1,24,48.0,0.0,0.0
7369_G_4,1,25,48.0,0.0,0.0
7449_G_NA1,1,1,0.0,0.0,0.0
7449_G_NA1,1,2,0.0,0.0,0.0
7449_G_NA1,1,3,0.0,0.0,0.0
7449_G_NA1,1,4,0.0,0.0,0.0
7449_G_NA1,1,5,0.0,0.0,0.0
7449_G_NA1,1,6,0.0,0.0,0.0
7449_G_NA1,1,7,0.0,0.0,0.0
7449_G_NA1,1,8,0.0,0.0,0.0
7449_G_NA1,1,9,0.0,0.0,0.0
7449_G_NA1,1,10,0.0,0.0,0.0
7449_G_NA1,1,11,0.0,0.0,0.0
7449_G_NA1,1,12,0.0,0.0,0.0
7449_G_NA1,1,13,0.0,0.0,0.0
7449_G_NA1,1,14,0.0,0.0,0.0
7449_G_NA1,1,15,0.0,0.0,0.0
7449_G_NA1,1,16,0.0,0.0,0.0
7449_G_NA1,1,17,0.0,0.0,0.0
7449_G_NA1,1,18,0.0,0.0,0.0
7449_G_NA1,1,19,0.0,0.0,0.0
7449_G_NA1,1,20,0.0,0.0,0.0
7449_G_NA1,1,21,0.0,0.0,0.0
7449_G_NA1,1,22,0.0,0.0,0.0
7449_G_NA1,1,23,0.0,0.0,0.0
7449_G_NA1,1,24,0.0,0.0,0.0
7449_G_NA1,1,25,0.0,0.0,0.0
7527_G_2,1,1,0.0,0.0,0.0
7527_G_2,1,2,0.0,0.0,0.0
7527_G_2,1,3,0.0,0.0,0.0
7527_G_2,1,4,0.0,0.0,0.0
7527_G_2,1,5,0.0,0.0,0.0
7527_G_2,1,6,0.0,0.0,0.0
7527_G_2,1,7,0.0,0.0,0.0
7527_G_2,1,8,0.0,0.0,0.0
7527_G_2,1,9,0.0,0.0,0.0
7527_G_2,1,10,0.0,0.0,0.0
7527_G_2,1,11,0.0,0.0,0.0
7527_G_2,1,12,0.0,0.0,0.0
7527_G_2,1,13,0.0,0.0,0.0
7527_G_2,1,14,0.0,0.0,0.0
7527_G_2,1,15,0.0,0.0,0.0
7527_G_2,1,16,0.0,0.0,0.0
7527_G_2,1,17,0.0,0.0,0.0
7527_G_2,1,18,0.0,0.0,0.0
7527_G_2,1,19,0.0,0.0,0.0
7527_G_2,1,20,0.0,0.0,0.0
7527_G_2,1,21,0.0,0.0,0.0
7527_G_2,1,22,0.0,0.0,0.0
7527_G_2,1,23,0.0,0.0,0.0
7527_G_2,1,24,0.0,0.0,0.0
7527_G_2,1,25,0.0,0.0,0.0
7527_G_CCCT,1,1,0.0,0.0,0.0
7527_G_CCCT,1,2,0.0,0.0,0.0
7527_G_CCCT,1,3,0.0,0.0,0.0
7527_G_CCCT,1,4,0.0,0.0,0.0
7527_G_CCCT,1,5,0.0,0.0,0.0
7527_G_CCCT,1,6,0.0,0.0,0.0
7527_G_CCCT,1,7,0.0,0.0,0.0
7527_G_CCCT,1,8,0.0,0.0,0.0
7527_G_CCCT,1,9,0.0,0.0,0.0
7527_G_CCCT,1,10,0.0,0.0,0.0
7527_G_CCCT,1,11,0.0,0.0,0.0
7527_G_CCCT,1,12,0.0,0.0,0.0
7527_G_CCCT,1,13,0.0,0.0,0.0
7527_G_CCCT,1,14,0.0,0.0,0.0
7527_G_CCCT,1,15,0.0,0.0,0.0
7527_G_CCCT,1,16,0.0,0.0,0.0
7527_G_CCCT,1,17,0.0,0.0,0.0
7527_G_CCCT,1,18,0.0,0.0,0.0
7527_G_CCCT,1,19,0.0,0.0,0.0
7527_G_CCCT,1,20,0.0,0.0,0.0
7527_G_CCCT,1,21,0.0,0.0,0.0
7527_G_CCCT,1,22,0.0,0.0,0.0
7527_G_CCCT,1,23,0.0,0.0,0.0
7527_G_CCCT,1,24,0.0,0.0,0.0
7527_G_CCCT,1,25,0.0,0.0,0.0
7551_G_CCST,1,1,0.0,0.0,0.0
7551_G_CCST,1,2,0.0,0.0,0.0
7551_G_CCST,1,3,0.0,0.0,0.0
7551_G_CCST,1,4,0.0,0.0,0.0
7551_G_CCST,1,5,0.0,0.0,0.0
7551_G_CCST,1,6,0.0,0.0,0.0
7551_G_CCST,1,7,0.0,0.0,0.0
7551_G_CCST,1,8,0.0,0.0,0.0
7551_G_CCST,1,9,0.0,0.0,0.0
7551_G_CCST,1,10,0.0,0.0,0.0
7551_G_CCST,1,11,0.0,0.0,0.0
7551_G_CCST,1,12,0.0,0.0,0.0
7551_G_CCST,1,13,0.0,0.0,0.0
7551_G_CCST,1,14,0.0,0.0,0.0
7551_G_CCST,1,15,0.0,0.0,0.0
7551_G_CCST,1,16,0.0,0.0,0.0
7551_G_CCST,1,17,0.0,0.0,0.0
7551_G_CCST,1,18,0.0,0.0,0.0
7551_G_CCST,1,19,0.0,0.0,0.0
7551_G_CCST,1,20,0.0,0.0,0.0
7551_G_CCST,1,21,0.0,0.0,0.0
7551_G_CCST,1,22,0.0,0.0,0.0
7551_G_CCST,1,23,0.0,0.0,0.0
7551_G_CCST,1,24,0.0,0.0,0.0
7551_G_CCST,1,25,0.0,0.0,0.0
7551_G_CT1A,1,1,0.0,0.0,0.0
7551_G_CT1A,1,2,0.0,0.0,0.0
7551_G_CT1A,1,3,0.0,0.0,0.0
7551_G_CT1A,1,4,0.0,0.0,0.0
7551_G_CT1A,1,5,0.0,0.0,0.0
7551_G_CT1A,1,6,0.0,0.0,0.0
7551_G_CT1A,1,7,0.0,0.0,0.0
7551_G_CT1A,1,8,0.0,0.0,0.0
7551_G_CT1A,1,9,0.0,0.0,0.0
7551_G_CT1A,1,10,0.0,0.0,0.0
7551_G_CT1A,1,11,0.0,0.0,0.0
7551_G_CT1A,1,12,0.0,0.0,0.0
7551_G_CT1A,1,13,0.0,0.0,0.0
7551_G_CT1A,1,14,0.0,0.0,0.0
7551_G_CT1A,1,15,0.0,0.0,0.0
7551_G_CT1A,1,16,0.0,0.0,0.0
7551_G_CT1A,1,17,0.0,0.0,0.0
7551_G_CT1A,1,18,0.0,0.0,0.0
7551_G_CT1A,1,19,0.0,0.0,0.0
7551_G_CT1A,1,20,0.0,0.0,0.0
7551_G_CT1A,1,21,0.0,0.0,0.0
7551_G_CT1A,1,22,0.0,0.0,0.0
7551_G_CT1A,1,23,0.0,0.0,0.0
7551_G_CT1A,1,24,0.0,0.0,0.0
7551_G_CT1A,1,25,0.0,0.0,0.0
7551_G_CT1B,1,1,0.0,0.0,0.0
7551_G_CT1B,1,2,0.0,0.0,0.0
7551_G_CT1B,1,3,0.0,0.0,0.0
7551_G_CT1B,1,4,0.0,0.0,0.0
7551_G_CT1B,1,5,0.0,0.0,0.0
7551_G_CT1B,1,6,0.0,0.0,0.0
7551_G_CT1B,1,7,0.0,0.0,0.0
7551_G_CT1B,1,8,0.0,0.0,0.0
7551_G_CT1B,1,9,0.0,0.0,0.0
7551_G_CT1B,1,10,0.0,0.0,0.0
7551_G_CT1B,1,11,0.0,0.0,0.0
7551_G_CT1B,1,12,0.0,0.0,0.0
7551_G_CT1B,1,13,0.0,0.0,0.0
7551_G_CT1B,1,14,0.0,0.0,0.0
7551_G_CT1B,1,15,0.0,0.0,0.0
7551_G_CT1B,1,16,0.0,0.0,0.0
7551_G_CT1B,1,17,0.0,0.0,0.0
7551_G_CT1B,1,18,0.0,0.0,0.0
7551_G_CT1B,1,19,0.0,0.0,0.0
7551_G_CT1B,1,20,0.0,0.0,0.0
7551_G_CT1B,1,21,0.0,0.0,0.0
7551_G_CT1B,1,22,0.0,0.0,0.0
7551_G_CT1B,1,23,0.0,0.0,0.0
7551_G_CT1B,1,24,0.0,0.0,0.0
7551_G_CT1B,1,25,0.0,0.0,0.0
7552_G_CCCT,1,1,0.0,0.0,0.0
7552_G_CCCT,1,2,0.0,0.0,0.0
7552_G_CCCT,1,3,0.0,0.0,0.0
7552_G_CCCT,1,4,0.0,0.0,0.0
7552_G_CCCT,1,5,0.0,0.0,0.0
7552_G_CCCT,1,6,0.0,0.0,0.0
7552_G_CCCT,1,7,0.0,0.0,0.0
7552_G_CCCT,1,8,0.0,0.0,0.0
7552_G_CCCT,1,9,0.0,0.0,0.0
7552_G_CCCT,1,10,0.0,0.0,0.0
7552_G_CCCT,1,11,0.0,0.0,0.0
7552_G_CCCT,1,12,0.0,0.0,0.0
7552_G_CCCT,1,13,0.0,0.0,0.0
7552_G_CCCT,1,14,0.0,0.0,0.0
7552_G_CCCT,1,15,0.0,0.0,0.0
7552_G_CCCT,1,16,0.0,0.0,0.0
7552_G_CCCT,1,17,0.0,0.0,0.0
7552_G_CCCT,1,18,0.0,0.0,0.0
7552_G_CCCT,1,19,0.0,0.0,0.0
7552_G_CCCT,1,20,0.0,0.0,0.0
7552_G_CCCT,1,21,0.0,0.0,0.0
7552_G_CCCT,1,22,0.0,0.0,0.0
7552_G_CCCT,1,23,0.0,0.0,0.0
7552_G_CCCT,1,24,0.0,0.0,0.0
7552_G_CCCT,1,25,0.0,0.0,0.0
7552_G_CCST,1,1,0.0,0.0,0.0
7552_G_CCST,1,2,0.0,0.0,0.0
7552_G_CCST,1,3,0.0,0.0,0.0
7552_G_CCST,1,4,0.0,0.0,0.0
7552_G_CCST,1,5,0.0,0.0,0.0
7552_G_CCST,1,6,0.0,0.0,0.0
7552_G_CCST,1,7,0.0,0.0,0.0
7552_G_CCST,1,8,0.0,0.0,0.0
7552_G_CCST,1,9,0.0,0.0,0.0
7552_G_CCST,1,10,0.0,0.0,0.0
7552_G_CCST,1,11,0.0,0.0,0.0
7552_G_CCST,1,12,0.0,0.0,0.0
7552_G_CCST,1,13,0.0,0.0,0.0
7552_G_CCST,1,14,0.0,0.0,0.0
7552_G_CCST,1,15,0.0,0.0,0.0
7552_G_CCST,1,16,0.0,0.0,0.0
7552_G_CCST,1,17,0.0,0.0,0.0
7552_G_CCST,1,18,0.0,0.0,0.0
7552_G_CCST,1,19,0.0,0.0,0.0
7552_G_CCST,1,20,0.0,0.0,0.0
7552_G_CCST,1,21,0.0,0.0,0.0
7552_G_CCST,1,22,0.0,0.0,0.0
7552_G_CCST,1,23,0.0,0.0,0.0
7552_G_CCST,1,24,0.0,0.0,0.0
7552_G_CCST,1,25,0.0,0.0,0.0
902_G_1,1,1,10.0,0.0,6.0
902_G_1,1,2,10.0,0.0,6.0
902_G_1,1,3,10.0,0.0,6.0
902_G_1,1,4,10.0,0.0,6.0
902_G_1,1,5,10.0,0.0,6.0
902_G_1,1,6,10.0,0.0,6.0
902_G_1,1,7,10.0,0.0,6.0
902_G_1,1,8,10.0,0.0,6.0
902_G_1,1,9,6.58,3.42,2.58
902_G_1,1,10,10.0,0.0,6.0
902_G_1,1,11,10.0,0.0,6.0
902_G_1,1,12,10.0,0.0,6.0
902_G_1,1,13,10.0,0.0,6.0
902_G_1,1,14,9.999999999629054,0.0,5.999999999629054
902_G_1,1,15,6.58,3.42,2.58
902_G_1,1,16,10.0,0.0,6.0
902_G_1,1,17,10.0,0.0,6.0
902_G_1,1,18,10.0,0.0,6.0
902_G_1,1,19,10.0,0.0,6.0
902_G_1,1,20,10.0,0.0,6.0
902_G_1,1,21,10.0,0.0,6.0
902_G_1,1,22,10.0,0.0,6.0
902_G_1,1,23,10.0,0.0,6.0
902_G_1,1,24,10.0,0.0,6.0
902_G_1,1,25,10.0,0.0,6.0
hydro,1,1,6439.0,0.0,0.0
hydro,1,2,6439.0,0.0,0.0
hydro,1,3,6439.0,0.0,0.0
hydro,1,4,6439.0,0.0,0.0
hydro,1,5,6439.0,0.0,0.0
hydro,1,6,6439.0,0.0,0.0
hydro,1,7,6439.0,0.0,0.0
hydro,1,8,6439.0,0.0,0.0
hydro,1,9,6439.0,0.0,0.0
hydro,1,10,6439.0,0.0,0.0
hydro,1,11,6439.0,0.0,0.0
hydro,1,12,6439.0,0.0,0.0
hydro,1,13,6439.0,0.0,0.0
hydro,1,14,6439.0,0.0,0.0
hydro,1,15,6439.0,0.0,0.0
hydro,1,16,6439.0,0.0,0.0
hydro,1,17,6439.0,0.0,0.0
hydro,1,18,6439.0,0.0,0.0
hydro,1,19,6439.0,0.0,0.0
hydro,1,20,6439.0,0.0,0.0
hydro,1,21,6439.0,0.0,0.0
hydro,1,22,6439.0,0.0,0.0
hydro,1,23,6439.0,0.0,0.0
hydro,1,24,6439.0,0.0,0.0
hydro,1,25,6439.0,0.0,0.0
solar,1,1,0.0,0.0,0.0
solar,1,2,0.0,0.0,0.0
solar,1,3,0.0,0.0,0.0
solar,1,4,0.0,0.0,0.0
solar,1,5,0.0,0.0,0.0
solar,1,6,621.0161330973451,0.0,0.0
solar,1,7,5815.250160530973,0.0,0.0
solar,1,8,11185.257327610616,0.0,0.0
solar,1,9,12671.493755575219,0.0,0.0
solar,1,10,13212.195578761059,0.0,0.0
solar,1,11,12757.336150619465,0.0,0.0
solar,1,12,13408.622456814157,0.0,0.0
solar,1,13,13093.823884778758,0.0,0.0
solar,1,14,12208.931471150443,0.0,0.0
solar,1,15,11472.163198407077,0.0,0.0
solar,1,16,10887.582944070795,0.0,0.0
solar,1,17,8346.655293451326,0.0,0.0
solar,1,18,3722.6499546902646,0.0,0.0
solar,1,19,174.85051380530973,0.0,0.0
solar,1,20,0.0,0.0,0.0
solar,1,21,0.0,0.0,0.0
solar,1,22,0.0,0.0,0.0
solar,1,23,0.0,0.0,0.0
solar,1,24,0.0,0.0,0.0
solar,1,25,0.0,0.0,0.0
vehicle,1,1,66.22000000000004,0.0,33.775
vehicle,1,2,87.6770000000033,0.0,32.88425000000001
vehicle,1,3,87.29000000000005,0.0,32.51500000000001
vehicle,1,4,51.213000000004605,0.0,33.6175
vehicle,1,5,69.87500000000814,0.0,36.139250000000004
vehicle,1,6,106.46800000000582,0.0,39.01800000000001
vehicle,1,7,0.0,0.0,0.0
vehicle,1,8,0.0,0.0,40.07150000000001
vehicle,1,9,0.0,0.0,0.0
vehicle,1,10,0.0,0.0,38.40025
vehicle,1,11,0.0,0.0,38.2725
vehicle,1,12,0.0,0.0,38.32150000000001
vehicle,1,13,0.0,0.0,38.83075
vehicle,1,14,0.0,0.0,39.84225
vehicle,1,15,0.0,0.0,41.01650000000001
vehicle,1,16,0.0,0.0,42.61600000000001
vehicle,1,17,0.0,0.0,44.88437658588441
vehicle,1,18,0.0,0.0,46.3855
vehicle,1,19,998.3892276515553,0.0,48.272
vehicle,1,20,1023.0957909466841,0.0,48.945750000000004
vehicle,1,21,0.0,0.0,46.5395
vehicle,1,22,0.0,0.0,42.83125000000002
vehicle,1,23,0.0,0.0,39.557105
vehicle,1,24,0.0,0.0,37.243605
vehicle,1,25,66.22000000000004,0.0,33.775
wind,1,1,3590.2475410619463,0.0,0.0
wind,1,2,3074.641137876106,0.0,0.0
wind,1,3,2921.900369734513,0.0,0.0
wind,1,4,2383.933507964601,0.0,0.0
wind,1,5,1944.6443729203538,0.0,0.0
wind,1,6,1668.4601782300883,0.0,0.0
wind,1,7,1438.2674681415926,0.0,0.0
wind,1,8,1004.4265794690261,0.0,0.0
wind,1,9,846.0513509734513,0.0,0.0
wind,1,10,1195.141036460177,0.0,0.0
wind,1,11,1780.3823511504422,0.0,0.0
wind,1,12,1875.0660037168138,0.0,0.0
wind,1,13,1820.5592973451326,0.0,0.0
wind,1,14,2163.1050143362827,0.0,0.0
wind,1,15,3044.6427233628315,0.0,0.0
wind,1,16,3517.514257699115,0.0,0.0
wind,1,17,3291.6275936283178,0.0,0.0
wind,1,18,3198.065468495575,0.0,0.0
wind,1,19,2614.4714787610615,0.0,0.0
wind,1,20,2801.3441272566365,0.0,0.0
wind,1,21,2646.722940530973,0.0,0.0
wind,1,22,2372.0548507964595,0.0,0.0
wind,1,23,1979.7684100884953,0.0,0.0
wind,1,24,2043.9606376991148,0.0,0.0
wind,1,25,1974.5229647787608,0.0,0.0
