Generator,Day,Hour,Generation,Reg Up,Reg Down
10034_G_GEN1,1,1,0.0,0.0,0.0
10034_G_GEN1,1,2,0.0,0.0,0.0
10034_G_GEN1,1,3,0.0,0.0,0.0
10034_G_GEN1,1,4,0.0,0.0,0.0
10034_G_GEN1,1,5,0.0,0.0,0.0
10034_G_GEN1,1,6,0.0,0.0,0.0
10034_G_GEN1,1,7,0.0,0.0,0.0
10034_G_GEN1,1,8,0.0,0.0,0.0
10034_G_GEN1,1,9,0.0,0.0,0.0
10034_G_GEN1,1,10,0.0,0.0,0.0
10034_G_GEN1,1,11,0.0,0.0,0.0
10034_G_GEN1,1,12,0.0,0.0,0.0
10034_G_GEN1,1,13,0.0,0.0,0.0
10034_G_GEN1,1,14,0.0,0.0,0.0
10034_G_GEN1,1,15,0.0,0.0,0.0
10034_G_GEN1,1,16,0.0,0.0,0.0
10034_G_GEN1,1,17,0.0,0.0,0.0
10034_G_GEN1,1,18,0.0,0.0,0.0
10034_G_GEN1,1,19,0.0,0.0,0.0
10034_G_GEN1,1,20,0.0,0.0,0.0
10034_G_GEN1,1,21,0.0,0.0,0.0
10034_G_GEN1,1,22,0.0,0.0,0.0
10034_G_GEN1,1,23,0.0,0.0,0.0
10034_G_GEN1,1,24,0.0,0.0,0.0
10034_G_GEN1,1,25,0.0,0.0,0.0
10034_G_GEN2,1,1,0.0,0.0,0.0
10034_G_GEN2,1,2,0.0,0.0,0.0
10034_G_GEN2,1,3,0.0,0.0,0.0
10034_G_GEN2,1,4,0.0,0.0,0.0
10034_G_GEN2,1,5,0.0,0.0,0.0
10034_G_GEN2,1,6,0.0,0.0,0.0
10034_G_GEN2,1,7,0.0,0.0,0.0
10034_G_GEN2,1,8,0.0,0.0,0.0
10034_G_GEN2,1,9,0.0,0.0,0.0
10034_G_GEN2,1,10,0.0,0.0,0.0
10034_G_GEN2,1,11,0.0,0.0,0.0
10034_G_GEN2,1,12,0.0,0.0,0.0
10034_G_GEN2,1,13,0.0,0.0,0.0
10034_G_GEN2,1,14,0.0,0.0,0.0
10034_G_GEN2,1,15,0.0,0.0,0.0
10034_G_GEN2,1,16,0.0,0.0,0.0
10034_G_GEN2,1,17,0.0,0.0,0.0
10034_G_GEN2,1,18,0.0,0.0,0.0
10034_G_GEN2,1,19,0.0,0.0,0.0
10034_G_GEN2,1,20,0.0,0.0,0.0
10034_G_GEN2,1,21,0.0,0.0,0.0
10034_G_GEN2,1,22,0.0,0.0,0.0
10034_G_GEN2,1,23,0.0,0.0,0.0
10034_G_GEN2,1,24,0.0,0.0,0.0
10034_G_GEN2,1,25,0.0,0.0,0.0
10052_B_BLR1,1,1,296.5999999999964,0.0,0.0
10052_B_BLR1,1,2,296.6,0.0,0.0
10052_B_BLR1,1,3,296.6,0.0,0.0
10052_B_BLR1,1,4,296.6,0.0,0.0
10052_B_BLR1,1,5,296.6,0.0,0.0
10052_B_BLR1,1,6,296.6,0.0,0.0
10052_B_BLR1,1,7,296.6,0.0,0.0
10052_B_BLR1,1,8,296.6,0.0,0.0
10052_B_BLR1,1,9,118.63999999999999,0.0,0.0
10052_B_BLR1,1,10,118.63999999999999,0.0,0.0
10052_B_BLR1,1,11,118.63999999999999,0.0,0.0
10052_B_BLR1,1,12,118.63999999999999,0.0,0.0
10052_B_BLR1,1,13,118.64,0.0,0.0
10052_B_BLR1,1,14,118.63999999999999,0.0,0.0
10052_B_BLR1,1,15,118.63999999999999,0.0,0.0
10052_B_BLR1,1,16,118.63999999999999,0.0,0.0
10052_B_BLR1,1,17,296.6,0.0,0.0
10052_B_BLR1,1,18,296.6,0.0,0.0
10052_B_BLR1,1,19,296.6,0.0,0.0
10052_B_BLR1,1,20,296.6,0.0,0.0
10052_B_BLR1,1,21,296.6,0.0,0.0
10052_B_BLR1,1,22,296.6,0.0,0.0
10052_B_BLR1,1,23,296.6,0.0,0.0
10052_B_BLR1,1,24,296.6,0.0,0.0
10052_B_BLR1,1,25,296.6,0.0,0.0
10091_G_G2,1,1,46.0,0.0,0.0
10091_G_G2,1,2,46.0,0.0,0.0
10091_G_G2,1,3,46.0,0.0,0.0
10091_G_G2,1,4,46.0,0.0,0.0
10091_G_G2,1,5,46.0,0.0,0.0
10091_G_G2,1,6,46.0,0.0,0.0
10091_G_G2,1,7,46.0,0.0,0.0
10091_G_G2,1,8,46.0,0.0,0.0
10091_G_G2,1,9,18.4,0.0,0.0
10091_G_G2,1,10,18.4,0.0,0.0
10091_G_G2,1,11,18.4,0.0,0.0
10091_G_G2,1,12,18.4,0.0,0.0
10091_G_G2,1,13,18.4,0.0,0.0
10091_G_G2,1,14,18.4,0.0,0.0
10091_G_G2,1,15,18.4,0.0,0.0
10091_G_G2,1,16,18.4,0.0,0.0
10091_G_G2,1,17,46.0,0.0,0.0
10091_G_G2,1,18,46.0,0.0,0.0
10091_G_G2,1,19,46.0,0.0,0.0
10091_G_G2,1,20,46.0,0.0,0.0
10091_G_G2,1,21,46.0,0.0,0.0
10091_G_G2,1,22,46.0,0.0,0.0
10091_G_G2,1,23,46.0,0.0,0.0
10091_G_G2,1,24,46.0,0.0,0.0
10091_G_G2,1,25,46.0,0.0,0.0
10091_G_GEN1,1,1,18.6,0.0,0.0
10091_G_GEN1,1,2,18.6,0.0,0.0
10091_G_GEN1,1,3,18.6,0.0,0.0
10091_G_GEN1,1,4,18.6,0.0,0.0
10091_G_GEN1,1,5,18.6,0.0,0.0
10091_G_GEN1,1,6,18.6,0.0,0.0
10091_G_GEN1,1,7,18.6,0.0,0.0
10091_G_GEN1,1,8,18.6,0.0,0.0
10091_G_GEN1,1,9,7.440000000000001,0.0,0.0
10091_G_GEN1,1,10,7.440000000000001,0.0,0.0
10091_G_GEN1,1,11,7.440000000000001,0.0,0.0
10091_G_GEN1,1,12,7.440000000000001,0.0,0.0
10091_G_GEN1,1,13,7.440000000000001,0.0,0.0
10091_G_GEN1,1,14,7.440000000000001,0.0,0.0
10091_G_GEN1,1,15,7.440000000000001,0.0,0.0
10091_G_GEN1,1,16,7.440000000000001,0.0,0.0
10091_G_GEN1,1,17,18.6,0.0,0.0
10091_G_GEN1,1,18,18.6,0.0,0.0
10091_G_GEN1,1,19,18.6,0.0,0.0
10091_G_GEN1,1,20,18.6,0.0,0.0
10091_G_GEN1,1,21,18.6,0.0,0.0
10091_G_GEN1,1,22,18.6,0.0,0.0
10091_G_GEN1,1,23,18.6,0.0,0.0
10091_G_GEN1,1,24,18.6,0.0,0.0
10091_G_GEN1,1,25,18.6,0.0,0.0
10110_G_GEN1,1,1,0.0,0.0,0.0
10110_G_GEN1,1,2,0.0,0.0,0.0
10110_G_GEN1,1,3,0.0,0.0,0.0
10110_G_GEN1,1,4,0.0,0.0,0.0
10110_G_GEN1,1,5,0.0,0.0,0.0
10110_G_GEN1,1,6,0.0,0.0,0.0
10110_G_GEN1,1,7,0.0,0.0,0.0
10110_G_GEN1,1,8,0.0,0.0,0.0
10110_G_GEN1,1,9,0.0,0.0,0.0
10110_G_GEN1,1,10,0.0,0.0,0.0
10110_G_GEN1,1,11,0.0,0.0,0.0
10110_G_GEN1,1,12,0.0,0.0,0.0
10110_G_GEN1,1,13,0.0,0.0,0.0
10110_G_GEN1,1,14,0.0,0.0,0.0
10110_G_GEN1,1,15,0.0,0.0,0.0
10110_G_GEN1,1,16,0.0,0.0,0.0
10110_G_GEN1,1,17,0.0,0.0,0.0
10110_G_GEN1,1,18,0.0,0.0,0.0
10110_G_GEN1,1,19,0.0,0.0,0.0
10110_G_GEN1,1,20,0.0,0.0,0.0
10110_G_GEN1,1,21,0.0,0.0,0.0
10110_G_GEN1,1,22,0.0,0.0,0.0
10110_G_GEN1,1,23,0.0,0.0,0.0
10110_G_GEN1,1,24,0.0,0.0,0.0
10110_G_GEN1,1,25,0.0,0.0,0.0
10144_B_BLR3,1,1,26.5,0.0,0.0
10144_B_BLR3,1,2,26.5,0.0,0.0
10144_B_BLR3,1,3,26.5,0.0,0.0
10144_B_BLR3,1,4,26.5,0.0,0.0
10144_B_BLR3,1,5,26.5,0.0,0.0
10144_B_BLR3,1,6,26.5,0.0,0.0
10144_B_BLR3,1,7,26.5,0.0,0.0
10144_B_BLR3,1,8,26.5,0.0,0.0
10144_B_BLR3,1,9,10.6,0.0,0.0
10144_B_BLR3,1,10,10.6,0.0,0.0
10144_B_BLR3,1,11,10.6,0.0,0.0
10144_B_BLR3,1,12,10.6,0.0,0.0
10144_B_BLR3,1,13,10.6,0.0,0.0
10144_B_BLR3,1,14,10.6,0.0,0.0
10144_B_BLR3,1,15,10.6,0.0,0.0
10144_B_BLR3,1,16,10.6,0.0,0.0
10144_B_BLR3,1,17,26.5,0.0,0.0
10144_B_BLR3,1,18,26.5,0.0,0.0
10144_B_BLR3,1,19,26.5,0.0,0.0
10144_B_BLR3,1,20,26.5,0.0,0.0
10144_B_BLR3,1,21,26.5,0.0,0.0
10144_B_BLR3,1,22,26.5,0.0,0.0
10144_B_BLR3,1,23,26.5,0.0,0.0
10144_B_BLR3,1,24,26.5,0.0,0.0
10144_B_BLR3,1,25,26.5,0.0,0.0
10156_G_GEN2,1,1,0.0,0.0,0.0
10156_G_GEN2,1,2,0.0,0.0,0.0
10156_G_GEN2,1,3,0.0,0.0,0.0
10156_G_GEN2,1,4,0.0,0.0,0.0
10156_G_GEN2,1,5,0.0,0.0,0.0
10156_G_GEN2,1,6,0.0,0.0,0.0
10156_G_GEN2,1,7,0.0,0.0,0.0
10156_G_GEN2,1,8,0.0,0.0,0.0
10156_G_GEN2,1,9,0.0,0.0,0.0
10156_G_GEN2,1,10,0.0,0.0,0.0
10156_G_GEN2,1,11,0.0,0.0,0.0
10156_G_GEN2,1,12,0.0,0.0,0.0
10156_G_GEN2,1,13,0.0,0.0,0.0
10156_G_GEN2,1,14,0.0,0.0,0.0
10156_G_GEN2,1,15,0.0,0.0,0.0
10156_G_GEN2,1,16,0.0,0.0,0.0
10156_G_GEN2,1,17,0.0,0.0,0.0
10156_G_GEN2,1,18,0.0,0.0,0.0
10156_G_GEN2,1,19,0.0,0.0,0.0
10156_G_GEN2,1,20,0.0,0.0,0.0
10156_G_GEN2,1,21,0.0,0.0,0.0
10156_G_GEN2,1,22,0.0,0.0,0.0
10156_G_GEN2,1,23,0.0,0.0,0.0
10156_G_GEN2,1,24,0.0,0.0,0.0
10156_G_GEN2,1,25,0.0,0.0,0.0
10156_G_GEN3,1,1,0.0,0.0,0.0
10156_G_GEN3,1,2,0.0,0.0,0.0
10156_G_GEN3,1,3,0.0,0.0,0.0
10156_G_GEN3,1,4,0.0,0.0,0.0
10156_G_GEN3,1,5,0.0,0.0,0.0
10156_G_GEN3,1,6,0.0,0.0,0.0
10156_G_GEN3,1,7,0.0,0.0,0.0
10156_G_GEN3,1,8,0.0,0.0,0.0
10156_G_GEN3,1,9,0.0,0.0,0.0
10156_G_GEN3,1,10,0.0,0.0,0.0
10156_G_GEN3,1,11,0.0,0.0,0.0
10156_G_GEN3,1,12,0.0,0.0,0.0
10156_G_GEN3,1,13,0.0,0.0,0.0
10156_G_GEN3,1,14,0.0,0.0,0.0
10156_G_GEN3,1,15,0.0,0.0,0.0
10156_G_GEN3,1,16,0.0,0.0,0.0
10156_G_GEN3,1,17,0.0,0.0,0.0
10156_G_GEN3,1,18,0.0,0.0,0.0
10156_G_GEN3,1,19,0.0,0.0,0.0
10156_G_GEN3,1,20,0.0,0.0,0.0
10156_G_GEN3,1,21,0.0,0.0,0.0
10156_G_GEN3,1,22,0.0,0.0,0.0
10156_G_GEN3,1,23,0.0,0.0,0.0
10156_G_GEN3,1,24,0.0,0.0,0.0
10156_G_GEN3,1,25,0.0,0.0,0.0
10156_G_GEN4,1,1,0.0,0.0,0.0
10156_G_GEN4,1,2,0.0,0.0,0.0
10156_G_GEN4,1,3,0.0,0.0,0.0
10156_G_GEN4,1,4,0.0,0.0,0.0
10156_G_GEN4,1,5,0.0,0.0,0.0
10156_G_GEN4,1,6,0.0,0.0,0.0
10156_G_GEN4,1,7,0.0,0.0,0.0
10156_G_GEN4,1,8,0.0,0.0,0.0
10156_G_GEN4,1,9,0.0,0.0,0.0
10156_G_GEN4,1,10,0.0,0.0,0.0
10156_G_GEN4,1,11,0.0,0.0,0.0
10156_G_GEN4,1,12,0.0,0.0,0.0
10156_G_GEN4,1,13,0.0,0.0,0.0
10156_G_GEN4,1,14,0.0,0.0,0.0
10156_G_GEN4,1,15,0.0,0.0,0.0
10156_G_GEN4,1,16,0.0,0.0,0.0
10156_G_GEN4,1,17,0.0,0.0,0.0
10156_G_GEN4,1,18,0.0,0.0,0.0
10156_G_GEN4,1,19,0.0,0.0,0.0
10156_G_GEN4,1,20,0.0,0.0,0.0
10156_G_GEN4,1,21,0.0,0.0,0.0
10156_G_GEN4,1,22,0.0,0.0,0.0
10156_G_GEN4,1,23,0.0,0.0,0.0
10156_G_GEN4,1,24,0.0,0.0,0.0
10156_G_GEN4,1,25,0.0,0.0,0.0
10169_G_GEN1,1,1,0.0,0.0,0.0
10169_G_GEN1,1,2,0.0,0.0,0.0
10169_G_GEN1,1,3,0.0,0.0,0.0
10169_G_GEN1,1,4,0.0,0.0,0.0
10169_G_GEN1,1,5,0.0,0.0,0.0
10169_G_GEN1,1,6,0.0,0.0,0.0
10169_G_GEN1,1,7,0.0,0.0,0.0
10169_G_GEN1,1,8,0.0,0.0,0.0
10169_G_GEN1,1,9,0.0,0.0,0.0
10169_G_GEN1,1,10,0.0,0.0,0.0
10169_G_GEN1,1,11,0.0,0.0,0.0
10169_G_GEN1,1,12,0.0,0.0,0.0
10169_G_GEN1,1,13,0.0,0.0,0.0
10169_G_GEN1,1,14,0.0,0.0,0.0
10169_G_GEN1,1,15,0.0,0.0,0.0
10169_G_GEN1,1,16,0.0,0.0,0.0
10169_G_GEN1,1,17,0.0,0.0,0.0
10169_G_GEN1,1,18,0.0,0.0,0.0
10169_G_GEN1,1,19,0.0,0.0,0.0
10169_G_GEN1,1,20,0.0,0.0,0.0
10169_G_GEN1,1,21,0.0,0.0,0.0
10169_G_GEN1,1,22,0.0,0.0,0.0
10169_G_GEN1,1,23,0.0,0.0,0.0
10169_G_GEN1,1,24,0.0,0.0,0.0
10169_G_GEN1,1,25,0.0,0.0,0.0
10169_G_GEN2,1,1,0.0,0.0,0.0
10169_G_GEN2,1,2,0.0,0.0,0.0
10169_G_GEN2,1,3,0.0,0.0,0.0
10169_G_GEN2,1,4,0.0,0.0,0.0
10169_G_GEN2,1,5,0.0,0.0,0.0
10169_G_GEN2,1,6,0.0,0.0,0.0
10169_G_GEN2,1,7,0.0,0.0,0.0
10169_G_GEN2,1,8,0.0,0.0,0.0
10169_G_GEN2,1,9,0.0,0.0,0.0
10169_G_GEN2,1,10,0.0,0.0,0.0
10169_G_GEN2,1,11,0.0,0.0,0.0
10169_G_GEN2,1,12,0.0,0.0,0.0
10169_G_GEN2,1,13,0.0,0.0,0.0
10169_G_GEN2,1,14,0.0,0.0,0.0
10169_G_GEN2,1,15,0.0,0.0,0.0
10169_G_GEN2,1,16,0.0,0.0,0.0
10169_G_GEN2,1,17,0.0,0.0,0.0
10169_G_GEN2,1,18,0.0,0.0,0.0
10169_G_GEN2,1,19,0.0,0.0,0.0
10169_G_GEN2,1,20,0.0,0.0,0.0
10169_G_GEN2,1,21,0.0,0.0,0.0
10169_G_GEN2,1,22,0.0,0.0,0.0
10169_G_GEN2,1,23,0.0,0.0,0.0
10169_G_GEN2,1,24,0.0,0.0,0.0
10169_G_GEN2,1,25,0.0,0.0,0.0
10175_G_0799,1,1,0.0,0.0,0.0
10175_G_0799,1,2,0.0,0.0,0.0
10175_G_0799,1,3,0.0,0.0,0.0
10175_G_0799,1,4,0.0,0.0,0.0
10175_G_0799,1,5,0.0,0.0,0.0
10175_G_0799,1,6,0.0,0.0,0.0
10175_G_0799,1,7,0.0,0.0,0.0
10175_G_0799,1,8,0.0,0.0,0.0
10175_G_0799,1,9,0.0,0.0,0.0
10175_G_0799,1,10,0.0,0.0,0.0
10175_G_0799,1,11,0.0,0.0,0.0
10175_G_0799,1,12,0.0,0.0,0.0
10175_G_0799,1,13,0.0,0.0,0.0
10175_G_0799,1,14,0.0,0.0,0.0
10175_G_0799,1,15,0.0,0.0,0.0
10175_G_0799,1,16,0.0,0.0,0.0
10175_G_0799,1,17,0.0,0.0,0.0
10175_G_0799,1,18,0.0,0.0,0.0
10175_G_0799,1,19,0.0,0.0,0.0
10175_G_0799,1,20,0.0,0.0,0.0
10175_G_0799,1,21,0.0,0.0,0.0
10175_G_0799,1,22,0.0,0.0,0.0
10175_G_0799,1,23,0.0,0.0,0.0
10175_G_0799,1,24,0.0,0.0,0.0
10175_G_0799,1,25,0.0,0.0,0.0
10175_G_5083,1,1,0.0,0.0,0.0
10175_G_5083,1,2,0.0,0.0,0.0
10175_G_5083,1,3,0.0,0.0,0.0
10175_G_5083,1,4,0.0,0.0,0.0
10175_G_5083,1,5,0.0,0.0,0.0
10175_G_5083,1,6,0.0,0.0,0.0
10175_G_5083,1,7,0.0,0.0,0.0
10175_G_5083,1,8,0.0,0.0,0.0
10175_G_5083,1,9,0.0,0.0,0.0
10175_G_5083,1,10,0.0,0.0,0.0
10175_G_5083,1,11,0.0,0.0,0.0
10175_G_5083,1,12,0.0,0.0,0.0
10175_G_5083,1,13,0.0,0.0,0.0
10175_G_5083,1,14,0.0,0.0,0.0
10175_G_5083,1,15,0.0,0.0,0.0
10175_G_5083,1,16,0.0,0.0,0.0
10175_G_5083,1,17,0.0,0.0,0.0
10175_G_5083,1,18,0.0,0.0,0.0
10175_G_5083,1,19,0.0,0.0,0.0
10175_G_5083,1,20,0.0,0.0,0.0
10175_G_5083,1,21,0.0,0.0,0.0
10175_G_5083,1,22,0.0,0.0,0.0
10175_G_5083,1,23,0.0,0.0,0.0
10175_G_5083,1,24,0.0,0.0,0.0
10175_G_5083,1,25,0.0,0.0,0.0
10213_G_GEN1,1,1,0.0,0.0,0.0
10213_G_GEN1,1,2,0.0,0.0,0.0
10213_G_GEN1,1,3,0.0,0.0,0.0
10213_G_GEN1,1,4,0.0,0.0,0.0
10213_G_GEN1,1,5,0.0,0.0,0.0
10213_G_GEN1,1,6,0.0,0.0,0.0
10213_G_GEN1,1,7,0.0,0.0,0.0
10213_G_GEN1,1,8,0.0,0.0,0.0
10213_G_GEN1,1,9,0.0,0.0,0.0
10213_G_GEN1,1,10,0.0,0.0,0.0
10213_G_GEN1,1,11,0.0,0.0,0.0
10213_G_GEN1,1,12,0.0,0.0,0.0
10213_G_GEN1,1,13,0.0,0.0,0.0
10213_G_GEN1,1,14,0.0,0.0,0.0
10213_G_GEN1,1,15,0.0,0.0,0.0
10213_G_GEN1,1,16,0.0,0.0,0.0
10213_G_GEN1,1,17,0.0,0.0,0.0
10213_G_GEN1,1,18,0.0,0.0,0.0
10213_G_GEN1,1,19,0.0,0.0,0.0
10213_G_GEN1,1,20,0.0,0.0,0.0
10213_G_GEN1,1,21,0.0,0.0,0.0
10213_G_GEN1,1,22,0.0,0.0,0.0
10213_G_GEN1,1,23,0.0,0.0,0.0
10213_G_GEN1,1,24,0.0,0.0,0.0
10213_G_GEN1,1,25,0.0,0.0,0.0
10213_G_GEN2,1,1,0.0,0.0,0.0
10213_G_GEN2,1,2,0.0,0.0,0.0
10213_G_GEN2,1,3,0.0,0.0,0.0
10213_G_GEN2,1,4,0.0,0.0,0.0
10213_G_GEN2,1,5,0.0,0.0,0.0
10213_G_GEN2,1,6,0.0,0.0,0.0
10213_G_GEN2,1,7,0.0,0.0,0.0
10213_G_GEN2,1,8,0.0,0.0,0.0
10213_G_GEN2,1,9,0.0,0.0,0.0
10213_G_GEN2,1,10,0.0,0.0,0.0
10213_G_GEN2,1,11,0.0,0.0,0.0
10213_G_GEN2,1,12,0.0,0.0,0.0
10213_G_GEN2,1,13,0.0,0.0,0.0
10213_G_GEN2,1,14,0.0,0.0,0.0
10213_G_GEN2,1,15,0.0,0.0,0.0
10213_G_GEN2,1,16,0.0,0.0,0.0
10213_G_GEN2,1,17,0.0,0.0,0.0
10213_G_GEN2,1,18,0.0,0.0,0.0
10213_G_GEN2,1,19,0.0,0.0,0.0
10213_G_GEN2,1,20,0.0,0.0,0.0
10213_G_GEN2,1,21,0.0,0.0,0.0
10213_G_GEN2,1,22,0.0,0.0,0.0
10213_G_GEN2,1,23,0.0,0.0,0.0
10213_G_GEN2,1,24,0.0,0.0,0.0
10213_G_GEN2,1,25,0.0,0.0,0.0
10213_G_GEN5,1,1,0.0,0.0,0.0
10213_G_GEN5,1,2,0.0,0.0,0.0
10213_G_GEN5,1,3,0.0,0.0,0.0
10213_G_GEN5,1,4,0.0,0.0,0.0
10213_G_GEN5,1,5,0.0,0.0,0.0
10213_G_GEN5,1,6,0.0,0.0,0.0
10213_G_GEN5,1,7,0.0,0.0,0.0
10213_G_GEN5,1,8,0.0,0.0,0.0
10213_G_GEN5,1,9,0.0,0.0,0.0
10213_G_GEN5,1,10,0.0,0.0,0.0
10213_G_GEN5,1,11,0.0,0.0,0.0
10213_G_GEN5,1,12,0.0,0.0,0.0
10213_G_GEN5,1,13,0.0,0.0,0.0
10213_G_GEN5,1,14,0.0,0.0,0.0
10213_G_GEN5,1,15,0.0,0.0,0.0
10213_G_GEN5,1,16,0.0,0.0,0.0
10213_G_GEN5,1,17,0.0,0.0,0.0
10213_G_GEN5,1,18,0.0,0.0,0.0
10213_G_GEN5,1,19,0.0,0.0,0.0
10213_G_GEN5,1,20,0.0,0.0,0.0
10213_G_GEN5,1,21,0.0,0.0,0.0
10213_G_GEN5,1,22,0.0,0.0,0.0
10213_G_GEN5,1,23,0.0,0.0,0.0
10213_G_GEN5,1,24,0.0,0.0,0.0
10213_G_GEN5,1,25,0.0,0.0,0.0
10213_G_GEN6,1,1,0.0,0.0,0.0
10213_G_GEN6,1,2,0.0,0.0,0.0
10213_G_GEN6,1,3,0.0,0.0,0.0
10213_G_GEN6,1,4,0.0,0.0,0.0
10213_G_GEN6,1,5,0.0,0.0,0.0
10213_G_GEN6,1,6,0.0,0.0,0.0
10213_G_GEN6,1,7,0.0,0.0,0.0
10213_G_GEN6,1,8,0.0,0.0,0.0
10213_G_GEN6,1,9,0.0,0.0,0.0
10213_G_GEN6,1,10,0.0,0.0,0.0
10213_G_GEN6,1,11,0.0,0.0,0.0
10213_G_GEN6,1,12,0.0,0.0,0.0
10213_G_GEN6,1,13,0.0,0.0,0.0
10213_G_GEN6,1,14,0.0,0.0,0.0
10213_G_GEN6,1,15,0.0,0.0,0.0
10213_G_GEN6,1,16,0.0,0.0,0.0
10213_G_GEN6,1,17,0.0,0.0,0.0
10213_G_GEN6,1,18,0.0,0.0,0.0
10213_G_GEN6,1,19,0.0,0.0,0.0
10213_G_GEN6,1,20,0.0,0.0,0.0
10213_G_GEN6,1,21,0.0,0.0,0.0
10213_G_GEN6,1,22,0.0,0.0,0.0
10213_G_GEN6,1,23,0.0,0.0,0.0
10213_G_GEN6,1,24,0.0,0.0,0.0
10213_G_GEN6,1,25,0.0,0.0,0.0
10213_G_GEN7,1,1,16.28,0.0,0.0
10213_G_GEN7,1,2,16.28,0.0,0.0
10213_G_GEN7,1,3,16.28,0.0,0.0
10213_G_GEN7,1,4,16.28,0.0,0.0
10213_G_GEN7,1,5,16.28,0.0,0.0
10213_G_GEN7,1,6,16.28,0.0,0.0
10213_G_GEN7,1,7,16.28,0.0,0.0
10213_G_GEN7,1,8,40.7,0.0,0.0
10213_G_GEN7,1,9,0.0,0.0,0.0
10213_G_GEN7,1,10,0.0,0.0,0.0
10213_G_GEN7,1,11,0.0,0.0,0.0
10213_G_GEN7,1,12,0.0,0.0,0.0
10213_G_GEN7,1,13,0.0,0.0,0.0
10213_G_GEN7,1,14,0.0,0.0,0.0
10213_G_GEN7,1,15,0.0,0.0,0.0
10213_G_GEN7,1,16,0.0,0.0,0.0
10213_G_GEN7,1,17,0.0,0.0,0.0
10213_G_GEN7,1,18,16.28,24.42,0.0
10213_G_GEN7,1,19,16.28,24.42,0.0
10213_G_GEN7,1,20,16.28,24.42,0.0
10213_G_GEN7,1,21,16.28,0.0,0.0
10213_G_GEN7,1,22,16.28,0.0,0.0
10213_G_GEN7,1,23,16.28,0.0,0.0
10213_G_GEN7,1,24,16.28,0.0,0.0
10213_G_GEN7,1,25,16.28,0.0,0.0
10213_G_GEN8,1,1,2.08,0.0,0.0
10213_G_GEN8,1,2,2.08,0.0,0.0
10213_G_GEN8,1,3,2.08,0.0,0.0
10213_G_GEN8,1,4,2.08,0.0,0.0
10213_G_GEN8,1,5,2.08,0.0,0.0
10213_G_GEN8,1,6,2.08,0.0,0.0
10213_G_GEN8,1,7,2.08,0.0,0.0
10213_G_GEN8,1,8,5.2,0.0,0.0
10213_G_GEN8,1,9,0.0,0.0,0.0
10213_G_GEN8,1,10,0.0,0.0,0.0
10213_G_GEN8,1,11,0.0,0.0,0.0
10213_G_GEN8,1,12,0.0,0.0,0.0
10213_G_GEN8,1,13,0.0,0.0,0.0
10213_G_GEN8,1,14,0.0,0.0,0.0
10213_G_GEN8,1,15,0.0,0.0,0.0
10213_G_GEN8,1,16,0.0,0.0,0.0
10213_G_GEN8,1,17,0.0,0.0,0.0
10213_G_GEN8,1,18,2.08,3.12,0.0
10213_G_GEN8,1,19,2.08,3.12,0.0
10213_G_GEN8,1,20,2.08,3.12,0.0
10213_G_GEN8,1,21,0.0,0.0,0.0
10213_G_GEN8,1,22,0.0,0.0,0.0
10213_G_GEN8,1,23,0.0,0.0,0.0
10213_G_GEN8,1,24,0.0,0.0,0.0
10213_G_GEN8,1,25,0.0,0.0,0.0
10294_G_GTG,1,1,0.0,0.0,0.0
10294_G_GTG,1,2,0.0,0.0,0.0
10294_G_GTG,1,3,0.0,0.0,0.0
10294_G_GTG,1,4,0.0,0.0,0.0
10294_G_GTG,1,5,0.0,0.0,0.0
10294_G_GTG,1,6,0.0,0.0,0.0
10294_G_GTG,1,7,0.0,0.0,0.0
10294_G_GTG,1,8,0.0,0.0,0.0
10294_G_GTG,1,9,0.0,0.0,0.0
10294_G_GTG,1,10,0.0,0.0,0.0
10294_G_GTG,1,11,0.0,0.0,0.0
10294_G_GTG,1,12,0.0,0.0,0.0
10294_G_GTG,1,13,0.0,0.0,0.0
10294_G_GTG,1,14,0.0,0.0,0.0
10294_G_GTG,1,15,0.0,0.0,0.0
10294_G_GTG,1,16,0.0,0.0,0.0
10294_G_GTG,1,17,0.0,0.0,0.0
10294_G_GTG,1,18,0.0,0.0,0.0
10294_G_GTG,1,19,0.0,0.0,0.0
10294_G_GTG,1,20,0.0,0.0,0.0
10294_G_GTG,1,21,0.0,0.0,0.0
10294_G_GTG,1,22,0.0,0.0,0.0
10294_G_GTG,1,23,0.0,0.0,0.0
10294_G_GTG,1,24,0.0,0.0,0.0
10294_G_GTG,1,25,0.0,0.0,0.0
10294_G_STG,1,1,0.0,0.0,0.0
10294_G_STG,1,2,0.0,0.0,0.0
10294_G_STG,1,3,0.0,0.0,0.0
10294_G_STG,1,4,0.0,0.0,0.0
10294_G_STG,1,5,0.0,0.0,0.0
10294_G_STG,1,6,0.0,0.0,0.0
10294_G_STG,1,7,0.0,0.0,0.0
10294_G_STG,1,8,0.0,0.0,0.0
10294_G_STG,1,9,0.0,0.0,0.0
10294_G_STG,1,10,0.0,0.0,0.0
10294_G_STG,1,11,0.0,0.0,0.0
10294_G_STG,1,12,0.0,0.0,0.0
10294_G_STG,1,13,0.0,0.0,0.0
10294_G_STG,1,14,0.0,0.0,0.0
10294_G_STG,1,15,0.0,0.0,0.0
10294_G_STG,1,16,0.0,0.0,0.0
10294_G_STG,1,17,0.0,0.0,0.0
10294_G_STG,1,18,0.0,0.0,0.0
10294_G_STG,1,19,0.0,0.0,0.0
10294_G_STG,1,20,0.0,0.0,0.0
10294_G_STG,1,21,0.0,0.0,0.0
10294_G_STG,1,22,0.0,0.0,0.0
10294_G_STG,1,23,0.0,0.0,0.0
10294_G_STG,1,24,0.0,0.0,0.0
10294_G_STG,1,25,0.0,0.0,0.0
10342_G_TG1,1,1,0.0,0.0,0.0
10342_G_TG1,1,2,0.0,0.0,0.0
10342_G_TG1,1,3,0.0,0.0,0.0
10342_G_TG1,1,4,0.0,0.0,0.0
10342_G_TG1,1,5,0.0,0.0,0.0
10342_G_TG1,1,6,0.0,0.0,0.0
10342_G_TG1,1,7,0.0,0.0,0.0
10342_G_TG1,1,8,0.0,0.0,0.0
10342_G_TG1,1,9,0.0,0.0,0.0
10342_G_TG1,1,10,0.0,0.0,0.0
10342_G_TG1,1,11,0.0,0.0,0.0
10342_G_TG1,1,12,0.0,0.0,0.0
10342_G_TG1,1,13,0.0,0.0,0.0
10342_G_TG1,1,14,0.0,0.0,0.0
10342_G_TG1,1,15,0.0,0.0,0.0
10342_G_TG1,1,16,0.0,0.0,0.0
10342_G_TG1,1,17,0.0,0.0,0.0
10342_G_TG1,1,18,0.0,0.0,0.0
10342_G_TG1,1,19,0.0,0.0,0.0
10342_G_TG1,1,20,0.0,0.0,0.0
10342_G_TG1,1,21,0.0,0.0,0.0
10342_G_TG1,1,22,0.0,0.0,0.0
10342_G_TG1,1,23,0.0,0.0,0.0
10342_G_TG1,1,24,0.0,0.0,0.0
10342_G_TG1,1,25,0.0,0.0,0.0
10342_G_TG2,1,1,0.0,0.0,0.0
10342_G_TG2,1,2,0.0,0.0,0.0
10342_G_TG2,1,3,0.0,0.0,0.0
10342_G_TG2,1,4,0.0,0.0,0.0
10342_G_TG2,1,5,0.0,0.0,0.0
10342_G_TG2,1,6,0.0,0.0,0.0
10342_G_TG2,1,7,0.0,0.0,0.0
10342_G_TG2,1,8,0.0,0.0,0.0
10342_G_TG2,1,9,0.0,0.0,0.0
10342_G_TG2,1,10,0.0,0.0,0.0
10342_G_TG2,1,11,0.0,0.0,0.0
10342_G_TG2,1,12,0.0,0.0,0.0
10342_G_TG2,1,13,0.0,0.0,0.0
10342_G_TG2,1,14,0.0,0.0,0.0
10342_G_TG2,1,15,0.0,0.0,0.0
10342_G_TG2,1,16,0.0,0.0,0.0
10342_G_TG2,1,17,0.0,0.0,0.0
10342_G_TG2,1,18,0.0,0.0,0.0
10342_G_TG2,1,19,0.0,0.0,0.0
10342_G_TG2,1,20,0.0,0.0,0.0
10342_G_TG2,1,21,0.0,0.0,0.0
10342_G_TG2,1,22,0.0,0.0,0.0
10342_G_TG2,1,23,0.0,0.0,0.0
10342_G_TG2,1,24,0.0,0.0,0.0
10342_G_TG2,1,25,0.0,0.0,0.0
10342_G_TG3,1,1,0.0,0.0,0.0
10342_G_TG3,1,2,0.0,0.0,0.0
10342_G_TG3,1,3,0.0,0.0,0.0
10342_G_TG3,1,4,0.0,0.0,0.0
10342_G_TG3,1,5,0.0,0.0,0.0
10342_G_TG3,1,6,0.0,0.0,0.0
10342_G_TG3,1,7,0.0,0.0,0.0
10342_G_TG3,1,8,0.0,0.0,0.0
10342_G_TG3,1,9,0.0,0.0,0.0
10342_G_TG3,1,10,0.0,0.0,0.0
10342_G_TG3,1,11,0.0,0.0,0.0
10342_G_TG3,1,12,0.0,0.0,0.0
10342_G_TG3,1,13,0.0,0.0,0.0
10342_G_TG3,1,14,0.0,0.0,0.0
10342_G_TG3,1,15,0.0,0.0,0.0
10342_G_TG3,1,16,0.0,0.0,0.0
10342_G_TG3,1,17,0.0,0.0,0.0
10342_G_TG3,1,18,0.0,0.0,0.0
10342_G_TG3,1,19,0.0,0.0,0.0
10342_G_TG3,1,20,0.0,0.0,0.0
10342_G_TG3,1,21,0.0,0.0,0.0
10342_G_TG3,1,22,0.0,0.0,0.0
10342_G_TG3,1,23,0.0,0.0,0.0
10342_G_TG3,1,24,0.0,0.0,0.0
10342_G_TG3,1,25,0.0,0.0,0.0
10349_G_GEN1,1,1,0.0,0.0,0.0
10349_G_GEN1,1,2,0.0,0.0,0.0
10349_G_GEN1,1,3,0.0,0.0,0.0
10349_G_GEN1,1,4,0.0,0.0,0.0
10349_G_GEN1,1,5,0.0,0.0,0.0
10349_G_GEN1,1,6,0.0,0.0,0.0
10349_G_GEN1,1,7,0.0,0.0,0.0
10349_G_GEN1,1,8,0.0,0.0,0.0
10349_G_GEN1,1,9,0.0,0.0,0.0
10349_G_GEN1,1,10,0.0,0.0,0.0
10349_G_GEN1,1,11,0.0,0.0,0.0
10349_G_GEN1,1,12,0.0,0.0,0.0
10349_G_GEN1,1,13,0.0,0.0,0.0
10349_G_GEN1,1,14,0.0,0.0,0.0
10349_G_GEN1,1,15,0.0,0.0,0.0
10349_G_GEN1,1,16,0.0,0.0,0.0
10349_G_GEN1,1,17,0.0,0.0,0.0
10349_G_GEN1,1,18,70.861,0.0,0.0
10349_G_GEN1,1,19,0.0,0.0,0.0
10349_G_GEN1,1,20,0.0,0.0,0.0
10349_G_GEN1,1,21,0.0,0.0,0.0
10349_G_GEN1,1,22,0.0,0.0,0.0
10349_G_GEN1,1,23,0.0,0.0,0.0
10349_G_GEN1,1,24,0.0,0.0,0.0
10349_G_GEN1,1,25,0.0,0.0,0.0
10387_G_1A,1,1,126.2,0.0,0.0
10387_G_1A,1,2,126.2,0.0,0.0
10387_G_1A,1,3,50.480000000000004,0.0,0.0
10387_G_1A,1,4,126.2,0.0,0.0
10387_G_1A,1,5,126.2,0.0,0.0
10387_G_1A,1,6,126.2,0.0,0.0
10387_G_1A,1,7,126.2,0.0,0.0
10387_G_1A,1,8,126.2,0.0,0.0
10387_G_1A,1,9,0.0,0.0,0.0
10387_G_1A,1,10,0.0,0.0,0.0
10387_G_1A,1,11,0.0,0.0,0.0
10387_G_1A,1,12,0.0,0.0,0.0
10387_G_1A,1,13,0.0,0.0,0.0
10387_G_1A,1,14,-0.0,0.0,0.0
10387_G_1A,1,15,0.0,0.0,0.0
10387_G_1A,1,16,0.0,0.0,0.0
10387_G_1A,1,17,126.2,0.0,0.0
10387_G_1A,1,18,126.2,0.0,0.0
10387_G_1A,1,19,126.2,0.0,0.0
10387_G_1A,1,20,126.2,0.0,0.0
10387_G_1A,1,21,126.2,0.0,0.0
10387_G_1A,1,22,126.2,0.0,0.0
10387_G_1A,1,23,126.2,0.0,0.0
10387_G_1A,1,24,126.2,0.0,0.0
10387_G_1A,1,25,126.2,0.0,0.0
10387_G_3,1,1,39.8,0.0,0.0
10387_G_3,1,2,39.8,0.0,0.0
10387_G_3,1,3,15.920000000000002,0.0,0.0
10387_G_3,1,4,39.8,0.0,0.0
10387_G_3,1,5,39.8,0.0,0.0
10387_G_3,1,6,39.8,0.0,0.0
10387_G_3,1,7,39.8,0.0,0.0
10387_G_3,1,8,39.8,0.0,0.0
10387_G_3,1,9,0.0,0.0,0.0
10387_G_3,1,10,0.0,0.0,0.0
10387_G_3,1,11,0.0,0.0,0.0
10387_G_3,1,12,0.0,0.0,0.0
10387_G_3,1,13,0.0,0.0,0.0
10387_G_3,1,14,0.0,0.0,0.0
10387_G_3,1,15,0.0,0.0,0.0
10387_G_3,1,16,0.0,0.0,0.0
10387_G_3,1,17,39.8,0.0,0.0
10387_G_3,1,18,39.8,0.0,0.0
10387_G_3,1,19,39.8,0.0,0.0
10387_G_3,1,20,39.8,0.0,0.0
10387_G_3,1,21,39.8,0.0,0.0
10387_G_3,1,22,39.8,0.0,0.0
10387_G_3,1,23,39.8,0.0,0.0
10387_G_3,1,24,39.8,0.0,0.0
10387_G_3,1,25,39.8,0.0,0.0
10405_G_GEN1,1,1,0.0,0.0,0.0
10405_G_GEN1,1,2,0.0,0.0,0.0
10405_G_GEN1,1,3,0.0,0.0,0.0
10405_G_GEN1,1,4,0.0,0.0,0.0
10405_G_GEN1,1,5,0.0,0.0,0.0
10405_G_GEN1,1,6,0.0,0.0,0.0
10405_G_GEN1,1,7,0.0,0.0,0.0
10405_G_GEN1,1,8,0.0,0.0,0.0
10405_G_GEN1,1,9,0.0,0.0,0.0
10405_G_GEN1,1,10,0.0,0.0,0.0
10405_G_GEN1,1,11,0.0,0.0,0.0
10405_G_GEN1,1,12,0.0,0.0,0.0
10405_G_GEN1,1,13,0.0,0.0,0.0
10405_G_GEN1,1,14,0.0,0.0,0.0
10405_G_GEN1,1,15,0.0,0.0,0.0
10405_G_GEN1,1,16,0.0,0.0,0.0
10405_G_GEN1,1,17,0.0,0.0,0.0
10405_G_GEN1,1,18,0.0,0.0,0.0
10405_G_GEN1,1,19,0.0,0.0,0.0
10405_G_GEN1,1,20,0.0,0.0,0.0
10405_G_GEN1,1,21,0.0,0.0,0.0
10405_G_GEN1,1,22,0.0,0.0,0.0
10405_G_GEN1,1,23,0.0,0.0,0.0
10405_G_GEN1,1,24,0.0,0.0,0.0
10405_G_GEN1,1,25,0.0,0.0,0.0
10405_G_GEN2,1,1,0.0,0.0,0.0
10405_G_GEN2,1,2,0.0,0.0,0.0
10405_G_GEN2,1,3,0.0,0.0,0.0
10405_G_GEN2,1,4,0.0,0.0,0.0
10405_G_GEN2,1,5,0.0,0.0,0.0
10405_G_GEN2,1,6,0.0,0.0,0.0
10405_G_GEN2,1,7,0.0,0.0,0.0
10405_G_GEN2,1,8,0.0,0.0,0.0
10405_G_GEN2,1,9,0.0,0.0,0.0
10405_G_GEN2,1,10,0.0,0.0,0.0
10405_G_GEN2,1,11,0.0,0.0,0.0
10405_G_GEN2,1,12,0.0,0.0,0.0
10405_G_GEN2,1,13,0.0,0.0,0.0
10405_G_GEN2,1,14,0.0,0.0,0.0
10405_G_GEN2,1,15,0.0,0.0,0.0
10405_G_GEN2,1,16,0.0,0.0,0.0
10405_G_GEN2,1,17,0.0,0.0,0.0
10405_G_GEN2,1,18,0.0,0.0,0.0
10405_G_GEN2,1,19,0.0,0.0,0.0
10405_G_GEN2,1,20,0.0,0.0,0.0
10405_G_GEN2,1,21,0.0,0.0,0.0
10405_G_GEN2,1,22,0.0,0.0,0.0
10405_G_GEN2,1,23,0.0,0.0,0.0
10405_G_GEN2,1,24,0.0,0.0,0.0
10405_G_GEN2,1,25,0.0,0.0,0.0
10472_B_B300,1,1,59.20000000000001,0.0,0.0
10472_B_B300,1,2,59.20000000000001,0.0,0.0
10472_B_B300,1,3,23.680000000000014,0.0,0.0
10472_B_B300,1,4,59.20000000000001,0.0,0.0
10472_B_B300,1,5,59.20000000000001,0.0,0.0
10472_B_B300,1,6,59.20000000000001,0.0,0.0
10472_B_B300,1,7,59.20000000000001,0.0,0.0
10472_B_B300,1,8,59.20000000000001,0.0,0.0
10472_B_B300,1,9,0.0,0.0,0.0
10472_B_B300,1,10,0.0,0.0,0.0
10472_B_B300,1,11,0.0,0.0,0.0
10472_B_B300,1,12,0.0,0.0,0.0
10472_B_B300,1,13,0.0,0.0,0.0
10472_B_B300,1,14,0.0,0.0,0.0
10472_B_B300,1,15,0.0,0.0,0.0
10472_B_B300,1,16,0.0,0.0,0.0
10472_B_B300,1,17,59.20000000000001,0.0,0.0
10472_B_B300,1,18,59.20000000000001,0.0,0.0
10472_B_B300,1,19,59.20000000000001,0.0,0.0
10472_B_B300,1,20,59.20000000000001,0.0,0.0
10472_B_B300,1,21,59.20000000000001,0.0,0.0
10472_B_B300,1,22,59.20000000000001,0.0,0.0
10472_B_B300,1,23,59.20000000000001,0.0,0.0
10472_B_B300,1,24,59.20000000000001,0.0,0.0
10472_B_B300,1,25,59.20000000000001,0.0,0.0
10479_G_T101,1,1,4.0,0.0,2.4
10479_G_T101,1,2,4.0,0.0,2.4
10479_G_T101,1,3,4.0,0.0,2.4
10479_G_T101,1,4,4.0,0.0,2.4
10479_G_T101,1,5,4.0,0.0,0.0
10479_G_T101,1,6,4.0,0.0,0.0
10479_G_T101,1,7,4.0,0.0,2.4
10479_G_T101,1,8,4.0,0.0,0.0
10479_G_T101,1,9,4.0,0.0,2.4
10479_G_T101,1,10,2.631999999999999,1.3679999999997785,0.0
10479_G_T101,1,11,4.0,0.0,2.4
10479_G_T101,1,12,4.0,0.0,2.4
10479_G_T101,1,13,4.0,0.0,2.4
10479_G_T101,1,14,2.632,1.3679999999995451,0.0
10479_G_T101,1,15,1.6,2.4,0.0
10479_G_T101,1,16,2.6319999999999997,1.367999999999773,0.0
10479_G_T101,1,17,4.0,0.0,0.0
10479_G_T101,1,18,4.0,0.0,0.0
10479_G_T101,1,19,4.0,0.0,0.0
10479_G_T101,1,20,4.0,0.0,0.0
10479_G_T101,1,21,4.0,0.0,0.0
10479_G_T101,1,22,4.0,0.0,0.0
10479_G_T101,1,23,4.0,0.0,0.0
10479_G_T101,1,24,4.0,0.0,0.0
10479_G_T101,1,25,4.0,0.0,2.4
10479_G_T102,1,1,4.0,0.0,2.4
10479_G_T102,1,2,4.0,0.0,2.4
10479_G_T102,1,3,4.0,0.0,2.4
10479_G_T102,1,4,4.0,0.0,2.4
10479_G_T102,1,5,4.0,0.0,0.0
10479_G_T102,1,6,4.0,0.0,0.0
10479_G_T102,1,7,4.0,0.0,2.4
10479_G_T102,1,8,4.0,0.0,0.0
10479_G_T102,1,9,4.0,0.0,2.4
10479_G_T102,1,10,2.6319999999999997,1.3680000000000003,0.0
10479_G_T102,1,11,4.0,0.0,2.4
10479_G_T102,1,12,4.0,0.0,2.4
10479_G_T102,1,13,4.0,0.0,2.4
10479_G_T102,1,14,2.632,1.3679999999999999,0.0
10479_G_T102,1,15,1.6,2.4,0.0
10479_G_T102,1,16,2.6319999999999997,1.3680000000000003,0.0
10479_G_T102,1,17,4.0,0.0,0.0
10479_G_T102,1,18,4.0,0.0,0.0
10479_G_T102,1,19,4.0,0.0,0.0
10479_G_T102,1,20,4.0,0.0,0.0
10479_G_T102,1,21,4.0,0.0,0.0
10479_G_T102,1,22,4.0,0.0,0.0
10479_G_T102,1,23,4.0,0.0,0.0
10479_G_T102,1,24,4.0,0.0,0.0
10479_G_T102,1,25,4.0,0.0,2.4
10479_G_T103,1,1,4.0,0.0,2.4
10479_G_T103,1,2,4.0,0.0,2.4
10479_G_T103,1,3,4.0,0.0,2.4
10479_G_T103,1,4,4.0,0.0,2.4
10479_G_T103,1,5,4.0,0.0,0.0
10479_G_T103,1,6,4.0,0.0,0.0
10479_G_T103,1,7,4.0,0.0,2.4
10479_G_T103,1,8,4.0,0.0,0.0
10479_G_T103,1,9,4.0,0.0,2.4
10479_G_T103,1,10,2.631999999999999,1.3680000000000059,0.0
10479_G_T103,1,11,4.0,0.0,2.4
10479_G_T103,1,12,4.0,0.0,2.4
10479_G_T103,1,13,4.0,0.0,2.4
10479_G_T103,1,14,2.632,1.3679999999999999,0.0
10479_G_T103,1,15,1.6,2.4,0.0
10479_G_T103,1,16,2.6319999999999997,1.3680000000000003,0.0
10479_G_T103,1,17,4.0,0.0,0.0
10479_G_T103,1,18,4.0,0.0,0.0
10479_G_T103,1,19,4.0,0.0,0.0
10479_G_T103,1,20,4.0,0.0,0.0
10479_G_T103,1,21,4.0,0.0,0.0
10479_G_T103,1,22,4.0,0.0,0.0
10479_G_T103,1,23,4.0,0.0,0.0
10479_G_T103,1,24,4.0,0.0,0.0
10479_G_T103,1,25,4.0,0.0,2.4
10480_G_GEN1,1,1,3.2,0.0,1.92
10480_G_GEN1,1,2,3.2,0.0,1.92
10480_G_GEN1,1,3,3.2,0.0,1.92
10480_G_GEN1,1,4,3.2,0.0,1.92
10480_G_GEN1,1,5,3.2,0.0,0.0
10480_G_GEN1,1,6,3.2,0.0,0.0
10480_G_GEN1,1,7,3.2,0.0,1.92
10480_G_GEN1,1,8,3.2,0.0,0.0
10480_G_GEN1,1,9,3.2,0.0,1.92
10480_G_GEN1,1,10,2.105599999999998,1.0944000000000058,0.0
10480_G_GEN1,1,11,3.2,0.0,1.92
10480_G_GEN1,1,12,3.2,0.0,1.92
10480_G_GEN1,1,13,3.2,0.0,1.92
10480_G_GEN1,1,14,2.1056,1.0944000000000003,0.0
10480_G_GEN1,1,15,1.2800000000000002,1.92,0.0
10480_G_GEN1,1,16,2.105599999999999,1.094400000000005,0.0
10480_G_GEN1,1,17,3.2,0.0,0.0
10480_G_GEN1,1,18,3.2,0.0,0.0
10480_G_GEN1,1,19,3.2,0.0,0.0
10480_G_GEN1,1,20,3.2,0.0,0.0
10480_G_GEN1,1,21,3.2,0.0,0.0
10480_G_GEN1,1,22,3.2,0.0,0.0
10480_G_GEN1,1,23,3.2,0.0,0.0
10480_G_GEN1,1,24,3.2,0.0,0.0
10480_G_GEN1,1,25,3.2,0.0,1.92
10480_G_GEN2,1,1,3.2,0.0,1.92
10480_G_GEN2,1,2,3.2,0.0,1.92
10480_G_GEN2,1,3,3.2,0.0,1.92
10480_G_GEN2,1,4,3.2,0.0,1.92
10480_G_GEN2,1,5,3.2,0.0,0.0
10480_G_GEN2,1,6,3.2,0.0,0.0
10480_G_GEN2,1,7,3.2,0.0,1.92
10480_G_GEN2,1,8,3.2,0.0,0.0
10480_G_GEN2,1,9,3.2,0.0,1.92
10480_G_GEN2,1,10,2.105599999999998,1.0944000000000058,0.0
10480_G_GEN2,1,11,3.2,0.0,1.92
10480_G_GEN2,1,12,3.2,0.0,1.92
10480_G_GEN2,1,13,3.2,0.0,1.92
10480_G_GEN2,1,14,2.105599999999998,1.0944000000000058,0.0
10480_G_GEN2,1,15,1.2800000000000002,1.92,0.0
10480_G_GEN2,1,16,2.1056,1.0944000000000003,0.0
10480_G_GEN2,1,17,3.2,0.0,0.0
10480_G_GEN2,1,18,3.2,0.0,0.0
10480_G_GEN2,1,19,3.2,0.0,0.0
10480_G_GEN2,1,20,3.2,0.0,0.0
10480_G_GEN2,1,21,3.2,0.0,0.0
10480_G_GEN2,1,22,3.2,0.0,0.0
10480_G_GEN2,1,23,3.2,0.0,0.0
10480_G_GEN2,1,24,3.2,0.0,0.0
10480_G_GEN2,1,25,3.2,0.0,1.92
10481_G_1,1,1,3.0,0.0,1.7999999999999998
10481_G_1,1,2,3.0,0.0,1.7999999999999998
10481_G_1,1,3,3.0,0.0,1.7999999999999998
10481_G_1,1,4,3.0,0.0,1.7999999999999998
10481_G_1,1,5,3.0,0.0,0.0
10481_G_1,1,6,3.0,0.0,0.0
10481_G_1,1,7,3.0,0.0,1.7999999999999998
10481_G_1,1,8,3.0,0.0,0.0
10481_G_1,1,9,3.0,0.0,1.7999999999999998
10481_G_1,1,10,1.9739999999999984,1.0260000000000054,0.0
10481_G_1,1,11,3.0,0.0,1.7999999999999998
10481_G_1,1,12,3.0,0.0,1.7999999999999998
10481_G_1,1,13,3.0,0.0,1.7999999999999998
10481_G_1,1,14,1.9740000000000002,1.0259999999999998,0.0
10481_G_1,1,15,1.2000000000000002,1.7999999999999998,0.0
10481_G_1,1,16,1.974,1.026,0.0
10481_G_1,1,17,3.0,0.0,0.0
10481_G_1,1,18,3.0,0.0,0.0
10481_G_1,1,19,3.0,0.0,0.0
10481_G_1,1,20,3.0,0.0,0.0
10481_G_1,1,21,3.0,0.0,0.0
10481_G_1,1,22,3.0,0.0,0.0
10481_G_1,1,23,3.0,0.0,0.0
10481_G_1,1,24,3.0,0.0,0.0
10481_G_1,1,25,3.0,0.0,1.7999999999999998
10481_G_2,1,1,3.0,0.0,1.7999999999999998
10481_G_2,1,2,3.0,0.0,1.7999999999999998
10481_G_2,1,3,3.0,0.0,1.7999999999999998
10481_G_2,1,4,3.0,0.0,1.7999999999999998
10481_G_2,1,5,3.0,0.0,0.0
10481_G_2,1,6,3.0,0.0,0.0
10481_G_2,1,7,3.0,0.0,1.7999999999999998
10481_G_2,1,8,3.0,0.0,0.0
10481_G_2,1,9,3.0,0.0,1.7999999999999998
10481_G_2,1,10,1.9739999999999984,1.0260000000000054,0.0
10481_G_2,1,11,3.0,0.0,1.7999999999999998
10481_G_2,1,12,3.0,0.0,1.7999999999999998
10481_G_2,1,13,3.0,0.0,1.7999999999999998
10481_G_2,1,14,1.9740000000000002,1.0259999999999998,0.0
10481_G_2,1,15,1.2000000000000002,1.7999999999999998,0.0
10481_G_2,1,16,1.974,1.026,0.0
10481_G_2,1,17,3.0,0.0,0.0
10481_G_2,1,18,3.0,0.0,0.0
10481_G_2,1,19,3.0,0.0,0.0
10481_G_2,1,20,3.0,0.0,0.0
10481_G_2,1,21,3.0,0.0,0.0
10481_G_2,1,22,3.0,0.0,0.0
10481_G_2,1,23,3.0,0.0,0.0
10481_G_2,1,24,3.0,0.0,0.0
10481_G_2,1,25,3.0,0.0,1.7999999999999998
10481_G_3,1,1,3.0,0.0,1.7999999999999998
10481_G_3,1,2,3.0,0.0,1.7999999999999998
10481_G_3,1,3,3.0,0.0,1.7999999999999998
10481_G_3,1,4,3.0,0.0,1.7999999999999998
10481_G_3,1,5,3.0,0.0,0.0
10481_G_3,1,6,3.0,0.0,0.0
10481_G_3,1,7,3.0,0.0,1.7999999999999998
10481_G_3,1,8,3.0,0.0,0.0
10481_G_3,1,9,3.0,0.0,1.7999999999999998
10481_G_3,1,10,1.9739999999999984,1.0260000000000054,0.0
10481_G_3,1,11,3.0,0.0,1.7999999999999998
10481_G_3,1,12,3.0,0.0,1.7999999999999998
10481_G_3,1,13,3.0,0.0,1.7999999999999998
10481_G_3,1,14,1.9740000000000002,1.0259999999999998,0.0
10481_G_3,1,15,1.2000000000000002,1.7999999999999998,0.0
10481_G_3,1,16,1.974,1.026,0.0
10481_G_3,1,17,3.0,0.0,0.0
10481_G_3,1,18,3.0,0.0,0.0
10481_G_3,1,19,3.0,0.0,0.0
10481_G_3,1,20,3.0,0.0,0.0
10481_G_3,1,21,3.0,0.0,0.0
10481_G_3,1,22,3.0,0.0,0.0
10481_G_3,1,23,3.0,0.0,0.0
10481_G_3,1,24,3.0,0.0,0.0
10481_G_3,1,25,3.0,0.0,1.7999999999999998
10496_G_GTAG,1,1,0.0,0.0,0.0
10496_G_GTAG,1,2,0.0,0.0,0.0
10496_G_GTAG,1,3,0.0,0.0,0.0
10496_G_GTAG,1,4,0.0,0.0,0.0
10496_G_GTAG,1,5,0.0,0.0,0.0
10496_G_GTAG,1,6,0.0,0.0,0.0
10496_G_GTAG,1,7,0.0,0.0,0.0
10496_G_GTAG,1,8,0.0,0.0,0.0
10496_G_GTAG,1,9,0.0,0.0,0.0
10496_G_GTAG,1,10,0.0,0.0,0.0
10496_G_GTAG,1,11,0.0,0.0,0.0
10496_G_GTAG,1,12,0.0,0.0,0.0
10496_G_GTAG,1,13,0.0,0.0,0.0
10496_G_GTAG,1,14,0.0,0.0,0.0
10496_G_GTAG,1,15,0.0,0.0,0.0
10496_G_GTAG,1,16,0.0,0.0,0.0
10496_G_GTAG,1,17,0.0,0.0,0.0
10496_G_GTAG,1,18,217.85120000000012,0.0,0.0
10496_G_GTAG,1,19,117.44,0.0,0.0
10496_G_GTAG,1,20,0.0,0.0,0.0
10496_G_GTAG,1,21,0.0,0.0,0.0
10496_G_GTAG,1,22,0.0,0.0,0.0
10496_G_GTAG,1,23,0.0,0.0,0.0
10496_G_GTAG,1,24,0.0,0.0,0.0
10496_G_GTAG,1,25,0.0,0.0,0.0
10601_G_GEN1,1,1,44.8,0.0,0.0
10601_G_GEN1,1,2,44.8,0.0,0.0
10601_G_GEN1,1,3,44.8,0.0,0.0
10601_G_GEN1,1,4,44.8,0.0,0.0
10601_G_GEN1,1,5,44.8,0.0,0.0
10601_G_GEN1,1,6,44.8,0.0,0.0
10601_G_GEN1,1,7,44.8,0.0,0.0
10601_G_GEN1,1,8,44.8,0.0,0.0
10601_G_GEN1,1,9,17.919999999999995,0.0,0.0
10601_G_GEN1,1,10,17.919999999999995,0.0,0.0
10601_G_GEN1,1,11,17.919999999999995,0.0,0.0
10601_G_GEN1,1,12,17.919999999999995,0.0,0.0
10601_G_GEN1,1,13,17.919999999999995,0.0,0.0
10601_G_GEN1,1,14,17.919999999999995,0.0,0.0
10601_G_GEN1,1,15,17.919999999999995,0.0,0.0
10601_G_GEN1,1,16,17.919999999999995,0.0,0.0
10601_G_GEN1,1,17,44.8,0.0,0.0
10601_G_GEN1,1,18,44.8,0.0,0.0
10601_G_GEN1,1,19,44.8,0.0,0.0
10601_G_GEN1,1,20,44.8,0.0,0.0
10601_G_GEN1,1,21,44.8,0.0,0.0
10601_G_GEN1,1,22,44.8,0.0,0.0
10601_G_GEN1,1,23,44.8,0.0,0.0
10601_G_GEN1,1,24,44.8,0.0,0.0
10601_G_GEN1,1,25,44.8,0.0,0.0
10623_G_GEN1,1,1,0.0,0.0,0.0
10623_G_GEN1,1,2,0.0,0.0,0.0
10623_G_GEN1,1,3,0.0,0.0,0.0
10623_G_GEN1,1,4,0.0,0.0,0.0
10623_G_GEN1,1,5,0.0,0.0,0.0
10623_G_GEN1,1,6,0.0,0.0,0.0
10623_G_GEN1,1,7,0.0,0.0,0.0
10623_G_GEN1,1,8,0.0,0.0,0.0
10623_G_GEN1,1,9,0.0,0.0,0.0
10623_G_GEN1,1,10,0.0,0.0,0.0
10623_G_GEN1,1,11,0.0,0.0,0.0
10623_G_GEN1,1,12,0.0,0.0,0.0
10623_G_GEN1,1,13,0.0,0.0,0.0
10623_G_GEN1,1,14,0.0,0.0,0.0
10623_G_GEN1,1,15,0.0,0.0,0.0
10623_G_GEN1,1,16,0.0,0.0,0.0
10623_G_GEN1,1,17,0.0,0.0,0.0
10623_G_GEN1,1,18,0.0,0.0,0.0
10623_G_GEN1,1,19,0.0,0.0,0.0
10623_G_GEN1,1,20,0.0,0.0,0.0
10623_G_GEN1,1,21,0.0,0.0,0.0
10623_G_GEN1,1,22,0.0,0.0,0.0
10623_G_GEN1,1,23,0.0,0.0,0.0
10623_G_GEN1,1,24,0.0,0.0,0.0
10623_G_GEN1,1,25,0.0,0.0,0.0
10623_G_GEN2,1,1,0.0,0.0,0.0
10623_G_GEN2,1,2,0.0,0.0,0.0
10623_G_GEN2,1,3,0.0,0.0,0.0
10623_G_GEN2,1,4,0.0,0.0,0.0
10623_G_GEN2,1,5,0.0,0.0,0.0
10623_G_GEN2,1,6,0.0,0.0,0.0
10623_G_GEN2,1,7,0.0,0.0,0.0
10623_G_GEN2,1,8,0.0,0.0,0.0
10623_G_GEN2,1,9,0.0,0.0,0.0
10623_G_GEN2,1,10,0.0,0.0,0.0
10623_G_GEN2,1,11,0.0,0.0,0.0
10623_G_GEN2,1,12,0.0,0.0,0.0
10623_G_GEN2,1,13,0.0,0.0,0.0
10623_G_GEN2,1,14,0.0,0.0,0.0
10623_G_GEN2,1,15,0.0,0.0,0.0
10623_G_GEN2,1,16,0.0,0.0,0.0
10623_G_GEN2,1,17,0.0,0.0,0.0
10623_G_GEN2,1,18,0.0,0.0,0.0
10623_G_GEN2,1,19,0.0,0.0,0.0
10623_G_GEN2,1,20,0.0,0.0,0.0
10623_G_GEN2,1,21,0.0,0.0,0.0
10623_G_GEN2,1,22,0.0,0.0,0.0
10623_G_GEN2,1,23,0.0,0.0,0.0
10623_G_GEN2,1,24,0.0,0.0,0.0
10623_G_GEN2,1,25,0.0,0.0,0.0
10631_G_GEN1,1,1,42.0,0.0,25.2
10631_G_GEN1,1,2,42.0,0.0,25.2
10631_G_GEN1,1,3,42.0,0.0,25.2
10631_G_GEN1,1,4,42.0,0.0,25.2
10631_G_GEN1,1,5,42.0,0.0,0.0
10631_G_GEN1,1,6,42.0,0.0,0.0
10631_G_GEN1,1,7,42.0,0.0,25.2
10631_G_GEN1,1,8,42.0,0.0,0.0
10631_G_GEN1,1,9,42.0,0.0,25.2
10631_G_GEN1,1,10,27.63599999999998,14.364000000000058,0.0
10631_G_GEN1,1,11,42.0,0.0,25.2
10631_G_GEN1,1,12,42.0,0.0,25.2
10631_G_GEN1,1,13,42.0,0.0,25.2
10631_G_GEN1,1,14,27.636,14.364,0.0
10631_G_GEN1,1,15,16.8,25.2,0.0
10631_G_GEN1,1,16,27.636,14.364,0.0
10631_G_GEN1,1,17,42.0,0.0,0.0
10631_G_GEN1,1,18,42.0,0.0,0.0
10631_G_GEN1,1,19,42.0,0.0,0.0
10631_G_GEN1,1,20,42.0,0.0,0.0
10631_G_GEN1,1,21,42.0,0.0,0.0
10631_G_GEN1,1,22,42.0,0.0,0.0
10631_G_GEN1,1,23,42.0,0.0,0.0
10631_G_GEN1,1,24,42.0,0.0,0.0
10631_G_GEN1,1,25,42.0,0.0,25.2
10632_G_GEN1,1,1,42.0,0.0,25.2
10632_G_GEN1,1,2,42.0,0.0,25.2
10632_G_GEN1,1,3,42.0,0.0,25.2
10632_G_GEN1,1,4,42.0,0.0,25.2
10632_G_GEN1,1,5,42.0,0.0,0.0
10632_G_GEN1,1,6,42.0,0.0,0.0
10632_G_GEN1,1,7,42.0,0.0,25.2
10632_G_GEN1,1,8,42.0,0.0,0.0
10632_G_GEN1,1,9,42.0,0.0,25.2
10632_G_GEN1,1,10,27.636,14.364,0.0
10632_G_GEN1,1,11,42.0,0.0,25.2
10632_G_GEN1,1,12,42.0,0.0,25.2
10632_G_GEN1,1,13,42.0,0.0,25.2
10632_G_GEN1,1,14,27.636,14.364,0.0
10632_G_GEN1,1,15,16.8,25.2,0.0
10632_G_GEN1,1,16,27.636,14.364,0.0
10632_G_GEN1,1,17,42.0,0.0,0.0
10632_G_GEN1,1,18,42.0,0.0,0.0
10632_G_GEN1,1,19,42.0,0.0,0.0
10632_G_GEN1,1,20,42.0,0.0,0.0
10632_G_GEN1,1,21,42.0,0.0,0.0
10632_G_GEN1,1,22,42.0,0.0,0.0
10632_G_GEN1,1,23,42.0,0.0,0.0
10632_G_GEN1,1,24,42.0,0.0,0.0
10632_G_GEN1,1,25,42.0,0.0,25.2
10634_G_GEN1,1,1,42.0,0.0,25.2
10634_G_GEN1,1,2,42.0,0.0,25.2
10634_G_GEN1,1,3,42.0,0.0,25.2
10634_G_GEN1,1,4,42.0,0.0,25.2
10634_G_GEN1,1,5,42.0,0.0,0.0
10634_G_GEN1,1,6,42.0,0.0,0.0
10634_G_GEN1,1,7,42.0,0.0,25.2
10634_G_GEN1,1,8,42.0,0.0,0.0
10634_G_GEN1,1,9,42.0,0.0,25.2
10634_G_GEN1,1,10,27.636,14.364,0.0
10634_G_GEN1,1,11,42.0,0.0,25.2
10634_G_GEN1,1,12,42.0,0.0,25.2
10634_G_GEN1,1,13,42.0,0.0,25.2
10634_G_GEN1,1,14,27.635999999999978,14.364000000000061,0.0
10634_G_GEN1,1,15,16.8,25.2,0.0
10634_G_GEN1,1,16,27.636,14.364,0.0
10634_G_GEN1,1,17,42.0,0.0,0.0
10634_G_GEN1,1,18,42.0,0.0,0.0
10634_G_GEN1,1,19,42.0,0.0,0.0
10634_G_GEN1,1,20,42.0,0.0,0.0
10634_G_GEN1,1,21,42.0,0.0,0.0
10634_G_GEN1,1,22,42.0,0.0,0.0
10634_G_GEN1,1,23,42.0,0.0,0.0
10634_G_GEN1,1,24,42.0,0.0,0.0
10634_G_GEN1,1,25,42.0,0.0,25.2
10661_B_4,1,1,35.0,0.0,0.0
10661_B_4,1,2,35.0,0.0,0.0
10661_B_4,1,3,35.0,0.0,0.0
10661_B_4,1,4,35.0,0.0,0.0
10661_B_4,1,5,35.0,0.0,0.0
10661_B_4,1,6,35.0,0.0,0.0
10661_B_4,1,7,35.0,0.0,0.0
10661_B_4,1,8,35.0,0.0,0.0
10661_B_4,1,9,14.0,0.0,0.0
10661_B_4,1,10,14.0,0.0,0.0
10661_B_4,1,11,14.0,0.0,0.0
10661_B_4,1,12,14.0,0.0,0.0
10661_B_4,1,13,14.0,0.0,0.0
10661_B_4,1,14,14.0,0.0,0.0
10661_B_4,1,15,14.0,0.0,0.0
10661_B_4,1,16,14.0,0.0,0.0
10661_B_4,1,17,35.0,0.0,0.0
10661_B_4,1,18,35.0,0.0,0.0
10661_B_4,1,19,35.0,0.0,0.0
10661_B_4,1,20,35.0,0.0,0.0
10661_B_4,1,21,35.0,0.0,0.0
10661_B_4,1,22,35.0,0.0,0.0
10661_B_4,1,23,35.0,0.0,0.0
10661_B_4,1,24,35.0,0.0,0.0
10661_B_4,1,25,35.0,0.0,0.0
10684_B_BLR22,1,1,0.0,0.0,0.0
10684_B_BLR22,1,2,0.0,0.0,0.0
10684_B_BLR22,1,3,0.0,0.0,0.0
10684_B_BLR22,1,4,0.0,0.0,0.0
10684_B_BLR22,1,5,0.0,0.0,0.0
10684_B_BLR22,1,6,0.0,0.0,0.0
10684_B_BLR22,1,7,0.0,0.0,0.0
10684_B_BLR22,1,8,0.0,0.0,0.0
10684_B_BLR22,1,9,0.0,0.0,0.0
10684_B_BLR22,1,10,0.0,0.0,0.0
10684_B_BLR22,1,11,0.0,0.0,0.0
10684_B_BLR22,1,12,0.0,0.0,0.0
10684_B_BLR22,1,13,0.0,0.0,0.0
10684_B_BLR22,1,14,0.0,0.0,0.0
10684_B_BLR22,1,15,0.0,0.0,0.0
10684_B_BLR22,1,16,0.0,0.0,0.0
10684_B_BLR22,1,17,0.0,0.0,0.0
10684_B_BLR22,1,18,0.0,0.0,0.0
10684_B_BLR22,1,19,0.0,0.0,0.0
10684_B_BLR22,1,20,0.0,0.0,0.0
10684_B_BLR22,1,21,0.0,0.0,0.0
10684_B_BLR22,1,22,0.0,0.0,0.0
10684_B_BLR22,1,23,0.0,0.0,0.0
10684_B_BLR22,1,24,0.0,0.0,0.0
10684_B_BLR22,1,25,0.0,0.0,0.0
10748_G_U4J16,1,1,37.0,0.0,0.0
10748_G_U4J16,1,2,37.0,0.0,0.0
10748_G_U4J16,1,3,14.800000000000004,0.0,0.0
10748_G_U4J16,1,4,37.0,0.0,0.0
10748_G_U4J16,1,5,37.0,0.0,0.0
10748_G_U4J16,1,6,37.0,0.0,0.0
10748_G_U4J16,1,7,37.0,0.0,0.0
10748_G_U4J16,1,8,37.0,0.0,0.0
10748_G_U4J16,1,9,0.0,0.0,0.0
10748_G_U4J16,1,10,0.0,0.0,0.0
10748_G_U4J16,1,11,0.0,0.0,0.0
10748_G_U4J16,1,12,0.0,0.0,0.0
10748_G_U4J16,1,13,0.0,0.0,0.0
10748_G_U4J16,1,14,0.0,0.0,0.0
10748_G_U4J16,1,15,0.0,0.0,0.0
10748_G_U4J16,1,16,0.0,0.0,0.0
10748_G_U4J16,1,17,37.0,0.0,0.0
10748_G_U4J16,1,18,37.0,0.0,0.0
10748_G_U4J16,1,19,37.0,0.0,0.0
10748_G_U4J16,1,20,37.0,0.0,0.0
10748_G_U4J16,1,21,37.0,0.0,0.0
10748_G_U4J16,1,22,37.0,0.0,0.0
10748_G_U4J16,1,23,37.0,0.0,0.0
10748_G_U4J16,1,24,37.0,0.0,0.0
10748_G_U4J16,1,25,37.0,0.0,0.0
10759_G_GEN1,1,1,47.5,0.0,28.5
10759_G_GEN1,1,2,47.5,0.0,28.5
10759_G_GEN1,1,3,47.5,0.0,28.5
10759_G_GEN1,1,4,47.5,0.0,28.5
10759_G_GEN1,1,5,47.5,0.0,0.0
10759_G_GEN1,1,6,47.5,0.0,0.0
10759_G_GEN1,1,7,47.5,0.0,28.5
10759_G_GEN1,1,8,47.5,0.0,0.0
10759_G_GEN1,1,9,47.5,0.0,28.5
10759_G_GEN1,1,10,31.254999999999995,16.245000000000005,0.0
10759_G_GEN1,1,11,47.5,0.0,28.5
10759_G_GEN1,1,12,47.5,0.0,28.5
10759_G_GEN1,1,13,47.5,0.0,28.5
10759_G_GEN1,1,14,31.254999999999928,16.24500000000011,0.0
10759_G_GEN1,1,15,19.0,28.5,0.0
10759_G_GEN1,1,16,31.254999999999967,16.245000000000044,0.0
10759_G_GEN1,1,17,47.5,0.0,0.0
10759_G_GEN1,1,18,47.5,0.0,0.0
10759_G_GEN1,1,19,47.5,0.0,0.0
10759_G_GEN1,1,20,47.5,0.0,0.0
10759_G_GEN1,1,21,47.5,0.0,0.0
10759_G_GEN1,1,22,47.5,0.0,0.0
10759_G_GEN1,1,23,47.5,0.0,0.0
10759_G_GEN1,1,24,47.5,0.0,0.0
10759_G_GEN1,1,25,47.5,0.0,28.5
10763_G_GBU,1,1,3.2,0.0,1.92
10763_G_GBU,1,2,3.2,0.0,1.92
10763_G_GBU,1,3,3.2,0.0,1.92
10763_G_GBU,1,4,3.2,0.0,1.92
10763_G_GBU,1,5,3.2,0.0,0.0
10763_G_GBU,1,6,3.2,0.0,0.0
10763_G_GBU,1,7,3.2,0.0,1.92
10763_G_GBU,1,8,3.2,0.0,0.0
10763_G_GBU,1,9,3.2,0.0,1.92
10763_G_GBU,1,10,2.1055999999999955,1.0944000000000085,0.0
10763_G_GBU,1,11,3.2,0.0,1.92
10763_G_GBU,1,12,3.2,0.0,1.92
10763_G_GBU,1,13,3.2,0.0,1.92
10763_G_GBU,1,14,2.1055999999999955,1.0944000000000085,0.0
10763_G_GBU,1,15,1.2800000000000002,1.92,0.0
10763_G_GBU,1,16,2.1056,1.0944000000000003,0.0
10763_G_GBU,1,17,3.2,0.0,0.0
10763_G_GBU,1,18,3.2,0.0,0.0
10763_G_GBU,1,19,3.2,0.0,0.0
10763_G_GBU,1,20,3.2,0.0,0.0
10763_G_GBU,1,21,3.2,0.0,0.0
10763_G_GBU,1,22,3.2,0.0,0.0
10763_G_GBU,1,23,3.2,0.0,0.0
10763_G_GBU,1,24,3.2,0.0,0.0
10763_G_GBU,1,25,3.2,0.0,1.92
10763_G_GEN1,1,1,13.5,0.0,8.1
10763_G_GEN1,1,2,13.5,0.0,8.1
10763_G_GEN1,1,3,13.5,0.0,8.1
10763_G_GEN1,1,4,13.5,0.0,8.1
10763_G_GEN1,1,5,13.5,0.0,0.0
10763_G_GEN1,1,6,13.5,0.0,0.0
10763_G_GEN1,1,7,13.5,0.0,8.1
10763_G_GEN1,1,8,13.5,0.0,0.0
10763_G_GEN1,1,9,13.5,0.0,8.1
10763_G_GEN1,1,10,8.883,4.617000000000005,0.0
10763_G_GEN1,1,11,13.5,0.0,8.1
10763_G_GEN1,1,12,13.5,0.0,8.1
10763_G_GEN1,1,13,13.5,0.0,8.1
10763_G_GEN1,1,14,8.883000000000001,4.616999999999999,0.0
10763_G_GEN1,1,15,5.4,8.1,0.0
10763_G_GEN1,1,16,8.882999999999992,4.617000000000023,0.0
10763_G_GEN1,1,17,13.5,0.0,0.0
10763_G_GEN1,1,18,13.5,0.0,0.0
10763_G_GEN1,1,19,13.5,0.0,0.0
10763_G_GEN1,1,20,13.5,0.0,0.0
10763_G_GEN1,1,21,13.5,0.0,0.0
10763_G_GEN1,1,22,13.5,0.0,0.0
10763_G_GEN1,1,23,13.5,0.0,0.0
10763_G_GEN1,1,24,13.5,0.0,0.0
10763_G_GEN1,1,25,13.5,0.0,8.1
10873_G_GEN1,1,1,27.5,0.0,16.5
10873_G_GEN1,1,2,27.5,0.0,16.5
10873_G_GEN1,1,3,27.5,0.0,16.5
10873_G_GEN1,1,4,27.5,0.0,16.5
10873_G_GEN1,1,5,27.5,0.0,0.0
10873_G_GEN1,1,6,27.5,0.0,0.0
10873_G_GEN1,1,7,27.5,0.0,16.5
10873_G_GEN1,1,8,27.5,0.0,0.0
10873_G_GEN1,1,9,27.5,0.0,16.5
10873_G_GEN1,1,10,18.095,9.405000000000001,0.0
10873_G_GEN1,1,11,27.5,0.0,16.5
10873_G_GEN1,1,12,27.5,0.0,16.5
10873_G_GEN1,1,13,27.5,0.0,16.5
10873_G_GEN1,1,14,18.095,9.405000000000001,0.0
10873_G_GEN1,1,15,11.0,16.5,0.0
10873_G_GEN1,1,16,18.09499999999998,9.405000000000049,0.0
10873_G_GEN1,1,17,27.5,0.0,0.0
10873_G_GEN1,1,18,27.5,0.0,0.0
10873_G_GEN1,1,19,27.5,0.0,0.0
10873_G_GEN1,1,20,27.5,0.0,0.0
10873_G_GEN1,1,21,27.5,0.0,0.0
10873_G_GEN1,1,22,27.5,0.0,0.0
10873_G_GEN1,1,23,27.5,0.0,0.0
10873_G_GEN1,1,24,27.5,0.0,0.0
10873_G_GEN1,1,25,27.5,0.0,16.5
10873_G_GEN2,1,1,27.0,0.0,16.2
10873_G_GEN2,1,2,27.0,0.0,16.2
10873_G_GEN2,1,3,27.0,0.0,16.2
10873_G_GEN2,1,4,27.0,0.0,16.2
10873_G_GEN2,1,5,27.0,0.0,0.0
10873_G_GEN2,1,6,27.0,0.0,0.0
10873_G_GEN2,1,7,27.0,0.0,16.2
10873_G_GEN2,1,8,27.0,0.0,0.0
10873_G_GEN2,1,9,27.0,0.0,16.2
10873_G_GEN2,1,10,17.766,9.234000000000002,0.0
10873_G_GEN2,1,11,27.0,0.0,16.2
10873_G_GEN2,1,12,27.0,0.0,16.2
10873_G_GEN2,1,13,27.0,0.0,16.2
10873_G_GEN2,1,14,17.766000000000002,9.234000000000007,0.0
10873_G_GEN2,1,15,10.8,16.2,0.0
10873_G_GEN2,1,16,17.766,9.234000000000002,0.0
10873_G_GEN2,1,17,27.0,0.0,0.0
10873_G_GEN2,1,18,27.0,0.0,0.0
10873_G_GEN2,1,19,27.0,0.0,0.0
10873_G_GEN2,1,20,27.0,0.0,0.0
10873_G_GEN2,1,21,27.0,0.0,0.0
10873_G_GEN2,1,22,27.0,0.0,0.0
10873_G_GEN2,1,23,27.0,0.0,0.0
10873_G_GEN2,1,24,27.0,0.0,0.0
10873_G_GEN2,1,25,27.0,0.0,16.2
10873_G_GEN3,1,1,26.7,0.0,16.02
10873_G_GEN3,1,2,26.7,0.0,16.02
10873_G_GEN3,1,3,26.7,0.0,16.02
10873_G_GEN3,1,4,26.7,0.0,16.02
10873_G_GEN3,1,5,26.7,0.0,0.0
10873_G_GEN3,1,6,26.7,0.0,0.0
10873_G_GEN3,1,7,26.7,0.0,16.02
10873_G_GEN3,1,8,26.7,0.0,0.0
10873_G_GEN3,1,9,26.7,0.0,16.02
10873_G_GEN3,1,10,17.568599999999968,9.131400000000061,0.0
10873_G_GEN3,1,11,26.7,0.0,16.02
10873_G_GEN3,1,12,26.7,0.0,16.02
10873_G_GEN3,1,13,26.7,0.0,16.02
10873_G_GEN3,1,14,17.5686,9.1314,0.0
10873_G_GEN3,1,15,10.68,16.02,0.0
10873_G_GEN3,1,16,17.568599999999986,9.131400000000044,0.0
10873_G_GEN3,1,17,26.7,0.0,0.0
10873_G_GEN3,1,18,26.7,0.0,0.0
10873_G_GEN3,1,19,26.7,0.0,0.0
10873_G_GEN3,1,20,26.7,0.0,0.0
10873_G_GEN3,1,21,26.7,0.0,0.0
10873_G_GEN3,1,22,26.7,0.0,0.0
10873_G_GEN3,1,23,26.7,0.0,0.0
10873_G_GEN3,1,24,26.7,0.0,0.0
10873_G_GEN3,1,25,26.7,0.0,16.02
10874_G_GEN4,1,1,30.0,0.0,18.0
10874_G_GEN4,1,2,30.0,0.0,18.0
10874_G_GEN4,1,3,30.0,0.0,18.0
10874_G_GEN4,1,4,30.0,0.0,18.0
10874_G_GEN4,1,5,30.0,0.0,0.0
10874_G_GEN4,1,6,30.0,0.0,0.0
10874_G_GEN4,1,7,30.0,0.0,18.0
10874_G_GEN4,1,8,30.0,0.0,0.0
10874_G_GEN4,1,9,30.0,0.0,18.0
10874_G_GEN4,1,10,19.73999999999996,10.26000000000007,0.0
10874_G_GEN4,1,11,30.0,0.0,18.0
10874_G_GEN4,1,12,30.0,0.0,18.0
10874_G_GEN4,1,13,30.0,0.0,18.0
10874_G_GEN4,1,14,19.74,10.26000000000001,0.0
10874_G_GEN4,1,15,12.0,18.0,0.0
10874_G_GEN4,1,16,19.73999999999997,10.26000000000006,0.0
10874_G_GEN4,1,17,30.0,0.0,0.0
10874_G_GEN4,1,18,30.0,0.0,0.0
10874_G_GEN4,1,19,30.0,0.0,0.0
10874_G_GEN4,1,20,30.0,0.0,0.0
10874_G_GEN4,1,21,30.0,0.0,0.0
10874_G_GEN4,1,22,30.0,0.0,0.0
10874_G_GEN4,1,23,30.0,0.0,0.0
10874_G_GEN4,1,24,30.0,0.0,0.0
10874_G_GEN4,1,25,30.0,0.0,18.0
10874_G_GEN5,1,1,23.4,0.0,14.04
10874_G_GEN5,1,2,23.4,0.0,14.04
10874_G_GEN5,1,3,23.4,0.0,14.04
10874_G_GEN5,1,4,23.4,0.0,14.04
10874_G_GEN5,1,5,23.4,0.0,0.0
10874_G_GEN5,1,6,23.4,0.0,0.0
10874_G_GEN5,1,7,23.4,0.0,14.04
10874_G_GEN5,1,8,23.4,0.0,0.0
10874_G_GEN5,1,9,23.4,0.0,14.04
10874_G_GEN5,1,10,15.397199999999962,8.002800000000056,0.0
10874_G_GEN5,1,11,23.4,0.0,14.04
10874_G_GEN5,1,12,23.4,0.0,14.04
10874_G_GEN5,1,13,23.4,0.0,14.04
10874_G_GEN5,1,14,15.397199999999964,8.002800000000054,0.0
10874_G_GEN5,1,15,9.36,14.04,0.0
10874_G_GEN5,1,16,15.397199999999998,8.002800000000006,0.0
10874_G_GEN5,1,17,23.4,0.0,0.0
10874_G_GEN5,1,18,23.4,0.0,0.0
10874_G_GEN5,1,19,23.4,0.0,0.0
10874_G_GEN5,1,20,23.4,0.0,0.0
10874_G_GEN5,1,21,23.4,0.0,0.0
10874_G_GEN5,1,22,23.4,0.0,0.0
10874_G_GEN5,1,23,23.4,0.0,0.0
10874_G_GEN5,1,24,23.4,0.0,0.0
10874_G_GEN5,1,25,23.4,0.0,14.04
10874_G_GEN6,1,1,26.9,0.0,16.14
10874_G_GEN6,1,2,26.9,0.0,16.14
10874_G_GEN6,1,3,26.9,0.0,16.14
10874_G_GEN6,1,4,26.9,0.0,16.14
10874_G_GEN6,1,5,26.9,0.0,0.0
10874_G_GEN6,1,6,26.9,0.0,0.0
10874_G_GEN6,1,7,26.9,0.0,16.14
10874_G_GEN6,1,8,26.9,0.0,0.0
10874_G_GEN6,1,9,26.9,0.0,16.14
10874_G_GEN6,1,10,17.70019999999996,9.199800000000069,0.0
10874_G_GEN6,1,11,26.9,0.0,16.14
10874_G_GEN6,1,12,26.9,0.0,16.14
10874_G_GEN6,1,13,26.9,0.0,16.14
10874_G_GEN6,1,14,17.700199999999995,9.199800000000003,0.0
10874_G_GEN6,1,15,10.759999999999998,16.14,0.0
10874_G_GEN6,1,16,17.700199999999988,9.19980000000004,0.0
10874_G_GEN6,1,17,26.9,0.0,0.0
10874_G_GEN6,1,18,26.9,0.0,0.0
10874_G_GEN6,1,19,26.9,0.0,0.0
10874_G_GEN6,1,20,26.9,0.0,0.0
10874_G_GEN6,1,21,26.9,0.0,0.0
10874_G_GEN6,1,22,26.9,0.0,0.0
10874_G_GEN6,1,23,26.9,0.0,0.0
10874_G_GEN6,1,24,26.9,0.0,0.0
10874_G_GEN6,1,25,26.9,0.0,16.14
10875_G_GEN7,1,1,21.8,0.0,13.08
10875_G_GEN7,1,2,21.8,0.0,13.08
10875_G_GEN7,1,3,21.8,0.0,13.08
10875_G_GEN7,1,4,21.8,0.0,13.08
10875_G_GEN7,1,5,21.8,0.0,0.0
10875_G_GEN7,1,6,21.8,0.0,0.0
10875_G_GEN7,1,7,21.8,0.0,13.08
10875_G_GEN7,1,8,21.8,0.0,0.0
10875_G_GEN7,1,9,21.8,0.0,13.08
10875_G_GEN7,1,10,14.344399999999977,7.455600000000043,0.0
10875_G_GEN7,1,11,21.8,0.0,13.08
10875_G_GEN7,1,12,21.8,0.0,13.08
10875_G_GEN7,1,13,21.8,0.0,13.08
10875_G_GEN7,1,14,14.344399999999979,7.455600000000041,0.0
10875_G_GEN7,1,15,8.72,13.08,0.0
10875_G_GEN7,1,16,14.34439999999999,7.455600000000031,0.0
10875_G_GEN7,1,17,21.8,0.0,0.0
10875_G_GEN7,1,18,21.8,0.0,0.0
10875_G_GEN7,1,19,21.8,0.0,0.0
10875_G_GEN7,1,20,21.8,0.0,0.0
10875_G_GEN7,1,21,21.8,0.0,0.0
10875_G_GEN7,1,22,21.8,0.0,0.0
10875_G_GEN7,1,23,21.8,0.0,0.0
10875_G_GEN7,1,24,21.8,0.0,0.0
10875_G_GEN7,1,25,21.8,0.0,13.08
10875_G_GEN8,1,1,22.5,0.0,13.5
10875_G_GEN8,1,2,22.5,0.0,13.5
10875_G_GEN8,1,3,22.5,0.0,13.5
10875_G_GEN8,1,4,22.5,0.0,13.5
10875_G_GEN8,1,5,22.5,0.0,0.0
10875_G_GEN8,1,6,22.5,0.0,0.0
10875_G_GEN8,1,7,22.5,0.0,13.5
10875_G_GEN8,1,8,22.5,0.0,0.0
10875_G_GEN8,1,9,22.5,0.0,13.5
10875_G_GEN8,1,10,14.804999999999964,7.695000000000055,0.0
10875_G_GEN8,1,11,22.5,0.0,13.5
10875_G_GEN8,1,12,22.5,0.0,13.5
10875_G_GEN8,1,13,22.5,0.0,13.5
10875_G_GEN8,1,14,14.805,7.695000000000006,0.0
10875_G_GEN8,1,15,9.0,13.5,0.0
10875_G_GEN8,1,16,14.804999999999986,7.695000000000034,0.0
10875_G_GEN8,1,17,22.5,0.0,0.0
10875_G_GEN8,1,18,22.5,0.0,0.0
10875_G_GEN8,1,19,22.5,0.0,0.0
10875_G_GEN8,1,20,22.5,0.0,0.0
10875_G_GEN8,1,21,22.5,0.0,0.0
10875_G_GEN8,1,22,22.5,0.0,0.0
10875_G_GEN8,1,23,22.5,0.0,0.0
10875_G_GEN8,1,24,22.5,0.0,0.0
10875_G_GEN8,1,25,22.5,0.0,13.5
10875_G_GEN9,1,1,23.5,0.0,14.1
10875_G_GEN9,1,2,23.5,0.0,14.1
10875_G_GEN9,1,3,23.5,0.0,14.1
10875_G_GEN9,1,4,23.5,0.0,14.1
10875_G_GEN9,1,5,23.5,0.0,0.0
10875_G_GEN9,1,6,23.5,0.0,0.0
10875_G_GEN9,1,7,23.5,0.0,14.1
10875_G_GEN9,1,8,23.5,0.0,0.0
10875_G_GEN9,1,9,23.5,0.0,14.1
10875_G_GEN9,1,10,15.463,8.037,0.0
10875_G_GEN9,1,11,23.5,0.0,14.1
10875_G_GEN9,1,12,23.5,0.0,14.1
10875_G_GEN9,1,13,23.5,0.0,14.1
10875_G_GEN9,1,14,15.462999999999969,8.03700000000005,0.0
10875_G_GEN9,1,15,9.4,14.1,0.0
10875_G_GEN9,1,16,15.462999999999987,8.037000000000033,0.0
10875_G_GEN9,1,17,23.5,0.0,0.0
10875_G_GEN9,1,18,23.5,0.0,0.0
10875_G_GEN9,1,19,23.5,0.0,0.0
10875_G_GEN9,1,20,23.5,0.0,0.0
10875_G_GEN9,1,21,23.5,0.0,0.0
10875_G_GEN9,1,22,23.5,0.0,0.0
10875_G_GEN9,1,23,23.5,0.0,0.0
10875_G_GEN9,1,24,23.5,0.0,0.0
10875_G_GEN9,1,25,23.5,0.0,14.1
10878_G_EE11,1,1,10.0,0.0,6.0
10878_G_EE11,1,2,10.0,0.0,6.0
10878_G_EE11,1,3,10.0,0.0,6.0
10878_G_EE11,1,4,10.0,0.0,6.0
10878_G_EE11,1,5,10.0,0.0,0.0
10878_G_EE11,1,6,10.0,0.0,0.0
10878_G_EE11,1,7,10.0,0.0,6.0
10878_G_EE11,1,8,10.0,0.0,0.0
10878_G_EE11,1,9,10.0,0.0,6.0
10878_G_EE11,1,10,6.579999999999988,3.420000000000022,0.0
10878_G_EE11,1,11,10.0,0.0,6.0
10878_G_EE11,1,12,10.0,0.0,6.0
10878_G_EE11,1,13,10.0,0.0,6.0
10878_G_EE11,1,14,6.58,3.4200000000000026,0.0
10878_G_EE11,1,15,4.0,6.0,0.0
10878_G_EE11,1,16,6.58,3.4200000000000026,0.0
10878_G_EE11,1,17,10.0,0.0,0.0
10878_G_EE11,1,18,10.0,0.0,0.0
10878_G_EE11,1,19,10.0,0.0,0.0
10878_G_EE11,1,20,10.0,0.0,0.0
10878_G_EE11,1,21,10.0,0.0,0.0
10878_G_EE11,1,22,10.0,0.0,0.0
10878_G_EE11,1,23,10.0,0.0,0.0
10878_G_EE11,1,24,10.0,0.0,0.0
10878_G_EE11,1,25,10.0,0.0,6.0
10879_G_GEN1,1,1,10.0,0.0,6.0
10879_G_GEN1,1,2,10.0,0.0,6.0
10879_G_GEN1,1,3,10.0,0.0,6.0
10879_G_GEN1,1,4,10.0,0.0,6.0
10879_G_GEN1,1,5,10.0,0.0,0.0
10879_G_GEN1,1,6,10.0,0.0,0.0
10879_G_GEN1,1,7,10.0,0.0,6.0
10879_G_GEN1,1,8,10.0,0.0,0.0
10879_G_GEN1,1,9,10.0,0.0,6.0
10879_G_GEN1,1,10,6.58,3.4200000000000026,0.0
10879_G_GEN1,1,11,10.0,0.0,6.0
10879_G_GEN1,1,12,10.0,0.0,6.0
10879_G_GEN1,1,13,10.0,0.0,6.0
10879_G_GEN1,1,14,6.579999999999987,3.420000000000023,0.0
10879_G_GEN1,1,15,4.0,6.0,0.0
10879_G_GEN1,1,16,6.579999999999991,3.4200000000000186,0.0
10879_G_GEN1,1,17,10.0,0.0,0.0
10879_G_GEN1,1,18,10.0,0.0,0.0
10879_G_GEN1,1,19,10.0,0.0,0.0
10879_G_GEN1,1,20,10.0,0.0,0.0
10879_G_GEN1,1,21,10.0,0.0,0.0
10879_G_GEN1,1,22,10.0,0.0,0.0
10879_G_GEN1,1,23,10.0,0.0,0.0
10879_G_GEN1,1,24,10.0,0.0,0.0
10879_G_GEN1,1,25,10.0,0.0,6.0
10879_G_GEN2,1,1,4.0,0.0,2.4
10879_G_GEN2,1,2,4.0,0.0,2.4
10879_G_GEN2,1,3,4.0,0.0,2.4
10879_G_GEN2,1,4,4.0,0.0,2.4
10879_G_GEN2,1,5,4.0,0.0,0.0
10879_G_GEN2,1,6,4.0,0.0,0.0
10879_G_GEN2,1,7,4.0,0.0,2.4
10879_G_GEN2,1,8,4.0,0.0,0.0
10879_G_GEN2,1,9,4.0,0.0,2.4
10879_G_GEN2,1,10,2.6319999999999997,1.3680000000000003,0.0
10879_G_GEN2,1,11,4.0,0.0,2.4
10879_G_GEN2,1,12,4.0,0.0,2.4
10879_G_GEN2,1,13,4.0,0.0,2.4
10879_G_GEN2,1,14,2.631999999999996,1.3680000000000085,0.0
10879_G_GEN2,1,15,1.6,2.4,0.0
10879_G_GEN2,1,16,2.631999999999997,1.3680000000000077,0.0
10879_G_GEN2,1,17,4.0,0.0,0.0
10879_G_GEN2,1,18,4.0,0.0,0.0
10879_G_GEN2,1,19,4.0,0.0,0.0
10879_G_GEN2,1,20,4.0,0.0,0.0
10879_G_GEN2,1,21,4.0,0.0,0.0
10879_G_GEN2,1,22,4.0,0.0,0.0
10879_G_GEN2,1,23,4.0,0.0,0.0
10879_G_GEN2,1,24,4.0,0.0,0.0
10879_G_GEN2,1,25,4.0,0.0,2.4
10879_G_GEN3,1,1,2.1,0.0,1.26
10879_G_GEN3,1,2,2.1,0.0,1.26
10879_G_GEN3,1,3,2.1,0.0,1.26
10879_G_GEN3,1,4,2.1,0.0,1.26
10879_G_GEN3,1,5,2.1,0.0,0.0
10879_G_GEN3,1,6,2.1,0.0,0.0
10879_G_GEN3,1,7,2.1,0.0,1.26
10879_G_GEN3,1,8,2.1,0.0,0.0
10879_G_GEN3,1,9,2.1,0.0,1.26
10879_G_GEN3,1,10,1.3817999999999973,0.7182000000000047,0.0
10879_G_GEN3,1,11,2.1,0.0,1.26
10879_G_GEN3,1,12,2.1,0.0,1.26
10879_G_GEN3,1,13,2.1,0.0,1.26
10879_G_GEN3,1,14,1.381799999999997,0.718200000000005,0.0
10879_G_GEN3,1,15,0.8400000000000001,1.26,0.0
10879_G_GEN3,1,16,1.3818000000000001,0.7182,0.0
10879_G_GEN3,1,17,2.1,0.0,0.0
10879_G_GEN3,1,18,2.1,0.0,0.0
10879_G_GEN3,1,19,2.1,0.0,0.0
10879_G_GEN3,1,20,2.1,0.0,0.0
10879_G_GEN3,1,21,2.1,0.0,0.0
10879_G_GEN3,1,22,2.1,0.0,0.0
10879_G_GEN3,1,23,2.1,0.0,0.0
10879_G_GEN3,1,24,2.1,0.0,0.0
10879_G_GEN3,1,25,2.1,0.0,1.26
151_G_1,1,1,0.0,0.0,0.0
151_G_1,1,2,0.0,0.0,0.0
151_G_1,1,3,0.0,0.0,0.0
151_G_1,1,4,0.0,0.0,0.0
151_G_1,1,5,0.0,0.0,0.0
151_G_1,1,6,0.0,0.0,0.0
151_G_1,1,7,0.0,0.0,0.0
151_G_1,1,8,0.0,0.0,0.0
151_G_1,1,9,0.0,0.0,0.0
151_G_1,1,10,0.0,0.0,0.0
151_G_1,1,11,0.0,0.0,0.0
151_G_1,1,12,0.0,0.0,0.0
151_G_1,1,13,0.0,0.0,0.0
151_G_1,1,14,0.0,0.0,0.0
151_G_1,1,15,0.0,0.0,0.0
151_G_1,1,16,0.0,0.0,0.0
151_G_1,1,17,0.0,0.0,0.0
151_G_1,1,18,0.0,0.0,0.0
151_G_1,1,19,0.0,0.0,0.0
151_G_1,1,20,0.0,0.0,0.0
151_G_1,1,21,0.0,0.0,0.0
151_G_1,1,22,0.0,0.0,0.0
151_G_1,1,23,0.0,0.0,0.0
151_G_1,1,24,0.0,0.0,0.0
151_G_1,1,25,0.0,0.0,0.0
246_G_IC1,1,1,0.0,0.0,0.0
246_G_IC1,1,2,0.0,0.0,0.0
246_G_IC1,1,3,0.0,0.0,0.0
246_G_IC1,1,4,0.0,0.0,0.0
246_G_IC1,1,5,0.0,0.0,0.0
246_G_IC1,1,6,0.0,0.0,0.0
246_G_IC1,1,7,0.0,0.0,0.0
246_G_IC1,1,8,0.0,0.0,0.0
246_G_IC1,1,9,0.0,0.0,0.0
246_G_IC1,1,10,0.0,0.0,0.0
246_G_IC1,1,11,0.0,0.0,0.0
246_G_IC1,1,12,0.0,0.0,0.0
246_G_IC1,1,13,0.0,0.0,0.0
246_G_IC1,1,14,0.0,0.0,0.0
246_G_IC1,1,15,0.0,0.0,0.0
246_G_IC1,1,16,0.0,0.0,0.0
246_G_IC1,1,17,0.0,0.0,0.0
246_G_IC1,1,18,0.0,0.0,0.0
246_G_IC1,1,19,0.0,0.0,0.0
246_G_IC1,1,20,0.0,0.0,0.0
246_G_IC1,1,21,0.0,0.0,0.0
246_G_IC1,1,22,0.0,0.0,0.0
246_G_IC1,1,23,0.0,0.0,0.0
246_G_IC1,1,24,0.0,0.0,0.0
246_G_IC1,1,25,0.0,0.0,0.0
260_G_CT1A,1,1,66.0,0.0,0.0
260_G_CT1A,1,2,66.0,0.0,0.0
260_G_CT1A,1,3,66.0,0.0,0.0
260_G_CT1A,1,4,66.0,0.0,0.0
260_G_CT1A,1,5,66.0,0.0,0.0
260_G_CT1A,1,6,66.0,0.0,0.0
260_G_CT1A,1,7,118.47000000000013,46.52999999999987,0.0
260_G_CT1A,1,8,118.47,46.53,0.0
260_G_CT1A,1,9,66.0,0.0,0.0
260_G_CT1A,1,10,66.0,0.0,0.0
260_G_CT1A,1,11,66.0,0.0,0.0
260_G_CT1A,1,12,66.0,0.0,0.0
260_G_CT1A,1,13,66.0,0.0,0.0
260_G_CT1A,1,14,66.0,0.0,0.0
260_G_CT1A,1,15,66.0,0.0,0.0
260_G_CT1A,1,16,66.0,0.0,0.0
260_G_CT1A,1,17,118.47000000000016,0.0,0.0
260_G_CT1A,1,18,165.0,0.0,0.0
260_G_CT1A,1,19,165.0,0.0,0.0
260_G_CT1A,1,20,165.0,0.0,0.0
260_G_CT1A,1,21,165.0,0.0,0.0
260_G_CT1A,1,22,165.0,0.0,0.0
260_G_CT1A,1,23,112.52999999999984,52.4700000000002,0.0
260_G_CT1A,1,24,66.0,0.0,0.0
260_G_CT1A,1,25,66.0,0.0,0.0
260_G_CT1B,1,1,66.0,0.0,0.0
260_G_CT1B,1,2,66.0,0.0,0.0
260_G_CT1B,1,3,66.0,0.0,0.0
260_G_CT1B,1,4,66.0,0.0,0.0
260_G_CT1B,1,5,66.0,0.0,0.0
260_G_CT1B,1,6,66.0,98.99999999999977,0.0
260_G_CT1B,1,7,118.4700000000001,46.529999999999994,0.0
260_G_CT1B,1,8,118.47,46.53,0.0
260_G_CT1B,1,9,66.0,0.0,0.0
260_G_CT1B,1,10,66.0,0.0,0.0
260_G_CT1B,1,11,66.0,0.0,0.0
260_G_CT1B,1,12,66.0,0.0,0.0
260_G_CT1B,1,13,66.0,0.0,0.0
260_G_CT1B,1,14,66.0,0.0,0.0
260_G_CT1B,1,15,66.0,0.0,0.0
260_G_CT1B,1,16,66.0,0.0,0.0
260_G_CT1B,1,17,118.47000000000017,0.0,0.0
260_G_CT1B,1,18,165.0,0.0,0.0
260_G_CT1B,1,19,165.0,0.0,0.0
260_G_CT1B,1,20,165.0,0.0,0.0
260_G_CT1B,1,21,165.0,0.0,0.0
260_G_CT1B,1,22,165.0,0.0,0.0
260_G_CT1B,1,23,112.52999999999984,52.4700000000002,0.0
260_G_CT1B,1,24,66.0,0.0,0.0
260_G_CT1B,1,25,66.0,0.0,0.0
260_G_CT2A,1,1,66.0,0.0,0.0
260_G_CT2A,1,2,66.0,0.0,0.0
260_G_CT2A,1,3,66.0,0.0,0.0
260_G_CT2A,1,4,66.0,0.0,0.0
260_G_CT2A,1,5,66.0,0.0,0.0
260_G_CT2A,1,6,66.0,54.397901887911814,0.0
260_G_CT2A,1,7,118.47000000000013,46.52999999999987,0.0
260_G_CT2A,1,8,118.47000000000024,46.52999999999953,0.0
260_G_CT2A,1,9,66.0,0.0,0.0
260_G_CT2A,1,10,66.0,0.0,0.0
260_G_CT2A,1,11,66.0,0.0,0.0
260_G_CT2A,1,12,66.0,0.0,0.0
260_G_CT2A,1,13,66.0,0.0,0.0
260_G_CT2A,1,14,66.0,0.0,0.0
260_G_CT2A,1,15,66.0,0.0,0.0
260_G_CT2A,1,16,66.0,0.0,0.0
260_G_CT2A,1,17,118.47000000000014,0.0,0.0
260_G_CT2A,1,18,165.0,0.0,0.0
260_G_CT2A,1,19,165.0,0.0,0.0
260_G_CT2A,1,20,165.0,0.0,0.0
260_G_CT2A,1,21,165.0,0.0,0.0
260_G_CT2A,1,22,165.0,0.0,0.0
260_G_CT2A,1,23,112.52999999999984,52.4700000000002,0.0
260_G_CT2A,1,24,66.0,0.0,0.0
260_G_CT2A,1,25,66.0,0.0,0.0
260_G_CT2B,1,1,66.0,0.0,0.0
260_G_CT2B,1,2,66.0,0.0,0.0
260_G_CT2B,1,3,66.0,0.0,0.0
260_G_CT2B,1,4,66.0,0.0,0.0
260_G_CT2B,1,5,66.0,0.0,0.0
260_G_CT2B,1,6,112.52999999999987,52.47000000000013,0.0
260_G_CT2B,1,7,165.0,0.0,0.0
260_G_CT2B,1,8,118.47000000000028,46.52999999999972,0.0
260_G_CT2B,1,9,66.0,0.0,0.0
260_G_CT2B,1,10,66.0,0.0,0.0
260_G_CT2B,1,11,66.0,0.0,0.0
260_G_CT2B,1,12,66.0,0.0,0.0
260_G_CT2B,1,13,66.0,0.0,0.0
260_G_CT2B,1,14,66.0,0.0,0.0
260_G_CT2B,1,15,66.0,0.0,0.0
260_G_CT2B,1,16,66.0,0.0,0.0
260_G_CT2B,1,17,118.47000000000016,0.0,0.0
260_G_CT2B,1,18,165.0,0.0,0.0
260_G_CT2B,1,19,165.0,0.0,0.0
260_G_CT2B,1,20,165.0,0.0,0.0
260_G_CT2B,1,21,165.0,0.0,0.0
260_G_CT2B,1,22,165.0,0.0,0.0
260_G_CT2B,1,23,112.53,52.47,0.0
260_G_CT2B,1,24,66.0,0.0,0.0
260_G_CT2B,1,25,66.0,0.0,0.0
260_G_ST1,1,1,72.0,0.0,0.0
260_G_ST1,1,2,72.0,0.0,0.0
260_G_ST1,1,3,72.0,0.0,0.0
260_G_ST1,1,4,72.0,0.0,0.0
260_G_ST1,1,5,72.0,0.0,0.0
260_G_ST1,1,6,122.75999999999983,57.240000000000265,0.0
260_G_ST1,1,7,180.0,0.0,0.0
260_G_ST1,1,8,129.24,50.75999999999999,0.0
260_G_ST1,1,9,72.0,0.0,0.0
260_G_ST1,1,10,72.0,0.0,0.0
260_G_ST1,1,11,72.0,0.0,0.0
260_G_ST1,1,12,72.0,0.0,0.0
260_G_ST1,1,13,72.0,0.0,0.0
260_G_ST1,1,14,72.0,0.0,0.0
260_G_ST1,1,15,72.0,0.0,0.0
260_G_ST1,1,16,72.0,0.0,0.0
260_G_ST1,1,17,129.24,0.0,0.0
260_G_ST1,1,18,180.0,0.0,0.0
260_G_ST1,1,19,180.0,0.0,0.0
260_G_ST1,1,20,180.0,0.0,0.0
260_G_ST1,1,21,180.0,0.0,0.0
260_G_ST1,1,22,180.0,0.0,0.0
260_G_ST1,1,23,129.24000000000012,50.75999999999988,0.0
260_G_ST1,1,24,72.0,0.0,0.0
260_G_ST1,1,25,72.0,0.0,0.0
260_G_ST2,1,1,72.0,0.0,0.0
260_G_ST2,1,2,72.0,0.0,0.0
260_G_ST2,1,3,72.0,0.0,0.0
260_G_ST2,1,4,72.0,0.0,0.0
260_G_ST2,1,5,72.0,0.0,0.0
260_G_ST2,1,6,96.20995929203335,83.79004070796665,0.0
260_G_ST2,1,7,153.44995929203336,26.550040707966645,0.0
260_G_ST2,1,8,129.24,50.75999999999999,0.0
260_G_ST2,1,9,72.0,0.0,0.0
260_G_ST2,1,10,72.0,0.0,0.0
260_G_ST2,1,11,72.0,0.0,0.0
260_G_ST2,1,12,72.0,0.0,0.0
260_G_ST2,1,13,72.0,0.0,0.0
260_G_ST2,1,14,72.0,0.0,0.0
260_G_ST2,1,15,72.0,0.0,0.0
260_G_ST2,1,16,72.0,0.0,0.0
260_G_ST2,1,17,129.2400000000003,0.0,0.0
260_G_ST2,1,18,180.0,0.0,0.0
260_G_ST2,1,19,180.0,0.0,0.0
260_G_ST2,1,20,180.0,0.0,0.0
260_G_ST2,1,21,180.0,0.0,0.0
260_G_ST2,1,22,180.0,0.0,0.0
260_G_ST2,1,23,122.75999999999983,57.24000000000021,0.0
260_G_ST2,1,24,72.0,0.0,0.0
260_G_ST2,1,25,72.0,0.0,0.0
286_G_U11,1,1,68.0,0.0,40.79999999999999
286_G_U11,1,2,68.0,0.0,40.79999999999999
286_G_U11,1,3,68.0,0.0,40.79999999999999
286_G_U11,1,4,68.0,0.0,40.79999999999999
286_G_U11,1,5,68.0,0.0,0.0
286_G_U11,1,6,68.0,0.0,0.0
286_G_U11,1,7,68.0,0.0,40.79999999999999
286_G_U11,1,8,68.0,0.0,0.0
286_G_U11,1,9,68.0,0.0,40.79999999999999
286_G_U11,1,10,44.74399999999996,23.25600000000006,0.0
286_G_U11,1,11,68.0,0.0,40.79999999999999
286_G_U11,1,12,68.0,0.0,40.79999999999999
286_G_U11,1,13,68.0,0.0,40.79999999999999
286_G_U11,1,14,44.744,23.256000000000004,0.0
286_G_U11,1,15,27.20000000000001,40.79999999999999,0.0
286_G_U11,1,16,44.744,23.256000000000018,0.0
286_G_U11,1,17,68.0,0.0,0.0
286_G_U11,1,18,68.0,0.0,0.0
286_G_U11,1,19,68.0,0.0,0.0
286_G_U11,1,20,68.0,0.0,0.0
286_G_U11,1,21,68.0,0.0,0.0
286_G_U11,1,22,68.0,0.0,0.0
286_G_U11,1,23,68.0,0.0,0.0
286_G_U11,1,24,68.0,0.0,0.0
286_G_U11,1,25,68.0,0.0,40.79999999999999
286_G_U12,1,1,51.0,0.0,30.6
286_G_U12,1,2,51.0,0.0,30.6
286_G_U12,1,3,51.0,0.0,30.6
286_G_U12,1,4,51.0,0.0,30.6
286_G_U12,1,5,51.0,0.0,0.0
286_G_U12,1,6,51.0,0.0,0.0
286_G_U12,1,7,51.0,0.0,30.6
286_G_U12,1,8,51.0,0.0,0.0
286_G_U12,1,9,51.0,0.0,30.6
286_G_U12,1,10,33.557999999999986,17.442000000000032,0.0
286_G_U12,1,11,51.0,0.0,30.6
286_G_U12,1,12,51.0,0.0,30.6
286_G_U12,1,13,51.0,0.0,30.6
286_G_U12,1,14,33.557999999999936,17.442000000000125,0.0
286_G_U12,1,15,20.4,30.6,0.0
286_G_U12,1,16,33.55799999999995,17.442000000000068,0.0
286_G_U12,1,17,51.0,0.0,0.0
286_G_U12,1,18,51.0,0.0,0.0
286_G_U12,1,19,51.0,0.0,0.0
286_G_U12,1,20,51.0,0.0,0.0
286_G_U12,1,21,51.0,0.0,0.0
286_G_U12,1,22,51.0,0.0,0.0
286_G_U12,1,23,51.0,0.0,0.0
286_G_U12,1,24,51.0,0.0,0.0
286_G_U12,1,25,51.0,0.0,30.6
286_G_U13,1,1,65.0,0.0,39.0
286_G_U13,1,2,65.0,0.0,39.0
286_G_U13,1,3,65.0,0.0,39.0
286_G_U13,1,4,65.0,0.0,39.0
286_G_U13,1,5,65.0,0.0,0.0
286_G_U13,1,6,65.0,0.0,0.0
286_G_U13,1,7,65.0,0.0,39.0
286_G_U13,1,8,65.0,0.0,0.0
286_G_U13,1,9,65.0,0.0,39.0
286_G_U13,1,10,42.76999999999997,22.23000000000005,0.0
286_G_U13,1,11,65.0,0.0,39.0
286_G_U13,1,12,65.0,0.0,39.0
286_G_U13,1,13,65.0,0.0,39.0
286_G_U13,1,14,42.769999999999996,22.230000000000008,0.0
286_G_U13,1,15,26.0,39.0,0.0
286_G_U13,1,16,42.76999999999998,22.230000000000036,0.0
286_G_U13,1,17,65.0,0.0,0.0
286_G_U13,1,18,65.0,0.0,0.0
286_G_U13,1,19,65.0,0.0,0.0
286_G_U13,1,20,65.0,0.0,0.0
286_G_U13,1,21,65.0,0.0,0.0
286_G_U13,1,22,65.0,0.0,0.0
286_G_U13,1,23,65.0,0.0,0.0
286_G_U13,1,24,65.0,0.0,0.0
286_G_U13,1,25,65.0,0.0,39.0
286_G_U14,1,1,60.0,0.0,36.0
286_G_U14,1,2,60.0,0.0,36.0
286_G_U14,1,3,60.0,0.0,36.0
286_G_U14,1,4,60.0,0.0,36.0
286_G_U14,1,5,60.0,0.0,0.0
286_G_U14,1,6,60.0,0.0,0.0
286_G_U14,1,7,60.0,0.0,36.0
286_G_U14,1,8,60.0,0.0,0.0
286_G_U14,1,9,60.0,0.0,36.0
286_G_U14,1,10,39.47999999999995,20.52000000000007,0.0
286_G_U14,1,11,60.0,0.0,36.0
286_G_U14,1,12,60.0,0.0,36.0
286_G_U14,1,13,60.0,0.0,36.0
286_G_U14,1,14,39.479999999999855,20.520000000000163,0.0
286_G_U14,1,15,24.0,36.0,0.0
286_G_U14,1,16,39.48,20.520000000000003,0.0
286_G_U14,1,17,60.0,0.0,0.0
286_G_U14,1,18,60.0,0.0,0.0
286_G_U14,1,19,60.0,0.0,0.0
286_G_U14,1,20,60.0,0.0,0.0
286_G_U14,1,21,60.0,0.0,0.0
286_G_U14,1,22,60.0,0.0,0.0
286_G_U14,1,23,60.0,0.0,0.0
286_G_U14,1,24,60.0,0.0,0.0
286_G_U14,1,25,60.0,0.0,36.0
286_G_U16,1,1,60.0,0.0,36.0
286_G_U16,1,2,60.0,0.0,36.0
286_G_U16,1,3,60.0,0.0,36.0
286_G_U16,1,4,60.0,0.0,36.0
286_G_U16,1,5,60.0,0.0,0.0
286_G_U16,1,6,60.0,0.0,0.0
286_G_U16,1,7,60.0,0.0,36.0
286_G_U16,1,8,60.0,0.0,0.0
286_G_U16,1,9,60.0,0.0,36.0
286_G_U16,1,10,39.479999999999976,20.520000000000042,0.0
286_G_U16,1,11,60.0,0.0,36.0
286_G_U16,1,12,60.0,0.0,36.0
286_G_U16,1,13,60.0,0.0,36.0
286_G_U16,1,14,39.479999999999855,20.520000000000163,0.0
286_G_U16,1,15,24.0,36.0,0.0
286_G_U16,1,16,39.48,20.52000000000002,0.0
286_G_U16,1,17,60.0,0.0,0.0
286_G_U16,1,18,60.0,0.0,0.0
286_G_U16,1,19,60.0,0.0,0.0
286_G_U16,1,20,60.0,0.0,0.0
286_G_U16,1,21,60.0,0.0,0.0
286_G_U16,1,22,60.0,0.0,0.0
286_G_U16,1,23,60.0,0.0,0.0
286_G_U16,1,24,60.0,0.0,0.0
286_G_U16,1,25,60.0,0.0,36.0
286_G_U17,1,1,60.0,0.0,36.0
286_G_U17,1,2,60.0,0.0,36.0
286_G_U17,1,3,60.0,0.0,36.0
286_G_U17,1,4,60.0,0.0,36.0
286_G_U17,1,5,60.0,0.0,0.0
286_G_U17,1,6,60.0,0.0,0.0
286_G_U17,1,7,60.0,0.0,36.0
286_G_U17,1,8,60.0,0.0,0.0
286_G_U17,1,9,60.0,0.0,36.0
286_G_U17,1,10,39.48,20.520000000000003,0.0
286_G_U17,1,11,60.0,0.0,36.0
286_G_U17,1,12,60.0,0.0,36.0
286_G_U17,1,13,60.0,0.0,36.0
286_G_U17,1,14,39.48,20.52000000000002,0.0
286_G_U17,1,15,24.0,36.0,0.0
286_G_U17,1,16,39.48,20.520000000000003,0.0
286_G_U17,1,17,60.0,0.0,0.0
286_G_U17,1,18,60.0,0.0,0.0
286_G_U17,1,19,60.0,0.0,0.0
286_G_U17,1,20,60.0,0.0,0.0
286_G_U17,1,21,60.0,0.0,0.0
286_G_U17,1,22,60.0,0.0,0.0
286_G_U17,1,23,60.0,0.0,0.0
286_G_U17,1,24,60.0,0.0,0.0
286_G_U17,1,25,60.0,0.0,36.0
286_G_U18,1,1,60.0,0.0,36.0
286_G_U18,1,2,60.0,0.0,36.0
286_G_U18,1,3,60.0,0.0,36.0
286_G_U18,1,4,60.0,0.0,36.0
286_G_U18,1,5,60.0,0.0,0.0
286_G_U18,1,6,60.0,0.0,0.0
286_G_U18,1,7,60.0,0.0,36.0
286_G_U18,1,8,60.0,0.0,0.0
286_G_U18,1,9,60.0,0.0,36.0
286_G_U18,1,10,39.48,20.52000000000002,0.0
286_G_U18,1,11,60.0,0.0,36.0
286_G_U18,1,12,60.0,0.0,36.0
286_G_U18,1,13,60.0,0.0,36.0
286_G_U18,1,14,39.479999999999855,20.520000000000163,0.0
286_G_U18,1,15,24.0,36.0,0.0
286_G_U18,1,16,39.479999999999954,20.520000000000064,0.0
286_G_U18,1,17,60.0,0.0,0.0
286_G_U18,1,18,60.0,0.0,0.0
286_G_U18,1,19,60.0,0.0,0.0
286_G_U18,1,20,60.0,0.0,0.0
286_G_U18,1,21,60.0,0.0,0.0
286_G_U18,1,22,60.0,0.0,0.0
286_G_U18,1,23,60.0,0.0,0.0
286_G_U18,1,24,60.0,0.0,0.0
286_G_U18,1,25,60.0,0.0,36.0
286_G_U20,1,1,50.0,0.0,30.0
286_G_U20,1,2,50.0,0.0,30.0
286_G_U20,1,3,50.0,0.0,30.0
286_G_U20,1,4,50.0,0.0,30.0
286_G_U20,1,5,50.0,0.0,0.0
286_G_U20,1,6,50.0,0.0,0.0
286_G_U20,1,7,50.0,0.0,30.0
286_G_U20,1,8,50.0,0.0,0.0
286_G_U20,1,9,50.0,0.0,30.0
286_G_U20,1,10,32.9,17.1,0.0
286_G_U20,1,11,50.0,0.0,30.0
286_G_U20,1,12,50.0,0.0,30.0
286_G_U20,1,13,50.0,0.0,30.0
286_G_U20,1,14,32.9,17.10000000000002,0.0
286_G_U20,1,15,20.0,30.0,0.0
286_G_U20,1,16,32.9,17.1,0.0
286_G_U20,1,17,50.0,0.0,0.0
286_G_U20,1,18,50.0,0.0,0.0
286_G_U20,1,19,50.0,0.0,0.0
286_G_U20,1,20,50.0,0.0,0.0
286_G_U20,1,21,50.0,0.0,0.0
286_G_U20,1,22,50.0,0.0,0.0
286_G_U20,1,23,50.0,0.0,0.0
286_G_U20,1,24,50.0,0.0,0.0
286_G_U20,1,25,50.0,0.0,30.0
286_G_U5,1,1,45.0,0.0,27.0
286_G_U5,1,2,45.0,0.0,27.0
286_G_U5,1,3,45.0,0.0,27.0
286_G_U5,1,4,45.0,0.0,27.0
286_G_U5,1,5,45.0,0.0,0.0
286_G_U5,1,6,45.0,0.0,0.0
286_G_U5,1,7,45.0,0.0,27.0
286_G_U5,1,8,45.0,0.0,0.0
286_G_U5,1,9,45.0,0.0,27.0
286_G_U5,1,10,29.61,15.39,0.0
286_G_U5,1,11,45.0,0.0,27.0
286_G_U5,1,12,45.0,0.0,27.0
286_G_U5,1,13,45.0,0.0,27.0
286_G_U5,1,14,29.609999999999932,15.390000000000107,0.0
286_G_U5,1,15,18.0,27.0,0.0
286_G_U5,1,16,29.61,15.390000000000011,0.0
286_G_U5,1,17,45.0,0.0,0.0
286_G_U5,1,18,45.0,0.0,0.0
286_G_U5,1,19,45.0,0.0,0.0
286_G_U5,1,20,45.0,0.0,0.0
286_G_U5,1,21,45.0,0.0,0.0
286_G_U5,1,22,45.0,0.0,0.0
286_G_U5,1,23,45.0,0.0,0.0
286_G_U5,1,24,45.0,0.0,0.0
286_G_U5,1,25,45.0,0.0,27.0
286_G_U6,1,1,45.0,0.0,27.0
286_G_U6,1,2,45.0,0.0,27.0
286_G_U6,1,3,45.0,0.0,27.0
286_G_U6,1,4,45.0,0.0,27.0
286_G_U6,1,5,45.0,0.0,0.0
286_G_U6,1,6,45.0,0.0,0.0
286_G_U6,1,7,45.0,0.0,27.0
286_G_U6,1,8,45.0,0.0,0.0
286_G_U6,1,9,45.0,0.0,27.0
286_G_U6,1,10,29.61,15.39,0.0
286_G_U6,1,11,45.0,0.0,27.0
286_G_U6,1,12,45.0,0.0,27.0
286_G_U6,1,13,45.0,0.0,27.0
286_G_U6,1,14,29.61,15.390000000000011,0.0
286_G_U6,1,15,18.0,27.0,0.0
286_G_U6,1,16,29.60999999999997,15.39000000000004,0.0
286_G_U6,1,17,45.0,0.0,0.0
286_G_U6,1,18,45.0,0.0,0.0
286_G_U6,1,19,45.0,0.0,0.0
286_G_U6,1,20,45.0,0.0,0.0
286_G_U6,1,21,45.0,0.0,0.0
286_G_U6,1,22,45.0,0.0,0.0
286_G_U6,1,23,45.0,0.0,0.0
286_G_U6,1,24,45.0,0.0,0.0
286_G_U6,1,25,45.0,0.0,27.0
286_G_U7,1,1,40.0,0.0,24.0
286_G_U7,1,2,40.0,0.0,24.0
286_G_U7,1,3,40.0,0.0,24.0
286_G_U7,1,4,40.0,0.0,24.0
286_G_U7,1,5,40.0,0.0,0.0
286_G_U7,1,6,40.0,0.0,0.0
286_G_U7,1,7,40.0,0.0,24.0
286_G_U7,1,8,40.0,0.0,0.0
286_G_U7,1,9,40.0,0.0,24.0
286_G_U7,1,10,26.32,13.680000000000039,0.0
286_G_U7,1,11,40.0,0.0,24.0
286_G_U7,1,12,40.0,0.0,24.0
286_G_U7,1,13,40.0,0.0,24.0
286_G_U7,1,14,26.31999999999992,13.68000000000012,0.0
286_G_U7,1,15,16.0,24.0,0.0
286_G_U7,1,16,26.32,13.68,0.0
286_G_U7,1,17,40.0,0.0,0.0
286_G_U7,1,18,40.0,0.0,0.0
286_G_U7,1,19,40.0,0.0,0.0
286_G_U7,1,20,40.0,0.0,0.0
286_G_U7,1,21,40.0,0.0,0.0
286_G_U7,1,22,40.0,0.0,0.0
286_G_U7,1,23,40.0,0.0,0.0
286_G_U7,1,24,40.0,0.0,0.0
286_G_U7,1,25,40.0,0.0,24.0
286_G_U8,1,1,40.0,0.0,24.0
286_G_U8,1,2,40.0,0.0,24.0
286_G_U8,1,3,40.0,0.0,24.0
286_G_U8,1,4,40.0,0.0,24.0
286_G_U8,1,5,40.0,0.0,0.0
286_G_U8,1,6,40.0,0.0,0.0
286_G_U8,1,7,40.0,0.0,24.0
286_G_U8,1,8,40.0,0.0,0.0
286_G_U8,1,9,40.0,0.0,24.0
286_G_U8,1,10,26.32,13.68,0.0
286_G_U8,1,11,40.0,0.0,24.0
286_G_U8,1,12,40.0,0.0,24.0
286_G_U8,1,13,40.0,0.0,24.0
286_G_U8,1,14,26.32,13.68,0.0
286_G_U8,1,15,16.0,24.0,0.0
286_G_U8,1,16,26.319999999999965,13.680000000000074,0.0
286_G_U8,1,17,40.0,0.0,0.0
286_G_U8,1,18,40.0,0.0,0.0
286_G_U8,1,19,40.0,0.0,0.0
286_G_U8,1,20,40.0,0.0,0.0
286_G_U8,1,21,40.0,0.0,0.0
286_G_U8,1,22,40.0,0.0,0.0
286_G_U8,1,23,40.0,0.0,0.0
286_G_U8,1,24,40.0,0.0,0.0
286_G_U8,1,25,40.0,0.0,24.0
341_G_CT3,1,1,0.0,0.0,0.0
341_G_CT3,1,2,0.0,0.0,0.0
341_G_CT3,1,3,0.0,0.0,0.0
341_G_CT3,1,4,0.0,0.0,0.0
341_G_CT3,1,5,0.0,0.0,0.0
341_G_CT3,1,6,0.0,0.0,0.0
341_G_CT3,1,7,0.0,0.0,0.0
341_G_CT3,1,8,0.0,0.0,0.0
341_G_CT3,1,9,0.0,0.0,0.0
341_G_CT3,1,10,0.0,0.0,0.0
341_G_CT3,1,11,0.0,0.0,0.0
341_G_CT3,1,12,0.0,0.0,0.0
341_G_CT3,1,13,0.0,0.0,0.0
341_G_CT3,1,14,0.0,0.0,0.0
341_G_CT3,1,15,0.0,0.0,0.0
341_G_CT3,1,16,0.0,0.0,0.0
341_G_CT3,1,17,0.0,0.0,0.0
341_G_CT3,1,18,0.0,0.0,0.0
341_G_CT3,1,19,0.0,0.0,0.0
341_G_CT3,1,20,0.0,0.0,0.0
341_G_CT3,1,21,0.0,0.0,0.0
341_G_CT3,1,22,0.0,0.0,0.0
341_G_CT3,1,23,0.0,0.0,0.0
341_G_CT3,1,24,0.0,0.0,0.0
341_G_CT3,1,25,0.0,0.0,0.0
358_G_MV3A,1,1,0.0,0.0,0.0
358_G_MV3A,1,2,0.0,0.0,0.0
358_G_MV3A,1,3,0.0,0.0,0.0
358_G_MV3A,1,4,0.0,0.0,0.0
358_G_MV3A,1,5,0.0,0.0,0.0
358_G_MV3A,1,6,0.0,0.0,0.0
358_G_MV3A,1,7,0.0,0.0,0.0
358_G_MV3A,1,8,0.0,0.0,0.0
358_G_MV3A,1,9,0.0,0.0,0.0
358_G_MV3A,1,10,0.0,0.0,0.0
358_G_MV3A,1,11,0.0,0.0,0.0
358_G_MV3A,1,12,0.0,0.0,0.0
358_G_MV3A,1,13,0.0,0.0,0.0
358_G_MV3A,1,14,0.0,0.0,0.0
358_G_MV3A,1,15,0.0,0.0,0.0
358_G_MV3A,1,16,0.0,0.0,0.0
358_G_MV3A,1,17,60.601798761050986,0.0,0.0
358_G_MV3A,1,18,59.599999999999994,89.4,0.0
358_G_MV3A,1,19,59.599999999999994,89.4,0.0
358_G_MV3A,1,20,59.599999999999994,89.4,0.0
358_G_MV3A,1,21,0.0,0.0,0.0
358_G_MV3A,1,22,0.0,0.0,0.0
358_G_MV3A,1,23,0.0,0.0,0.0
358_G_MV3A,1,24,0.0,0.0,0.0
358_G_MV3A,1,25,0.0,0.0,0.0
358_G_MV3B,1,1,0.0,0.0,0.0
358_G_MV3B,1,2,0.0,0.0,0.0
358_G_MV3B,1,3,0.0,0.0,0.0
358_G_MV3B,1,4,0.0,0.0,0.0
358_G_MV3B,1,5,0.0,0.0,0.0
358_G_MV3B,1,6,0.0,0.0,0.0
358_G_MV3B,1,7,0.0,0.0,0.0
358_G_MV3B,1,8,0.0,0.0,0.0
358_G_MV3B,1,9,0.0,0.0,0.0
358_G_MV3B,1,10,0.0,0.0,0.0
358_G_MV3B,1,11,0.0,0.0,0.0
358_G_MV3B,1,12,0.0,0.0,0.0
358_G_MV3B,1,13,0.0,0.0,0.0
358_G_MV3B,1,14,0.0,0.0,0.0
358_G_MV3B,1,15,0.0,0.0,0.0
358_G_MV3B,1,16,0.0,0.0,0.0
358_G_MV3B,1,17,106.98200000000003,0.0,0.0
358_G_MV3B,1,18,59.599999999999994,89.4,0.0
358_G_MV3B,1,19,59.599999999999994,89.4,0.0
358_G_MV3B,1,20,59.599999999999994,89.4,0.0
358_G_MV3B,1,21,59.6,89.39999999999898,0.0
358_G_MV3B,1,22,0.0,0.0,0.0
358_G_MV3B,1,23,0.0,0.0,0.0
358_G_MV3B,1,24,0.0,0.0,0.0
358_G_MV3B,1,25,0.0,0.0,0.0
358_G_MV3C,1,1,0.0,0.0,0.0
358_G_MV3C,1,2,0.0,0.0,0.0
358_G_MV3C,1,3,0.0,0.0,0.0
358_G_MV3C,1,4,0.0,0.0,0.0
358_G_MV3C,1,5,0.0,0.0,0.0
358_G_MV3C,1,6,0.0,0.0,0.0
358_G_MV3C,1,7,0.0,0.0,0.0
358_G_MV3C,1,8,0.0,0.0,0.0
358_G_MV3C,1,9,0.0,0.0,0.0
358_G_MV3C,1,10,0.0,0.0,0.0
358_G_MV3C,1,11,0.0,0.0,0.0
358_G_MV3C,1,12,0.0,0.0,0.0
358_G_MV3C,1,13,0.0,0.0,0.0
358_G_MV3C,1,14,0.0,0.0,0.0
358_G_MV3C,1,15,0.0,0.0,0.0
358_G_MV3C,1,16,0.0,0.0,0.0
358_G_MV3C,1,17,134.98400000000004,0.0,0.0
358_G_MV3C,1,18,75.2,112.8,0.0
358_G_MV3C,1,19,75.2,112.8,0.0
358_G_MV3C,1,20,75.2,112.8,0.0
358_G_MV3C,1,21,75.2,53.20554766961686,0.0
358_G_MV3C,1,22,0.0,0.0,0.0
358_G_MV3C,1,23,0.0,0.0,0.0
358_G_MV3C,1,24,0.0,0.0,0.0
358_G_MV3C,1,25,0.0,0.0,0.0
358_G_MV4A,1,1,0.0,0.0,0.0
358_G_MV4A,1,2,0.0,0.0,0.0
358_G_MV4A,1,3,0.0,0.0,0.0
358_G_MV4A,1,4,0.0,0.0,0.0
358_G_MV4A,1,5,0.0,0.0,0.0
358_G_MV4A,1,6,0.0,0.0,0.0
358_G_MV4A,1,7,0.0,0.0,0.0
358_G_MV4A,1,8,0.0,0.0,0.0
358_G_MV4A,1,9,0.0,0.0,0.0
358_G_MV4A,1,10,0.0,0.0,0.0
358_G_MV4A,1,11,0.0,0.0,0.0
358_G_MV4A,1,12,0.0,0.0,0.0
358_G_MV4A,1,13,0.0,0.0,0.0
358_G_MV4A,1,14,0.0,0.0,0.0
358_G_MV4A,1,15,0.0,0.0,0.0
358_G_MV4A,1,16,0.0,0.0,0.0
358_G_MV4A,1,17,0.0,0.0,0.0
358_G_MV4A,1,18,59.599999999999994,89.4,0.0
358_G_MV4A,1,19,59.599999999999994,89.4,0.0
358_G_MV4A,1,20,59.599999999999994,89.4,0.0
358_G_MV4A,1,21,0.0,0.0,0.0
358_G_MV4A,1,22,0.0,0.0,0.0
358_G_MV4A,1,23,0.0,0.0,0.0
358_G_MV4A,1,24,0.0,0.0,0.0
358_G_MV4A,1,25,0.0,0.0,0.0
358_G_MV4B,1,1,0.0,0.0,0.0
358_G_MV4B,1,2,0.0,0.0,0.0
358_G_MV4B,1,3,0.0,0.0,0.0
358_G_MV4B,1,4,0.0,0.0,0.0
358_G_MV4B,1,5,0.0,0.0,0.0
358_G_MV4B,1,6,0.0,0.0,0.0
358_G_MV4B,1,7,0.0,0.0,0.0
358_G_MV4B,1,8,0.0,0.0,0.0
358_G_MV4B,1,9,0.0,0.0,0.0
358_G_MV4B,1,10,0.0,0.0,0.0
358_G_MV4B,1,11,0.0,0.0,0.0
358_G_MV4B,1,12,0.0,0.0,0.0
358_G_MV4B,1,13,0.0,0.0,0.0
358_G_MV4B,1,14,0.0,0.0,0.0
358_G_MV4B,1,15,0.0,0.0,0.0
358_G_MV4B,1,16,0.0,0.0,0.0
358_G_MV4B,1,17,0.0,0.0,0.0
358_G_MV4B,1,18,59.599999999999994,89.4,0.0
358_G_MV4B,1,19,59.599999999999994,89.4,0.0
358_G_MV4B,1,20,59.599999999999994,89.4,0.0
358_G_MV4B,1,21,0.0,0.0,0.0
358_G_MV4B,1,22,0.0,0.0,0.0
358_G_MV4B,1,23,0.0,0.0,0.0
358_G_MV4B,1,24,0.0,0.0,0.0
358_G_MV4B,1,25,0.0,0.0,0.0
358_G_MV4C,1,1,0.0,0.0,0.0
358_G_MV4C,1,2,0.0,0.0,0.0
358_G_MV4C,1,3,0.0,0.0,0.0
358_G_MV4C,1,4,0.0,0.0,0.0
358_G_MV4C,1,5,0.0,0.0,0.0
358_G_MV4C,1,6,0.0,0.0,0.0
358_G_MV4C,1,7,0.0,0.0,0.0
358_G_MV4C,1,8,0.0,0.0,0.0
358_G_MV4C,1,9,0.0,0.0,0.0
358_G_MV4C,1,10,0.0,0.0,0.0
358_G_MV4C,1,11,0.0,0.0,0.0
358_G_MV4C,1,12,0.0,0.0,0.0
358_G_MV4C,1,13,0.0,0.0,0.0
358_G_MV4C,1,14,0.0,0.0,0.0
358_G_MV4C,1,15,0.0,0.0,0.0
358_G_MV4C,1,16,0.0,0.0,0.0
358_G_MV4C,1,17,0.0,0.0,0.0
358_G_MV4C,1,18,75.2,112.8,0.0
358_G_MV4C,1,19,75.2,112.8,0.0
358_G_MV4C,1,20,75.2,112.8,0.0
358_G_MV4C,1,21,0.0,0.0,0.0
358_G_MV4C,1,22,0.0,0.0,0.0
358_G_MV4C,1,23,0.0,0.0,0.0
358_G_MV4C,1,24,0.0,0.0,0.0
358_G_MV4C,1,25,0.0,0.0,0.0
377_G_1,1,1,0.0,0.0,0.0
377_G_1,1,2,0.0,0.0,0.0
377_G_1,1,3,0.0,0.0,0.0
377_G_1,1,4,0.0,0.0,0.0
377_G_1,1,5,0.0,0.0,0.0
377_G_1,1,6,0.0,0.0,0.0
377_G_1,1,7,0.0,0.0,0.0
377_G_1,1,8,0.0,0.0,0.0
377_G_1,1,9,0.0,0.0,0.0
377_G_1,1,10,0.0,0.0,0.0
377_G_1,1,11,0.0,0.0,0.0
377_G_1,1,12,0.0,0.0,0.0
377_G_1,1,13,0.0,0.0,0.0
377_G_1,1,14,0.0,0.0,0.0
377_G_1,1,15,0.0,0.0,0.0
377_G_1,1,16,0.0,0.0,0.0
377_G_1,1,17,0.0,0.0,0.0
377_G_1,1,18,0.0,0.0,0.0
377_G_1,1,19,0.0,0.0,0.0
377_G_1,1,20,0.0,0.0,0.0
377_G_1,1,21,0.0,0.0,0.0
377_G_1,1,22,0.0,0.0,0.0
377_G_1,1,23,0.0,0.0,0.0
377_G_1,1,24,0.0,0.0,0.0
377_G_1,1,25,0.0,0.0,0.0
377_G_2,1,1,0.0,0.0,0.0
377_G_2,1,2,0.0,0.0,0.0
377_G_2,1,3,0.0,0.0,0.0
377_G_2,1,4,0.0,0.0,0.0
377_G_2,1,5,0.0,0.0,0.0
377_G_2,1,6,0.0,0.0,0.0
377_G_2,1,7,0.0,0.0,0.0
377_G_2,1,8,0.0,0.0,0.0
377_G_2,1,9,0.0,0.0,0.0
377_G_2,1,10,0.0,0.0,0.0
377_G_2,1,11,0.0,0.0,0.0
377_G_2,1,12,0.0,0.0,0.0
377_G_2,1,13,0.0,0.0,0.0
377_G_2,1,14,0.0,0.0,0.0
377_G_2,1,15,0.0,0.0,0.0
377_G_2,1,16,0.0,0.0,0.0
377_G_2,1,17,0.0,0.0,0.0
377_G_2,1,18,0.0,0.0,0.0
377_G_2,1,19,0.0,0.0,0.0
377_G_2,1,20,0.0,0.0,0.0
377_G_2,1,21,0.0,0.0,0.0
377_G_2,1,22,0.0,0.0,0.0
377_G_2,1,23,0.0,0.0,0.0
377_G_2,1,24,0.0,0.0,0.0
377_G_2,1,25,0.0,0.0,0.0
377_G_5,1,1,0.0,0.0,0.0
377_G_5,1,2,0.0,0.0,0.0
377_G_5,1,3,0.0,0.0,0.0
377_G_5,1,4,0.0,0.0,0.0
377_G_5,1,5,0.0,0.0,0.0
377_G_5,1,6,0.0,0.0,0.0
377_G_5,1,7,0.0,0.0,0.0
377_G_5,1,8,0.0,0.0,0.0
377_G_5,1,9,0.0,0.0,0.0
377_G_5,1,10,0.0,0.0,0.0
377_G_5,1,11,0.0,0.0,0.0
377_G_5,1,12,0.0,0.0,0.0
377_G_5,1,13,0.0,0.0,0.0
377_G_5,1,14,0.0,0.0,0.0
377_G_5,1,15,0.0,0.0,0.0
377_G_5,1,16,0.0,0.0,0.0
377_G_5,1,17,0.0,0.0,0.0
377_G_5,1,18,0.0,0.0,0.0
377_G_5,1,19,0.0,0.0,0.0
377_G_5,1,20,0.0,0.0,0.0
377_G_5,1,21,0.0,0.0,0.0
377_G_5,1,22,0.0,0.0,0.0
377_G_5,1,23,0.0,0.0,0.0
377_G_5,1,24,0.0,0.0,0.0
377_G_5,1,25,0.0,0.0,0.0
377_G_8A,1,1,0.0,0.0,0.0
377_G_8A,1,2,0.0,0.0,0.0
377_G_8A,1,3,0.0,0.0,0.0
377_G_8A,1,4,0.0,0.0,0.0
377_G_8A,1,5,0.0,0.0,0.0
377_G_8A,1,6,0.0,0.0,0.0
377_G_8A,1,7,0.0,0.0,0.0
377_G_8A,1,8,0.0,0.0,0.0
377_G_8A,1,9,0.0,0.0,0.0
377_G_8A,1,10,0.0,0.0,0.0
377_G_8A,1,11,0.0,0.0,0.0
377_G_8A,1,12,0.0,0.0,0.0
377_G_8A,1,13,0.0,0.0,0.0
377_G_8A,1,14,0.0,0.0,0.0
377_G_8A,1,15,0.0,0.0,0.0
377_G_8A,1,16,0.0,0.0,0.0
377_G_8A,1,17,0.0,0.0,0.0
377_G_8A,1,18,0.0,0.0,0.0
377_G_8A,1,19,0.0,0.0,0.0
377_G_8A,1,20,0.0,0.0,0.0
377_G_8A,1,21,0.0,0.0,0.0
377_G_8A,1,22,0.0,0.0,0.0
377_G_8A,1,23,0.0,0.0,0.0
377_G_8A,1,24,0.0,0.0,0.0
377_G_8A,1,25,0.0,0.0,0.0
377_G_8BC,1,1,0.0,0.0,0.0
377_G_8BC,1,2,0.0,0.0,0.0
377_G_8BC,1,3,0.0,0.0,0.0
377_G_8BC,1,4,0.0,0.0,0.0
377_G_8BC,1,5,0.0,0.0,0.0
377_G_8BC,1,6,0.0,0.0,0.0
377_G_8BC,1,7,0.0,0.0,0.0
377_G_8BC,1,8,0.0,0.0,0.0
377_G_8BC,1,9,0.0,0.0,0.0
377_G_8BC,1,10,0.0,0.0,0.0
377_G_8BC,1,11,0.0,0.0,0.0
377_G_8BC,1,12,0.0,0.0,0.0
377_G_8BC,1,13,0.0,0.0,0.0
377_G_8BC,1,14,0.0,0.0,0.0
377_G_8BC,1,15,0.0,0.0,0.0
377_G_8BC,1,16,0.0,0.0,0.0
377_G_8BC,1,17,0.0,0.0,0.0
377_G_8BC,1,18,0.0,0.0,0.0
377_G_8BC,1,19,0.0,0.0,0.0
377_G_8BC,1,20,0.0,0.0,0.0
377_G_8BC,1,21,0.0,0.0,0.0
377_G_8BC,1,22,0.0,0.0,0.0
377_G_8BC,1,23,0.0,0.0,0.0
377_G_8BC,1,24,0.0,0.0,0.0
377_G_8BC,1,25,0.0,0.0,0.0
389_G_2,1,1,0.0,0.0,0.0
389_G_2,1,2,0.0,0.0,0.0
389_G_2,1,3,0.0,0.0,0.0
389_G_2,1,4,0.0,0.0,0.0
389_G_2,1,5,0.0,0.0,0.0
389_G_2,1,6,0.0,0.0,0.0
389_G_2,1,7,0.0,0.0,0.0
389_G_2,1,8,0.0,0.0,0.0
389_G_2,1,9,0.0,0.0,0.0
389_G_2,1,10,0.0,0.0,0.0
389_G_2,1,11,0.0,0.0,0.0
389_G_2,1,12,0.0,0.0,0.0
389_G_2,1,13,0.0,0.0,0.0
389_G_2,1,14,0.0,0.0,0.0
389_G_2,1,15,0.0,0.0,0.0
389_G_2,1,16,0.0,0.0,0.0
389_G_2,1,17,0.0,0.0,0.0
389_G_2,1,18,0.0,0.0,0.0
389_G_2,1,19,0.0,0.0,0.0
389_G_2,1,20,0.0,0.0,0.0
389_G_2,1,21,0.0,0.0,0.0
389_G_2,1,22,0.0,0.0,0.0
389_G_2,1,23,0.0,0.0,0.0
389_G_2,1,24,0.0,0.0,0.0
389_G_2,1,25,0.0,0.0,0.0
389_G_2A,1,1,0.0,0.0,0.0
389_G_2A,1,2,0.0,0.0,0.0
389_G_2A,1,3,0.0,0.0,0.0
389_G_2A,1,4,0.0,0.0,0.0
389_G_2A,1,5,0.0,0.0,0.0
389_G_2A,1,6,0.0,0.0,0.0
389_G_2A,1,7,0.0,0.0,0.0
389_G_2A,1,8,0.0,0.0,0.0
389_G_2A,1,9,0.0,0.0,0.0
389_G_2A,1,10,0.0,0.0,0.0
389_G_2A,1,11,0.0,0.0,0.0
389_G_2A,1,12,0.0,0.0,0.0
389_G_2A,1,13,0.0,0.0,0.0
389_G_2A,1,14,0.0,0.0,0.0
389_G_2A,1,15,0.0,0.0,0.0
389_G_2A,1,16,0.0,0.0,0.0
389_G_2A,1,17,0.0,0.0,0.0
389_G_2A,1,18,0.0,0.0,0.0
389_G_2A,1,19,0.0,0.0,0.0
389_G_2A,1,20,0.0,0.0,0.0
389_G_2A,1,21,0.0,0.0,0.0
389_G_2A,1,22,0.0,0.0,0.0
389_G_2A,1,23,0.0,0.0,0.0
389_G_2A,1,24,0.0,0.0,0.0
389_G_2A,1,25,0.0,0.0,0.0
389_G_30,1,1,0.0,0.0,0.0
389_G_30,1,2,0.0,0.0,0.0
389_G_30,1,3,0.0,0.0,0.0
389_G_30,1,4,0.0,0.0,0.0
389_G_30,1,5,0.0,0.0,0.0
389_G_30,1,6,0.0,0.0,0.0
389_G_30,1,7,0.0,0.0,0.0
389_G_30,1,8,0.0,0.0,0.0
389_G_30,1,9,0.0,0.0,0.0
389_G_30,1,10,0.0,0.0,0.0
389_G_30,1,11,0.0,0.0,0.0
389_G_30,1,12,0.0,0.0,0.0
389_G_30,1,13,0.0,0.0,0.0
389_G_30,1,14,0.0,0.0,0.0
389_G_30,1,15,0.0,0.0,0.0
389_G_30,1,16,0.0,0.0,0.0
389_G_30,1,17,0.0,0.0,0.0
389_G_30,1,18,0.0,0.0,0.0
389_G_30,1,19,0.0,0.0,0.0
389_G_30,1,20,0.0,0.0,0.0
389_G_30,1,21,0.0,0.0,0.0
389_G_30,1,22,0.0,0.0,0.0
389_G_30,1,23,0.0,0.0,0.0
389_G_30,1,24,0.0,0.0,0.0
389_G_30,1,25,0.0,0.0,0.0
389_G_31,1,1,0.0,0.0,0.0
389_G_31,1,2,0.0,0.0,0.0
389_G_31,1,3,0.0,0.0,0.0
389_G_31,1,4,0.0,0.0,0.0
389_G_31,1,5,0.0,0.0,0.0
389_G_31,1,6,0.0,0.0,0.0
389_G_31,1,7,0.0,0.0,0.0
389_G_31,1,8,0.0,0.0,0.0
389_G_31,1,9,0.0,0.0,0.0
389_G_31,1,10,0.0,0.0,0.0
389_G_31,1,11,0.0,0.0,0.0
389_G_31,1,12,0.0,0.0,0.0
389_G_31,1,13,0.0,0.0,0.0
389_G_31,1,14,0.0,0.0,0.0
389_G_31,1,15,0.0,0.0,0.0
389_G_31,1,16,0.0,0.0,0.0
389_G_31,1,17,0.0,0.0,0.0
389_G_31,1,18,0.0,0.0,0.0
389_G_31,1,19,0.0,0.0,0.0
389_G_31,1,20,0.0,0.0,0.0
389_G_31,1,21,0.0,0.0,0.0
389_G_31,1,22,0.0,0.0,0.0
389_G_31,1,23,0.0,0.0,0.0
389_G_31,1,24,0.0,0.0,0.0
389_G_31,1,25,0.0,0.0,0.0
389_G_32,1,1,0.0,0.0,0.0
389_G_32,1,2,0.0,0.0,0.0
389_G_32,1,3,0.0,0.0,0.0
389_G_32,1,4,0.0,0.0,0.0
389_G_32,1,5,0.0,0.0,0.0
389_G_32,1,6,0.0,0.0,0.0
389_G_32,1,7,0.0,0.0,0.0
389_G_32,1,8,0.0,0.0,0.0
389_G_32,1,9,0.0,0.0,0.0
389_G_32,1,10,0.0,0.0,0.0
389_G_32,1,11,0.0,0.0,0.0
389_G_32,1,12,0.0,0.0,0.0
389_G_32,1,13,0.0,0.0,0.0
389_G_32,1,14,0.0,0.0,0.0
389_G_32,1,15,0.0,0.0,0.0
389_G_32,1,16,0.0,0.0,0.0
389_G_32,1,17,0.0,0.0,0.0
389_G_32,1,18,0.0,0.0,0.0
389_G_32,1,19,0.0,0.0,0.0
389_G_32,1,20,0.0,0.0,0.0
389_G_32,1,21,0.0,0.0,0.0
389_G_32,1,22,0.0,0.0,0.0
389_G_32,1,23,0.0,0.0,0.0
389_G_32,1,24,0.0,0.0,0.0
389_G_32,1,25,0.0,0.0,0.0
399_G_10A,1,1,0.0,0.0,0.0
399_G_10A,1,2,0.0,0.0,0.0
399_G_10A,1,3,0.0,0.0,0.0
399_G_10A,1,4,0.0,0.0,0.0
399_G_10A,1,5,0.0,0.0,0.0
399_G_10A,1,6,0.0,0.0,0.0
399_G_10A,1,7,0.0,0.0,0.0
399_G_10A,1,8,0.0,0.0,0.0
399_G_10A,1,9,0.0,0.0,0.0
399_G_10A,1,10,0.0,0.0,0.0
399_G_10A,1,11,0.0,0.0,0.0
399_G_10A,1,12,0.0,0.0,0.0
399_G_10A,1,13,0.0,0.0,0.0
399_G_10A,1,14,0.0,0.0,0.0
399_G_10A,1,15,0.0,0.0,0.0
399_G_10A,1,16,0.0,0.0,0.0
399_G_10A,1,17,0.0,0.0,0.0
399_G_10A,1,18,0.0,0.0,0.0
399_G_10A,1,19,0.0,0.0,0.0
399_G_10A,1,20,0.0,0.0,0.0
399_G_10A,1,21,0.0,0.0,0.0
399_G_10A,1,22,0.0,0.0,0.0
399_G_10A,1,23,0.0,0.0,0.0
399_G_10A,1,24,0.0,0.0,0.0
399_G_10A,1,25,0.0,0.0,0.0
399_G_10B,1,1,0.0,0.0,0.0
399_G_10B,1,2,0.0,0.0,0.0
399_G_10B,1,3,0.0,0.0,0.0
399_G_10B,1,4,0.0,0.0,0.0
399_G_10B,1,5,0.0,0.0,0.0
399_G_10B,1,6,0.0,0.0,0.0
399_G_10B,1,7,0.0,0.0,0.0
399_G_10B,1,8,0.0,0.0,0.0
399_G_10B,1,9,0.0,0.0,0.0
399_G_10B,1,10,0.0,0.0,0.0
399_G_10B,1,11,0.0,0.0,0.0
399_G_10B,1,12,0.0,0.0,0.0
399_G_10B,1,13,0.0,0.0,0.0
399_G_10B,1,14,0.0,0.0,0.0
399_G_10B,1,15,0.0,0.0,0.0
399_G_10B,1,16,0.0,0.0,0.0
399_G_10B,1,17,0.0,0.0,0.0
399_G_10B,1,18,0.0,0.0,0.0
399_G_10B,1,19,0.0,0.0,0.0
399_G_10B,1,20,0.0,0.0,0.0
399_G_10B,1,21,0.0,0.0,0.0
399_G_10B,1,22,0.0,0.0,0.0
399_G_10B,1,23,0.0,0.0,0.0
399_G_10B,1,24,0.0,0.0,0.0
399_G_10B,1,25,0.0,0.0,0.0
399_G_5,1,1,0.0,0.0,0.0
399_G_5,1,2,0.0,0.0,0.0
399_G_5,1,3,0.0,0.0,0.0
399_G_5,1,4,0.0,0.0,0.0
399_G_5,1,5,0.0,0.0,0.0
399_G_5,1,6,0.0,0.0,0.0
399_G_5,1,7,0.0,0.0,0.0
399_G_5,1,8,0.0,0.0,0.0
399_G_5,1,9,0.0,0.0,0.0
399_G_5,1,10,0.0,0.0,0.0
399_G_5,1,11,0.0,0.0,0.0
399_G_5,1,12,0.0,0.0,0.0
399_G_5,1,13,0.0,0.0,0.0
399_G_5,1,14,0.0,0.0,0.0
399_G_5,1,15,0.0,0.0,0.0
399_G_5,1,16,0.0,0.0,0.0
399_G_5,1,17,0.0,0.0,0.0
399_G_5,1,18,0.0,0.0,0.0
399_G_5,1,19,0.0,0.0,0.0
399_G_5,1,20,0.0,0.0,0.0
399_G_5,1,21,0.0,0.0,0.0
399_G_5,1,22,0.0,0.0,0.0
399_G_5,1,23,0.0,0.0,0.0
399_G_5,1,24,0.0,0.0,0.0
399_G_5,1,25,0.0,0.0,0.0
399_G_GT14,1,1,0.0,0.0,0.0
399_G_GT14,1,2,0.0,0.0,0.0
399_G_GT14,1,3,0.0,0.0,0.0
399_G_GT14,1,4,0.0,0.0,0.0
399_G_GT14,1,5,0.0,0.0,0.0
399_G_GT14,1,6,0.0,0.0,0.0
399_G_GT14,1,7,0.0,0.0,0.0
399_G_GT14,1,8,0.0,0.0,0.0
399_G_GT14,1,9,0.0,0.0,0.0
399_G_GT14,1,10,0.0,0.0,0.0
399_G_GT14,1,11,0.0,0.0,0.0
399_G_GT14,1,12,0.0,0.0,0.0
399_G_GT14,1,13,0.0,0.0,0.0
399_G_GT14,1,14,0.0,0.0,0.0
399_G_GT14,1,15,0.0,0.0,0.0
399_G_GT14,1,16,0.0,0.0,0.0
399_G_GT14,1,17,0.0,0.0,0.0
399_G_GT14,1,18,0.0,0.0,0.0
399_G_GT14,1,19,0.0,0.0,0.0
399_G_GT14,1,20,0.0,0.0,0.0
399_G_GT14,1,21,0.0,0.0,0.0
399_G_GT14,1,22,0.0,0.0,0.0
399_G_GT14,1,23,0.0,0.0,0.0
399_G_GT14,1,24,0.0,0.0,0.0
399_G_GT14,1,25,0.0,0.0,0.0
400_B_1,1,1,0.0,0.0,0.0
400_B_1,1,2,0.0,0.0,0.0
400_B_1,1,3,0.0,0.0,0.0
400_B_1,1,4,0.0,0.0,0.0
400_B_1,1,5,0.0,0.0,0.0
400_B_1,1,6,0.0,0.0,0.0
400_B_1,1,7,0.0,0.0,0.0
400_B_1,1,8,0.0,0.0,0.0
400_B_1,1,9,0.0,0.0,0.0
400_B_1,1,10,0.0,0.0,0.0
400_B_1,1,11,0.0,0.0,0.0
400_B_1,1,12,0.0,0.0,0.0
400_B_1,1,13,0.0,0.0,0.0
400_B_1,1,14,0.0,0.0,0.0
400_B_1,1,15,0.0,0.0,0.0
400_B_1,1,16,0.0,0.0,0.0
400_B_1,1,17,0.0,0.0,0.0
400_B_1,1,18,0.0,0.0,0.0
400_B_1,1,19,0.0,0.0,0.0
400_B_1,1,20,0.0,0.0,0.0
400_B_1,1,21,0.0,0.0,0.0
400_B_1,1,22,0.0,0.0,0.0
400_B_1,1,23,0.0,0.0,0.0
400_B_1,1,24,0.0,0.0,0.0
400_B_1,1,25,0.0,0.0,0.0
400_B_2,1,1,0.0,0.0,0.0
400_B_2,1,2,0.0,0.0,0.0
400_B_2,1,3,0.0,0.0,0.0
400_B_2,1,4,0.0,0.0,0.0
400_B_2,1,5,0.0,0.0,0.0
400_B_2,1,6,0.0,0.0,0.0
400_B_2,1,7,0.0,0.0,0.0
400_B_2,1,8,0.0,0.0,0.0
400_B_2,1,9,0.0,0.0,0.0
400_B_2,1,10,0.0,0.0,0.0
400_B_2,1,11,0.0,0.0,0.0
400_B_2,1,12,0.0,0.0,0.0
400_B_2,1,13,0.0,0.0,0.0
400_B_2,1,14,0.0,0.0,0.0
400_B_2,1,15,0.0,0.0,0.0
400_B_2,1,16,0.0,0.0,0.0
400_B_2,1,17,0.0,0.0,0.0
400_B_2,1,18,0.0,0.0,0.0
400_B_2,1,19,0.0,0.0,0.0
400_B_2,1,20,0.0,0.0,0.0
400_B_2,1,21,0.0,0.0,0.0
400_B_2,1,22,0.0,0.0,0.0
400_B_2,1,23,0.0,0.0,0.0
400_B_2,1,24,0.0,0.0,0.0
400_B_2,1,25,0.0,0.0,0.0
400_G_10,1,1,63.0,0.0,0.0
400_G_10,1,2,63.0,0.0,0.0
400_G_10,1,3,63.0,0.0,0.0
400_G_10,1,4,63.0,0.0,0.0
400_G_10,1,5,63.0,0.0,0.0
400_G_10,1,6,63.0,0.0,0.0
400_G_10,1,7,113.08500000000014,44.414999999999864,0.0
400_G_10,1,8,113.08500000000025,0.0,0.0
400_G_10,1,9,63.0,0.0,0.0
400_G_10,1,10,63.0,0.0,0.0
400_G_10,1,11,63.0,0.0,0.0
400_G_10,1,12,63.0,0.0,0.0
400_G_10,1,13,63.0,0.0,0.0
400_G_10,1,14,63.0,0.0,0.0
400_G_10,1,15,63.0,0.0,0.0
400_G_10,1,16,63.0,0.0,0.0
400_G_10,1,17,113.08500000000016,0.0,0.0
400_G_10,1,18,157.5,0.0,0.0
400_G_10,1,19,157.5,0.0,0.0
400_G_10,1,20,157.5,0.0,0.0
400_G_10,1,21,107.41499999999975,50.08500000000025,0.0
400_G_10,1,22,63.0,94.49999999999989,0.0
400_G_10,1,23,63.0,0.0,0.0
400_G_10,1,24,63.0,0.0,0.0
400_G_10,1,25,63.0,0.0,0.0
400_G_11,1,1,0.0,0.0,0.0
400_G_11,1,2,0.0,0.0,0.0
400_G_11,1,3,0.0,0.0,0.0
400_G_11,1,4,0.0,0.0,0.0
400_G_11,1,5,0.0,0.0,0.0
400_G_11,1,6,0.0,0.0,0.0
400_G_11,1,7,0.0,0.0,0.0
400_G_11,1,8,0.0,0.0,0.0
400_G_11,1,9,0.0,0.0,0.0
400_G_11,1,10,0.0,0.0,0.0
400_G_11,1,11,0.0,0.0,0.0
400_G_11,1,12,0.0,0.0,0.0
400_G_11,1,13,0.0,0.0,0.0
400_G_11,1,14,0.0,0.0,0.0
400_G_11,1,15,0.0,0.0,0.0
400_G_11,1,16,0.0,0.0,0.0
400_G_11,1,17,0.0,0.0,0.0
400_G_11,1,18,0.0,0.0,0.0
400_G_11,1,19,0.0,0.0,0.0
400_G_11,1,20,0.0,0.0,0.0
400_G_11,1,21,0.0,0.0,0.0
400_G_11,1,22,0.0,0.0,0.0
400_G_11,1,23,0.0,0.0,0.0
400_G_11,1,24,0.0,0.0,0.0
400_G_11,1,25,0.0,0.0,0.0
400_G_12,1,1,0.0,0.0,0.0
400_G_12,1,2,0.0,0.0,0.0
400_G_12,1,3,0.0,0.0,0.0
400_G_12,1,4,0.0,0.0,0.0
400_G_12,1,5,0.0,0.0,0.0
400_G_12,1,6,0.0,0.0,0.0
400_G_12,1,7,0.0,0.0,0.0
400_G_12,1,8,0.0,0.0,0.0
400_G_12,1,9,0.0,0.0,0.0
400_G_12,1,10,0.0,0.0,0.0
400_G_12,1,11,0.0,0.0,0.0
400_G_12,1,12,0.0,0.0,0.0
400_G_12,1,13,0.0,0.0,0.0
400_G_12,1,14,0.0,0.0,0.0
400_G_12,1,15,0.0,0.0,0.0
400_G_12,1,16,0.0,0.0,0.0
400_G_12,1,17,0.0,0.0,0.0
400_G_12,1,18,0.0,0.0,0.0
400_G_12,1,19,0.0,0.0,0.0
400_G_12,1,20,0.0,0.0,0.0
400_G_12,1,21,0.0,0.0,0.0
400_G_12,1,22,0.0,0.0,0.0
400_G_12,1,23,0.0,0.0,0.0
400_G_12,1,24,0.0,0.0,0.0
400_G_12,1,25,0.0,0.0,0.0
400_G_13,1,1,0.0,0.0,0.0
400_G_13,1,2,0.0,0.0,0.0
400_G_13,1,3,0.0,0.0,0.0
400_G_13,1,4,0.0,0.0,0.0
400_G_13,1,5,0.0,0.0,0.0
400_G_13,1,6,0.0,0.0,0.0
400_G_13,1,7,0.0,0.0,0.0
400_G_13,1,8,0.0,0.0,0.0
400_G_13,1,9,0.0,0.0,0.0
400_G_13,1,10,0.0,0.0,0.0
400_G_13,1,11,0.0,0.0,0.0
400_G_13,1,12,0.0,0.0,0.0
400_G_13,1,13,0.0,0.0,0.0
400_G_13,1,14,0.0,0.0,0.0
400_G_13,1,15,0.0,0.0,0.0
400_G_13,1,16,0.0,0.0,0.0
400_G_13,1,17,0.0,0.0,0.0
400_G_13,1,18,0.0,0.0,0.0
400_G_13,1,19,0.0,0.0,0.0
400_G_13,1,20,0.0,0.0,0.0
400_G_13,1,21,0.0,0.0,0.0
400_G_13,1,22,0.0,0.0,0.0
400_G_13,1,23,0.0,0.0,0.0
400_G_13,1,24,0.0,0.0,0.0
400_G_13,1,25,0.0,0.0,0.0
400_G_14,1,1,0.0,0.0,0.0
400_G_14,1,2,0.0,0.0,0.0
400_G_14,1,3,0.0,0.0,0.0
400_G_14,1,4,0.0,0.0,0.0
400_G_14,1,5,0.0,0.0,0.0
400_G_14,1,6,0.0,0.0,0.0
400_G_14,1,7,0.0,0.0,0.0
400_G_14,1,8,0.0,0.0,0.0
400_G_14,1,9,0.0,0.0,0.0
400_G_14,1,10,0.0,0.0,0.0
400_G_14,1,11,0.0,0.0,0.0
400_G_14,1,12,0.0,0.0,0.0
400_G_14,1,13,0.0,0.0,0.0
400_G_14,1,14,0.0,0.0,0.0
400_G_14,1,15,0.0,0.0,0.0
400_G_14,1,16,0.0,0.0,0.0
400_G_14,1,17,0.0,0.0,0.0
400_G_14,1,18,0.0,0.0,0.0
400_G_14,1,19,0.0,0.0,0.0
400_G_14,1,20,0.0,0.0,0.0
400_G_14,1,21,0.0,0.0,0.0
400_G_14,1,22,0.0,0.0,0.0
400_G_14,1,23,0.0,0.0,0.0
400_G_14,1,24,0.0,0.0,0.0
400_G_14,1,25,0.0,0.0,0.0
400_G_15,1,1,0.0,0.0,0.0
400_G_15,1,2,0.0,0.0,0.0
400_G_15,1,3,0.0,0.0,0.0
400_G_15,1,4,0.0,0.0,0.0
400_G_15,1,5,0.0,0.0,0.0
400_G_15,1,6,0.0,0.0,0.0
400_G_15,1,7,0.0,0.0,0.0
400_G_15,1,8,0.0,0.0,0.0
400_G_15,1,9,0.0,0.0,0.0
400_G_15,1,10,0.0,0.0,0.0
400_G_15,1,11,0.0,0.0,0.0
400_G_15,1,12,0.0,0.0,0.0
400_G_15,1,13,0.0,0.0,0.0
400_G_15,1,14,0.0,0.0,0.0
400_G_15,1,15,0.0,0.0,0.0
400_G_15,1,16,0.0,0.0,0.0
400_G_15,1,17,0.0,0.0,0.0
400_G_15,1,18,0.0,0.0,0.0
400_G_15,1,19,0.0,0.0,0.0
400_G_15,1,20,0.0,0.0,0.0
400_G_15,1,21,0.0,0.0,0.0
400_G_15,1,22,0.0,0.0,0.0
400_G_15,1,23,0.0,0.0,0.0
400_G_15,1,24,0.0,0.0,0.0
400_G_15,1,25,0.0,0.0,0.0
400_G_16,1,1,0.0,0.0,0.0
400_G_16,1,2,0.0,0.0,0.0
400_G_16,1,3,0.0,0.0,0.0
400_G_16,1,4,0.0,0.0,0.0
400_G_16,1,5,0.0,0.0,0.0
400_G_16,1,6,0.0,0.0,0.0
400_G_16,1,7,0.0,0.0,0.0
400_G_16,1,8,0.0,0.0,0.0
400_G_16,1,9,0.0,0.0,0.0
400_G_16,1,10,0.0,0.0,0.0
400_G_16,1,11,0.0,0.0,0.0
400_G_16,1,12,0.0,0.0,0.0
400_G_16,1,13,0.0,0.0,0.0
400_G_16,1,14,0.0,0.0,0.0
400_G_16,1,15,0.0,0.0,0.0
400_G_16,1,16,0.0,0.0,0.0
400_G_16,1,17,0.0,0.0,0.0
400_G_16,1,18,0.0,0.0,0.0
400_G_16,1,19,0.0,0.0,0.0
400_G_16,1,20,0.0,0.0,0.0
400_G_16,1,21,0.0,0.0,0.0
400_G_16,1,22,0.0,0.0,0.0
400_G_16,1,23,0.0,0.0,0.0
400_G_16,1,24,0.0,0.0,0.0
400_G_16,1,25,0.0,0.0,0.0
400_G_8,1,1,94.0,0.0,0.0
400_G_8,1,2,94.0,0.0,0.0
400_G_8,1,3,94.0,0.0,0.0
400_G_8,1,4,94.0,0.0,0.0
400_G_8,1,5,94.0,0.0,0.0
400_G_8,1,6,94.0,0.0,0.0
400_G_8,1,7,168.7300000000002,66.26999999999997,0.0
400_G_8,1,8,168.7300000000003,0.0,0.0
400_G_8,1,9,94.0,0.0,0.0
400_G_8,1,10,94.0,0.0,0.0
400_G_8,1,11,94.0,0.0,0.0
400_G_8,1,12,94.0,0.0,0.0
400_G_8,1,13,94.0,0.0,0.0
400_G_8,1,14,94.0,0.0,0.0
400_G_8,1,15,94.0,0.0,0.0
400_G_8,1,16,94.0,0.0,0.0
400_G_8,1,17,168.7300000000003,0.0,0.0
400_G_8,1,18,235.0,0.0,0.0
400_G_8,1,19,235.0,0.0,0.0
400_G_8,1,20,235.0,0.0,0.0
400_G_8,1,21,160.26999999999998,74.73000000000002,0.0
400_G_8,1,22,114.0686286725633,120.93137132743668,0.0
400_G_8,1,23,94.0,0.0,0.0
400_G_8,1,24,94.0,0.0,0.0
400_G_8,1,25,94.0,0.0,0.0
400_G_9,1,1,63.0,0.0,0.0
400_G_9,1,2,63.0,0.0,0.0
400_G_9,1,3,63.0,0.0,0.0
400_G_9,1,4,63.0,0.0,0.0
400_G_9,1,5,63.0,0.0,0.0
400_G_9,1,6,63.0,0.0,0.0
400_G_9,1,7,113.08500000000014,44.414999999999864,0.0
400_G_9,1,8,113.08500000000001,0.0,0.0
400_G_9,1,9,63.0,0.0,0.0
400_G_9,1,10,63.0,0.0,0.0
400_G_9,1,11,63.0,0.0,0.0
400_G_9,1,12,63.0,0.0,0.0
400_G_9,1,13,63.0,0.0,0.0
400_G_9,1,14,63.0,0.0,0.0
400_G_9,1,15,63.0,0.0,0.0
400_G_9,1,16,63.0,0.0,0.0
400_G_9,1,17,113.08500000000016,0.0,0.0
400_G_9,1,18,157.5,0.0,0.0
400_G_9,1,19,157.5,0.0,0.0
400_G_9,1,20,157.5,0.0,0.0
400_G_9,1,21,107.41499999999981,50.08500000000019,0.0
400_G_9,1,22,63.0,94.5,0.0
400_G_9,1,23,63.0,0.0,0.0
400_G_9,1,24,63.0,0.0,0.0
400_G_9,1,25,63.0,0.0,0.0
404_B_1,1,1,0.0,0.0,0.0
404_B_1,1,2,0.0,0.0,0.0
404_B_1,1,3,0.0,0.0,0.0
404_B_1,1,4,0.0,0.0,0.0
404_B_1,1,5,0.0,0.0,0.0
404_B_1,1,6,0.0,0.0,0.0
404_B_1,1,7,0.0,0.0,0.0
404_B_1,1,8,0.0,0.0,0.0
404_B_1,1,9,0.0,0.0,0.0
404_B_1,1,10,0.0,0.0,0.0
404_B_1,1,11,0.0,0.0,0.0
404_B_1,1,12,0.0,0.0,0.0
404_B_1,1,13,0.0,0.0,0.0
404_B_1,1,14,0.0,0.0,0.0
404_B_1,1,15,0.0,0.0,0.0
404_B_1,1,16,0.0,0.0,0.0
404_B_1,1,17,0.0,0.0,0.0
404_B_1,1,18,0.0,0.0,0.0
404_B_1,1,19,0.0,0.0,0.0
404_B_1,1,20,0.0,0.0,0.0
404_B_1,1,21,0.0,0.0,0.0
404_B_1,1,22,0.0,0.0,0.0
404_B_1,1,23,0.0,0.0,0.0
404_B_1,1,24,0.0,0.0,0.0
404_B_1,1,25,0.0,0.0,0.0
404_B_2,1,1,0.0,0.0,0.0
404_B_2,1,2,0.0,0.0,0.0
404_B_2,1,3,0.0,0.0,0.0
404_B_2,1,4,0.0,0.0,0.0
404_B_2,1,5,0.0,0.0,0.0
404_B_2,1,6,0.0,0.0,0.0
404_B_2,1,7,0.0,0.0,0.0
404_B_2,1,8,0.0,0.0,0.0
404_B_2,1,9,0.0,0.0,0.0
404_B_2,1,10,0.0,0.0,0.0
404_B_2,1,11,0.0,0.0,0.0
404_B_2,1,12,0.0,0.0,0.0
404_B_2,1,13,0.0,0.0,0.0
404_B_2,1,14,0.0,0.0,0.0
404_B_2,1,15,0.0,0.0,0.0
404_B_2,1,16,0.0,0.0,0.0
404_B_2,1,17,0.0,0.0,0.0
404_B_2,1,18,0.0,0.0,0.0
404_B_2,1,19,0.0,0.0,0.0
404_B_2,1,20,0.0,0.0,0.0
404_B_2,1,21,0.0,0.0,0.0
404_B_2,1,22,0.0,0.0,0.0
404_B_2,1,23,0.0,0.0,0.0
404_B_2,1,24,0.0,0.0,0.0
404_B_2,1,25,0.0,0.0,0.0
404_G_4,1,1,146.47200000000026,57.52799999999951,0.0
404_G_4,1,2,81.60000000000002,122.39999999999975,0.0
404_G_4,1,3,81.60000000000002,122.39999999999998,0.0
404_G_4,1,4,81.60000000000002,122.39999999999975,0.0
404_G_4,1,5,139.1279999999998,64.87199999999976,0.0
404_G_4,1,6,204.0,0.0,0.0
404_G_4,1,7,204.0,0.0,0.0
404_G_4,1,8,204.0,0.0,0.0
404_G_4,1,9,139.1279999999996,64.87199999999997,57.527999999999565
404_G_4,1,10,81.60000000000002,0.0,0.0
404_G_4,1,11,81.60000000000002,122.39999999999975,0.0
404_G_4,1,12,81.60000000000002,122.39999999999975,0.0
404_G_4,1,13,81.60000000000002,122.39999999999998,0.0
404_G_4,1,14,81.60000000000002,0.0,0.0
404_G_4,1,15,81.60000000000002,0.0,0.0
404_G_4,1,16,81.60000000000002,0.0,0.0
404_G_4,1,17,146.47200000000026,57.52799999999951,0.0
404_G_4,1,18,204.0,0.0,0.0
404_G_4,1,19,204.0,0.0,0.0
404_G_4,1,20,204.0,0.0,0.0
404_G_4,1,21,204.0,0.0,0.0
404_G_4,1,22,204.0,0.0,0.0
404_G_4,1,23,204.0,0.0,0.0
404_G_4,1,24,204.0,0.0,0.0
404_G_4,1,25,81.60000000000002,122.39999999999975,0.0
404_G_5,1,1,73.2360000000001,28.763999999999974,0.0
404_G_5,1,2,40.8,61.2,0.0
404_G_5,1,3,40.8,61.2,0.0
404_G_5,1,4,40.8,61.2,0.0
404_G_5,1,5,69.56400000000005,32.43600000000001,0.0
404_G_5,1,6,102.0,0.0,0.0
404_G_5,1,7,102.0,0.0,0.0
404_G_5,1,8,102.0,0.0,0.0
404_G_5,1,9,69.56399999999982,32.43600000000018,28.763999999999825
404_G_5,1,10,40.8,61.2,0.0
404_G_5,1,11,40.8,61.2,0.0
404_G_5,1,12,40.8,61.2,0.0
404_G_5,1,13,40.8,61.2,0.0
404_G_5,1,14,40.8,0.0,0.0
404_G_5,1,15,40.8,0.0,0.0
404_G_5,1,16,40.8,61.2,0.0
404_G_5,1,17,73.2360000000001,28.763999999999896,0.0
404_G_5,1,18,102.0,0.0,0.0
404_G_5,1,19,102.0,0.0,0.0
404_G_5,1,20,102.0,0.0,0.0
404_G_5,1,21,102.0,0.0,0.0
404_G_5,1,22,102.0,0.0,0.0
404_G_5,1,23,102.0,0.0,0.0
404_G_5,1,24,102.0,0.0,0.0
404_G_5,1,25,40.8,61.2,0.0
404_G_6,1,1,0.0,0.0,0.0
404_G_6,1,2,0.0,0.0,0.0
404_G_6,1,3,0.0,0.0,0.0
404_G_6,1,4,0.0,0.0,0.0
404_G_6,1,5,0.0,0.0,0.0
404_G_6,1,6,0.0,0.0,0.0
404_G_6,1,7,0.0,0.0,0.0
404_G_6,1,8,0.0,0.0,0.0
404_G_6,1,9,0.0,0.0,0.0
404_G_6,1,10,0.0,0.0,0.0
404_G_6,1,11,0.0,0.0,0.0
404_G_6,1,12,0.0,0.0,0.0
404_G_6,1,13,0.0,0.0,0.0
404_G_6,1,14,0.0,0.0,0.0
404_G_6,1,15,0.0,0.0,0.0
404_G_6,1,16,0.0,0.0,0.0
404_G_6,1,17,0.0,0.0,0.0
404_G_6,1,18,0.0,0.0,0.0
404_G_6,1,19,0.0,0.0,0.0
404_G_6,1,20,0.0,0.0,0.0
404_G_6,1,21,0.0,0.0,0.0
404_G_6,1,22,0.0,0.0,0.0
404_G_6,1,23,0.0,0.0,0.0
404_G_6,1,24,0.0,0.0,0.0
404_G_6,1,25,0.0,0.0,0.0
404_G_7,1,1,0.0,0.0,0.0
404_G_7,1,2,0.0,0.0,0.0
404_G_7,1,3,0.0,0.0,0.0
404_G_7,1,4,0.0,0.0,0.0
404_G_7,1,5,0.0,0.0,0.0
404_G_7,1,6,0.0,0.0,0.0
404_G_7,1,7,0.0,0.0,0.0
404_G_7,1,8,0.0,0.0,0.0
404_G_7,1,9,0.0,0.0,0.0
404_G_7,1,10,0.0,0.0,0.0
404_G_7,1,11,0.0,0.0,0.0
404_G_7,1,12,0.0,0.0,0.0
404_G_7,1,13,0.0,0.0,0.0
404_G_7,1,14,0.0,0.0,0.0
404_G_7,1,15,0.0,0.0,0.0
404_G_7,1,16,0.0,0.0,0.0
404_G_7,1,17,0.0,0.0,0.0
404_G_7,1,18,0.0,0.0,0.0
404_G_7,1,19,0.0,0.0,0.0
404_G_7,1,20,0.0,0.0,0.0
404_G_7,1,21,0.0,0.0,0.0
404_G_7,1,22,0.0,0.0,0.0
404_G_7,1,23,0.0,0.0,0.0
404_G_7,1,24,0.0,0.0,0.0
404_G_7,1,25,0.0,0.0,0.0
408_G_6,1,1,62.400000000000006,0.0,0.0
408_G_6,1,2,62.400000000000006,0.0,0.0
408_G_6,1,3,62.400000000000006,0.0,0.0
408_G_6,1,4,62.400000000000006,0.0,0.0
408_G_6,1,5,62.40000000000001,0.0,0.0
408_G_6,1,6,62.400000000000006,0.0,0.0
408_G_6,1,7,62.400000000000006,0.0,0.0
408_G_6,1,8,112.00800000000011,0.0,0.0
408_G_6,1,9,62.400000000000006,0.0,0.0
408_G_6,1,10,62.40000000000001,0.0,0.0
408_G_6,1,11,62.400000000000006,0.0,0.0
408_G_6,1,12,62.400000000000006,0.0,0.0
408_G_6,1,13,62.400000000000006,0.0,0.0
408_G_6,1,14,62.400000000000006,0.0,0.0
408_G_6,1,15,62.400000000000006,0.0,0.0
408_G_6,1,16,62.400000000000006,0.0,0.0
408_G_6,1,17,112.00800000000005,0.0,0.0
408_G_6,1,18,62.400000000000006,93.6,0.0
408_G_6,1,19,62.400000000000006,93.6,0.0
408_G_6,1,20,62.400000000000006,93.6,0.0
408_G_6,1,21,62.400000000000006,93.6,0.0
408_G_6,1,22,62.400000000000006,0.0,0.0
408_G_6,1,23,62.400000000000006,0.0,0.0
408_G_6,1,24,62.400000000000006,0.0,0.0
408_G_6,1,25,62.400000000000006,0.0,0.0
408_G_7,1,1,62.400000000000006,0.0,0.0
408_G_7,1,2,62.400000000000006,0.0,0.0
408_G_7,1,3,62.400000000000006,0.0,0.0
408_G_7,1,4,62.400000000000006,0.0,0.0
408_G_7,1,5,62.400000000000006,0.0,0.0
408_G_7,1,6,62.400000000000006,0.0,0.0
408_G_7,1,7,62.400000000000006,0.0,0.0
408_G_7,1,8,112.00800000000011,0.0,0.0
408_G_7,1,9,62.400000000000006,0.0,0.0
408_G_7,1,10,62.40000000000001,0.0,0.0
408_G_7,1,11,62.400000000000006,0.0,0.0
408_G_7,1,12,62.400000000000006,0.0,0.0
408_G_7,1,13,62.400000000000006,0.0,0.0
408_G_7,1,14,62.400000000000006,0.0,0.0
408_G_7,1,15,62.400000000000006,0.0,0.0
408_G_7,1,16,62.400000000000006,0.0,0.0
408_G_7,1,17,112.00800000000005,0.0,0.0
408_G_7,1,18,62.400000000000006,93.6,0.0
408_G_7,1,19,62.400000000000006,93.6,0.0
408_G_7,1,20,62.400000000000006,93.6,0.0
408_G_7,1,21,62.400000000000006,93.6,0.0
408_G_7,1,22,62.400000000000006,0.0,0.0
408_G_7,1,23,62.400000000000006,0.0,0.0
408_G_7,1,24,62.400000000000006,0.0,0.0
408_G_7,1,25,62.400000000000006,0.0,0.0
408_G_8,1,1,80.4,0.0,0.0
408_G_8,1,2,80.4,0.0,0.0
408_G_8,1,3,80.4,0.0,0.0
408_G_8,1,4,80.4,0.0,0.0
408_G_8,1,5,80.4,0.0,0.0
408_G_8,1,6,80.4,0.0,0.0
408_G_8,1,7,80.4,0.0,0.0
408_G_8,1,8,144.31800000000015,0.0,0.0
408_G_8,1,9,80.4,0.0,0.0
408_G_8,1,10,80.4,0.0,0.0
408_G_8,1,11,80.4,0.0,0.0
408_G_8,1,12,80.4,0.0,0.0
408_G_8,1,13,80.4,0.0,0.0
408_G_8,1,14,80.4,0.0,0.0
408_G_8,1,15,80.4,0.0,0.0
408_G_8,1,16,80.4,0.0,0.0
408_G_8,1,17,144.31800000000007,0.0,0.0
408_G_8,1,18,80.4,120.6,0.0
408_G_8,1,19,80.4,120.6,0.0
408_G_8,1,20,98.38644985250676,102.61355014749324,0.0
408_G_8,1,21,80.4,120.6,0.0
408_G_8,1,22,80.4,92.9598286725635,0.0
408_G_8,1,23,80.4,0.0,0.0
408_G_8,1,24,80.4,0.0,0.0
408_G_8,1,25,80.4,0.0,0.0
422_G_GT5,1,1,68.0,0.0,0.0
422_G_GT5,1,2,27.20000000000001,40.79999999999999,0.0
422_G_GT5,1,3,27.20000000000001,40.79999999999999,0.0
422_G_GT5,1,4,27.20000000000001,40.79999999999999,0.0
422_G_GT5,1,5,41.61204182890751,26.387958171092492,0.0
422_G_GT5,1,6,68.0,0.0,0.0
422_G_GT5,1,7,68.0,0.0,0.0
422_G_GT5,1,8,68.0,0.0,0.0
422_G_GT5,1,9,27.20000000000001,40.79999999999999,0.0
422_G_GT5,1,10,27.20000000000001,40.79999999999999,0.0
422_G_GT5,1,11,27.20000000000001,40.79999999999999,0.0
422_G_GT5,1,12,27.20000000000001,40.79999999999999,0.0
422_G_GT5,1,13,36.17017281469121,31.829827185308893,8.970172814691281
422_G_GT5,1,14,27.20000000000001,34.89439999999806,0.0
422_G_GT5,1,15,27.20000000000001,0.0,0.0
422_G_GT5,1,16,27.20000000000001,40.79999999999999,0.0
422_G_GT5,1,17,68.0,0.0,0.0
422_G_GT5,1,18,68.0,0.0,0.0
422_G_GT5,1,19,68.0,0.0,0.0
422_G_GT5,1,20,68.0,0.0,0.0
422_G_GT5,1,21,68.0,0.0,0.0
422_G_GT5,1,22,68.0,0.0,0.0
422_G_GT5,1,23,68.0,0.0,0.0
422_G_GT5,1,24,68.0,0.0,0.0
422_G_GT5,1,25,27.20000000000001,40.79999999999999,0.0
422_G_ST1,1,1,16.0,0.0,0.0
422_G_ST1,1,2,6.4,9.6,0.0
422_G_ST1,1,3,6.4,9.6,0.0
422_G_ST1,1,4,6.4,9.6,0.0
422_G_ST1,1,5,16.0,0.0,0.0
422_G_ST1,1,6,16.0,0.0,0.0
422_G_ST1,1,7,16.0,0.0,9.6
422_G_ST1,1,8,16.0,0.0,0.0
422_G_ST1,1,9,6.4,9.6,0.0
422_G_ST1,1,10,6.4,9.6,0.0
422_G_ST1,1,11,6.4,9.6,0.0
422_G_ST1,1,12,6.4,9.6,0.0
422_G_ST1,1,13,16.0,0.0,9.6
422_G_ST1,1,14,6.4,9.6,0.0
422_G_ST1,1,15,6.4,0.0,0.0
422_G_ST1,1,16,6.4,9.6,0.0
422_G_ST1,1,17,16.0,0.0,0.0
422_G_ST1,1,18,16.0,0.0,0.0
422_G_ST1,1,19,16.0,0.0,0.0
422_G_ST1,1,20,16.0,0.0,0.0
422_G_ST1,1,21,16.0,0.0,0.0
422_G_ST1,1,22,16.0,0.0,0.0
422_G_ST1,1,23,16.0,0.0,0.0
422_G_ST1,1,24,16.0,0.0,0.0
422_G_ST1,1,25,16.0,0.0,0.0
50049_B_BLRC,1,1,183.6,0.0,0.0
50049_B_BLRC,1,2,183.6,0.0,0.0
50049_B_BLRC,1,3,183.6,0.0,0.0
50049_B_BLRC,1,4,183.6,0.0,0.0
50049_B_BLRC,1,5,183.6,0.0,0.0
50049_B_BLRC,1,6,183.6,0.0,0.0
50049_B_BLRC,1,7,183.6,0.0,0.0
50049_B_BLRC,1,8,183.6,0.0,0.0
50049_B_BLRC,1,9,73.44,0.0,0.0
50049_B_BLRC,1,10,73.44,0.0,0.0
50049_B_BLRC,1,11,73.44,0.0,0.0
50049_B_BLRC,1,12,73.44,0.0,0.0
50049_B_BLRC,1,13,73.44,0.0,0.0
50049_B_BLRC,1,14,73.44,0.0,0.0
50049_B_BLRC,1,15,73.44,0.0,0.0
50049_B_BLRC,1,16,73.44,0.0,0.0
50049_B_BLRC,1,17,183.6,0.0,0.0
50049_B_BLRC,1,18,183.6,0.0,0.0
50049_B_BLRC,1,19,183.6,0.0,0.0
50049_B_BLRC,1,20,183.6,0.0,0.0
50049_B_BLRC,1,21,183.6,0.0,0.0
50049_B_BLRC,1,22,183.6,0.0,0.0
50049_B_BLRC,1,23,183.6,0.0,0.0
50049_B_BLRC,1,24,183.6,0.0,0.0
50049_B_BLRC,1,25,183.6,0.0,0.0
50066_G_UNT1,1,1,50.0,0.0,30.0
50066_G_UNT1,1,2,50.0,0.0,30.0
50066_G_UNT1,1,3,50.0,0.0,30.0
50066_G_UNT1,1,4,50.0,0.0,30.0
50066_G_UNT1,1,5,50.0,0.0,0.0
50066_G_UNT1,1,6,50.0,0.0,0.0
50066_G_UNT1,1,7,50.0,0.0,30.0
50066_G_UNT1,1,8,50.0,0.0,0.0
50066_G_UNT1,1,9,50.0,0.0,30.0
50066_G_UNT1,1,10,32.89999999999989,17.10000000000017,0.0
50066_G_UNT1,1,11,50.0,0.0,30.0
50066_G_UNT1,1,12,50.0,0.0,30.0
50066_G_UNT1,1,13,50.0,0.0,30.0
50066_G_UNT1,1,14,32.9,17.1,0.0
50066_G_UNT1,1,15,20.0,30.0,0.0
50066_G_UNT1,1,16,32.9,17.1,0.0
50066_G_UNT1,1,17,50.0,0.0,0.0
50066_G_UNT1,1,18,50.0,0.0,0.0
50066_G_UNT1,1,19,50.0,0.0,0.0
50066_G_UNT1,1,20,50.0,0.0,0.0
50066_G_UNT1,1,21,50.0,0.0,0.0
50066_G_UNT1,1,22,50.0,0.0,0.0
50066_G_UNT1,1,23,50.0,0.0,0.0
50066_G_UNT1,1,24,50.0,0.0,0.0
50066_G_UNT1,1,25,50.0,0.0,30.0
50066_G_UNT2,1,1,50.0,0.0,30.0
50066_G_UNT2,1,2,50.0,0.0,30.0
50066_G_UNT2,1,3,50.0,0.0,30.0
50066_G_UNT2,1,4,50.0,0.0,30.0
50066_G_UNT2,1,5,50.0,0.0,0.0
50066_G_UNT2,1,6,50.0,0.0,0.0
50066_G_UNT2,1,7,50.0,0.0,30.0
50066_G_UNT2,1,8,50.0,0.0,0.0
50066_G_UNT2,1,9,50.0,0.0,30.0
50066_G_UNT2,1,10,32.89999999999989,17.10000000000017,0.0
50066_G_UNT2,1,11,50.0,0.0,30.0
50066_G_UNT2,1,12,50.0,0.0,30.0
50066_G_UNT2,1,13,50.0,0.0,30.0
50066_G_UNT2,1,14,32.9,17.10000000000002,0.0
50066_G_UNT2,1,15,20.0,30.0,0.0
50066_G_UNT2,1,16,32.9,17.10000000000002,0.0
50066_G_UNT2,1,17,50.0,0.0,0.0
50066_G_UNT2,1,18,50.0,0.0,0.0
50066_G_UNT2,1,19,50.0,0.0,0.0
50066_G_UNT2,1,20,50.0,0.0,0.0
50066_G_UNT2,1,21,50.0,0.0,0.0
50066_G_UNT2,1,22,50.0,0.0,0.0
50066_G_UNT2,1,23,50.0,0.0,0.0
50066_G_UNT2,1,24,50.0,0.0,0.0
50066_G_UNT2,1,25,50.0,0.0,30.0
50119_G_GENA,1,1,45.6,0.0,0.0
50119_G_GENA,1,2,45.6,0.0,0.0
50119_G_GENA,1,3,45.6,0.0,0.0
50119_G_GENA,1,4,45.6,0.0,0.0
50119_G_GENA,1,5,45.6,0.0,0.0
50119_G_GENA,1,6,45.6,0.0,0.0
50119_G_GENA,1,7,45.6,0.0,0.0
50119_G_GENA,1,8,45.6,0.0,0.0
50119_G_GENA,1,9,25.079999999999966,0.0,0.0
50119_G_GENA,1,10,18.24,0.0,0.0
50119_G_GENA,1,11,18.24,0.0,0.0
50119_G_GENA,1,12,18.24,0.0,0.0
50119_G_GENA,1,13,18.24,0.0,0.0
50119_G_GENA,1,14,18.24,0.0,0.0
50119_G_GENA,1,15,18.24,0.0,0.0
50119_G_GENA,1,16,25.080000000000002,0.0,0.0
50119_G_GENA,1,17,45.6,0.0,0.0
50119_G_GENA,1,18,45.6,0.0,0.0
50119_G_GENA,1,19,45.6,0.0,0.0
50119_G_GENA,1,20,45.6,0.0,0.0
50119_G_GENA,1,21,45.6,0.0,0.0
50119_G_GENA,1,22,45.6,0.0,0.0
50119_G_GENA,1,23,45.6,0.0,0.0
50119_G_GENA,1,24,45.6,0.0,0.0
50119_G_GENA,1,25,45.6,0.0,0.0
50134_G_GTAG,1,1,0.0,0.0,0.0
50134_G_GTAG,1,2,0.0,0.0,0.0
50134_G_GTAG,1,3,0.0,0.0,0.0
50134_G_GTAG,1,4,0.0,0.0,0.0
50134_G_GTAG,1,5,0.0,0.0,0.0
50134_G_GTAG,1,6,0.0,0.0,0.0
50134_G_GTAG,1,7,0.0,0.0,0.0
50134_G_GTAG,1,8,0.0,0.0,0.0
50134_G_GTAG,1,9,0.0,0.0,0.0
50134_G_GTAG,1,10,0.0,0.0,0.0
50134_G_GTAG,1,11,0.0,0.0,0.0
50134_G_GTAG,1,12,0.0,0.0,0.0
50134_G_GTAG,1,13,0.0,0.0,0.0
50134_G_GTAG,1,14,0.0,0.0,0.0
50134_G_GTAG,1,15,0.0,0.0,0.0
50134_G_GTAG,1,16,0.0,0.0,0.0
50134_G_GTAG,1,17,0.0,0.0,0.0
50134_G_GTAG,1,18,55.650000000000034,0.0,0.0
50134_G_GTAG,1,19,0.0,0.0,0.0
50134_G_GTAG,1,20,0.0,0.0,0.0
50134_G_GTAG,1,21,0.0,0.0,0.0
50134_G_GTAG,1,22,0.0,0.0,0.0
50134_G_GTAG,1,23,0.0,0.0,0.0
50134_G_GTAG,1,24,0.0,0.0,0.0
50134_G_GTAG,1,25,0.0,0.0,0.0
50134_G_GTBG,1,1,0.0,0.0,0.0
50134_G_GTBG,1,2,0.0,0.0,0.0
50134_G_GTBG,1,3,0.0,0.0,0.0
50134_G_GTBG,1,4,0.0,0.0,0.0
50134_G_GTBG,1,5,0.0,0.0,0.0
50134_G_GTBG,1,6,0.0,0.0,0.0
50134_G_GTBG,1,7,0.0,0.0,0.0
50134_G_GTBG,1,8,0.0,0.0,0.0
50134_G_GTBG,1,9,0.0,0.0,0.0
50134_G_GTBG,1,10,0.0,0.0,0.0
50134_G_GTBG,1,11,0.0,0.0,0.0
50134_G_GTBG,1,12,0.0,0.0,0.0
50134_G_GTBG,1,13,0.0,0.0,0.0
50134_G_GTBG,1,14,0.0,0.0,0.0
50134_G_GTBG,1,15,0.0,0.0,0.0
50134_G_GTBG,1,16,0.0,0.0,0.0
50134_G_GTBG,1,17,0.0,0.0,0.0
50134_G_GTBG,1,18,55.65000000000002,0.0,0.0
50134_G_GTBG,1,19,0.0,0.0,0.0
50134_G_GTBG,1,20,0.0,0.0,0.0
50134_G_GTBG,1,21,0.0,0.0,0.0
50134_G_GTBG,1,22,0.0,0.0,0.0
50134_G_GTBG,1,23,0.0,0.0,0.0
50134_G_GTBG,1,24,0.0,0.0,0.0
50134_G_GTBG,1,25,0.0,0.0,0.0
50134_G_GTCG,1,1,0.0,0.0,0.0
50134_G_GTCG,1,2,0.0,0.0,0.0
50134_G_GTCG,1,3,0.0,0.0,0.0
50134_G_GTCG,1,4,0.0,0.0,0.0
50134_G_GTCG,1,5,0.0,0.0,0.0
50134_G_GTCG,1,6,0.0,0.0,0.0
50134_G_GTCG,1,7,0.0,0.0,0.0
50134_G_GTCG,1,8,0.0,0.0,0.0
50134_G_GTCG,1,9,0.0,0.0,0.0
50134_G_GTCG,1,10,0.0,0.0,0.0
50134_G_GTCG,1,11,0.0,0.0,0.0
50134_G_GTCG,1,12,0.0,0.0,0.0
50134_G_GTCG,1,13,0.0,0.0,0.0
50134_G_GTCG,1,14,0.0,0.0,0.0
50134_G_GTCG,1,15,0.0,0.0,0.0
50134_G_GTCG,1,16,0.0,0.0,0.0
50134_G_GTCG,1,17,0.0,0.0,0.0
50134_G_GTCG,1,18,55.650000000000034,0.0,0.0
50134_G_GTCG,1,19,0.0,0.0,0.0
50134_G_GTCG,1,20,0.0,0.0,0.0
50134_G_GTCG,1,21,0.0,0.0,0.0
50134_G_GTCG,1,22,0.0,0.0,0.0
50134_G_GTCG,1,23,0.0,0.0,0.0
50134_G_GTCG,1,24,0.0,0.0,0.0
50134_G_GTCG,1,25,0.0,0.0,0.0
50134_G_GTDG,1,1,0.0,0.0,0.0
50134_G_GTDG,1,2,0.0,0.0,0.0
50134_G_GTDG,1,3,0.0,0.0,0.0
50134_G_GTDG,1,4,0.0,0.0,0.0
50134_G_GTDG,1,5,0.0,0.0,0.0
50134_G_GTDG,1,6,0.0,0.0,0.0
50134_G_GTDG,1,7,0.0,0.0,0.0
50134_G_GTDG,1,8,0.0,0.0,0.0
50134_G_GTDG,1,9,0.0,0.0,0.0
50134_G_GTDG,1,10,0.0,0.0,0.0
50134_G_GTDG,1,11,0.0,0.0,0.0
50134_G_GTDG,1,12,0.0,0.0,0.0
50134_G_GTDG,1,13,0.0,0.0,0.0
50134_G_GTDG,1,14,0.0,0.0,0.0
50134_G_GTDG,1,15,0.0,0.0,0.0
50134_G_GTDG,1,16,0.0,0.0,0.0
50134_G_GTDG,1,17,0.0,0.0,0.0
50134_G_GTDG,1,18,55.65000000000004,0.0,0.0
50134_G_GTDG,1,19,50.14931451327726,0.0,0.0
50134_G_GTDG,1,20,0.0,0.0,0.0
50134_G_GTDG,1,21,0.0,0.0,0.0
50134_G_GTDG,1,22,0.0,0.0,0.0
50134_G_GTDG,1,23,0.0,0.0,0.0
50134_G_GTDG,1,24,0.0,0.0,0.0
50134_G_GTDG,1,25,0.0,0.0,0.0
50210_G_GEN1,1,1,23.5,0.0,14.1
50210_G_GEN1,1,2,23.5,0.0,14.1
50210_G_GEN1,1,3,23.5,0.0,14.1
50210_G_GEN1,1,4,23.5,0.0,14.1
50210_G_GEN1,1,5,23.5,0.0,0.0
50210_G_GEN1,1,6,23.5,0.0,0.0
50210_G_GEN1,1,7,23.5,0.0,14.1
50210_G_GEN1,1,8,23.5,0.0,0.0
50210_G_GEN1,1,9,23.5,0.0,14.1
50210_G_GEN1,1,10,15.462999999999946,8.037000000000074,0.0
50210_G_GEN1,1,11,23.5,0.0,14.1
50210_G_GEN1,1,12,23.5,0.0,14.1
50210_G_GEN1,1,13,23.5,0.0,14.1
50210_G_GEN1,1,14,15.462999999999948,8.037000000000072,0.0
50210_G_GEN1,1,15,9.4,14.1,0.0
50210_G_GEN1,1,16,15.463,8.037,0.0
50210_G_GEN1,1,17,23.5,0.0,0.0
50210_G_GEN1,1,18,23.5,0.0,0.0
50210_G_GEN1,1,19,23.5,0.0,0.0
50210_G_GEN1,1,20,23.5,0.0,0.0
50210_G_GEN1,1,21,23.5,0.0,0.0
50210_G_GEN1,1,22,23.5,0.0,0.0
50210_G_GEN1,1,23,23.5,0.0,0.0
50210_G_GEN1,1,24,23.5,0.0,0.0
50210_G_GEN1,1,25,23.5,0.0,14.1
50210_G_GEN2,1,1,6.0,0.0,3.5999999999999996
50210_G_GEN2,1,2,6.0,0.0,3.5999999999999996
50210_G_GEN2,1,3,6.0,0.0,3.5999999999999996
50210_G_GEN2,1,4,6.0,0.0,3.5999999999999996
50210_G_GEN2,1,5,6.0,0.0,0.0
50210_G_GEN2,1,6,6.0,0.0,0.0
50210_G_GEN2,1,7,6.0,0.0,3.5999999999999996
50210_G_GEN2,1,8,6.0,0.0,0.0
50210_G_GEN2,1,9,6.0,0.0,3.5999999999999996
50210_G_GEN2,1,10,3.947999999999986,2.0520000000000214,0.0
50210_G_GEN2,1,11,6.0,0.0,3.5999999999999996
50210_G_GEN2,1,12,6.0,0.0,3.5999999999999996
50210_G_GEN2,1,13,6.0,0.0,3.5999999999999996
50210_G_GEN2,1,14,3.9479999999999866,2.052000000000021,0.0
50210_G_GEN2,1,15,2.4000000000000004,3.5999999999999996,0.0
50210_G_GEN2,1,16,3.948,2.0520000000000023,0.0
50210_G_GEN2,1,17,6.0,0.0,0.0
50210_G_GEN2,1,18,6.0,0.0,0.0
50210_G_GEN2,1,19,6.0,0.0,0.0
50210_G_GEN2,1,20,6.0,0.0,0.0
50210_G_GEN2,1,21,6.0,0.0,0.0
50210_G_GEN2,1,22,6.0,0.0,0.0
50210_G_GEN2,1,23,6.0,0.0,0.0
50210_G_GEN2,1,24,6.0,0.0,0.0
50210_G_GEN2,1,25,6.0,0.0,3.5999999999999996
50216_G_GN91,1,1,0.0,0.0,0.0
50216_G_GN91,1,2,0.0,0.0,0.0
50216_G_GN91,1,3,0.0,0.0,0.0
50216_G_GN91,1,4,0.0,0.0,0.0
50216_G_GN91,1,5,0.0,0.0,0.0
50216_G_GN91,1,6,0.0,0.0,0.0
50216_G_GN91,1,7,0.0,0.0,0.0
50216_G_GN91,1,8,0.0,0.0,0.0
50216_G_GN91,1,9,0.0,0.0,0.0
50216_G_GN91,1,10,0.0,0.0,0.0
50216_G_GN91,1,11,0.0,0.0,0.0
50216_G_GN91,1,12,0.0,0.0,0.0
50216_G_GN91,1,13,0.0,0.0,0.0
50216_G_GN91,1,14,0.0,0.0,0.0
50216_G_GN91,1,15,0.0,0.0,0.0
50216_G_GN91,1,16,0.0,0.0,0.0
50216_G_GN91,1,17,0.0,0.0,0.0
50216_G_GN91,1,18,0.0,0.0,0.0
50216_G_GN91,1,19,0.0,0.0,0.0
50216_G_GN91,1,20,0.0,0.0,0.0
50216_G_GN91,1,21,0.0,0.0,0.0
50216_G_GN91,1,22,0.0,0.0,0.0
50216_G_GN91,1,23,0.0,0.0,0.0
50216_G_GN91,1,24,0.0,0.0,0.0
50216_G_GN91,1,25,0.0,0.0,0.0
50216_G_GN92,1,1,0.0,0.0,0.0
50216_G_GN92,1,2,0.0,0.0,0.0
50216_G_GN92,1,3,0.0,0.0,0.0
50216_G_GN92,1,4,0.0,0.0,0.0
50216_G_GN92,1,5,0.0,0.0,0.0
50216_G_GN92,1,6,0.0,0.0,0.0
50216_G_GN92,1,7,0.0,0.0,0.0
50216_G_GN92,1,8,0.0,0.0,0.0
50216_G_GN92,1,9,0.0,0.0,0.0
50216_G_GN92,1,10,0.0,0.0,0.0
50216_G_GN92,1,11,0.0,0.0,0.0
50216_G_GN92,1,12,0.0,0.0,0.0
50216_G_GN92,1,13,0.0,0.0,0.0
50216_G_GN92,1,14,0.0,0.0,0.0
50216_G_GN92,1,15,0.0,0.0,0.0
50216_G_GN92,1,16,0.0,0.0,0.0
50216_G_GN92,1,17,0.0,0.0,0.0
50216_G_GN92,1,18,0.0,0.0,0.0
50216_G_GN92,1,19,0.0,0.0,0.0
50216_G_GN92,1,20,0.0,0.0,0.0
50216_G_GN92,1,21,0.0,0.0,0.0
50216_G_GN92,1,22,0.0,0.0,0.0
50216_G_GN92,1,23,0.0,0.0,0.0
50216_G_GN92,1,24,0.0,0.0,0.0
50216_G_GN92,1,25,0.0,0.0,0.0
50216_G_GN93,1,1,0.0,0.0,0.0
50216_G_GN93,1,2,0.0,0.0,0.0
50216_G_GN93,1,3,0.0,0.0,0.0
50216_G_GN93,1,4,0.0,0.0,0.0
50216_G_GN93,1,5,0.0,0.0,0.0
50216_G_GN93,1,6,0.0,0.0,0.0
50216_G_GN93,1,7,0.0,0.0,0.0
50216_G_GN93,1,8,0.0,0.0,0.0
50216_G_GN93,1,9,0.0,0.0,0.0
50216_G_GN93,1,10,0.0,0.0,0.0
50216_G_GN93,1,11,0.0,0.0,0.0
50216_G_GN93,1,12,0.0,0.0,0.0
50216_G_GN93,1,13,0.0,0.0,0.0
50216_G_GN93,1,14,0.0,0.0,0.0
50216_G_GN93,1,15,0.0,0.0,0.0
50216_G_GN93,1,16,0.0,0.0,0.0
50216_G_GN93,1,17,0.0,0.0,0.0
50216_G_GN93,1,18,0.0,0.0,0.0
50216_G_GN93,1,19,0.0,0.0,0.0
50216_G_GN93,1,20,0.0,0.0,0.0
50216_G_GN93,1,21,0.0,0.0,0.0
50216_G_GN93,1,22,0.0,0.0,0.0
50216_G_GN93,1,23,0.0,0.0,0.0
50216_G_GN93,1,24,0.0,0.0,0.0
50216_G_GN93,1,25,0.0,0.0,0.0
50216_G_GN94,1,1,0.0,0.0,0.0
50216_G_GN94,1,2,0.0,0.0,0.0
50216_G_GN94,1,3,0.0,0.0,0.0
50216_G_GN94,1,4,0.0,0.0,0.0
50216_G_GN94,1,5,0.0,0.0,0.0
50216_G_GN94,1,6,0.0,0.0,0.0
50216_G_GN94,1,7,0.0,0.0,0.0
50216_G_GN94,1,8,0.0,0.0,0.0
50216_G_GN94,1,9,0.0,0.0,0.0
50216_G_GN94,1,10,0.0,0.0,0.0
50216_G_GN94,1,11,0.0,0.0,0.0
50216_G_GN94,1,12,0.0,0.0,0.0
50216_G_GN94,1,13,0.0,0.0,0.0
50216_G_GN94,1,14,0.0,0.0,0.0
50216_G_GN94,1,15,0.0,0.0,0.0
50216_G_GN94,1,16,0.0,0.0,0.0
50216_G_GN94,1,17,0.0,0.0,0.0
50216_G_GN94,1,18,0.0,0.0,0.0
50216_G_GN94,1,19,0.0,0.0,0.0
50216_G_GN94,1,20,0.0,0.0,0.0
50216_G_GN94,1,21,0.0,0.0,0.0
50216_G_GN94,1,22,0.0,0.0,0.0
50216_G_GN94,1,23,0.0,0.0,0.0
50216_G_GN94,1,24,0.0,0.0,0.0
50216_G_GN94,1,25,0.0,0.0,0.0
50216_G_GN95,1,1,0.0,0.0,0.0
50216_G_GN95,1,2,0.0,0.0,0.0
50216_G_GN95,1,3,0.0,0.0,0.0
50216_G_GN95,1,4,0.0,0.0,0.0
50216_G_GN95,1,5,0.0,0.0,0.0
50216_G_GN95,1,6,0.0,0.0,0.0
50216_G_GN95,1,7,0.0,0.0,0.0
50216_G_GN95,1,8,0.0,0.0,0.0
50216_G_GN95,1,9,0.0,0.0,0.0
50216_G_GN95,1,10,0.0,0.0,0.0
50216_G_GN95,1,11,0.0,0.0,0.0
50216_G_GN95,1,12,0.0,0.0,0.0
50216_G_GN95,1,13,0.0,0.0,0.0
50216_G_GN95,1,14,0.0,0.0,0.0
50216_G_GN95,1,15,0.0,0.0,0.0
50216_G_GN95,1,16,0.0,0.0,0.0
50216_G_GN95,1,17,0.0,0.0,0.0
50216_G_GN95,1,18,0.0,0.0,0.0
50216_G_GN95,1,19,0.0,0.0,0.0
50216_G_GN95,1,20,0.0,0.0,0.0
50216_G_GN95,1,21,0.0,0.0,0.0
50216_G_GN95,1,22,0.0,0.0,0.0
50216_G_GN95,1,23,0.0,0.0,0.0
50216_G_GN95,1,24,0.0,0.0,0.0
50216_G_GN95,1,25,0.0,0.0,0.0
50216_G_GN96,1,1,0.0,0.0,0.0
50216_G_GN96,1,2,0.0,0.0,0.0
50216_G_GN96,1,3,0.0,0.0,0.0
50216_G_GN96,1,4,0.0,0.0,0.0
50216_G_GN96,1,5,0.0,0.0,0.0
50216_G_GN96,1,6,0.0,0.0,0.0
50216_G_GN96,1,7,0.0,0.0,0.0
50216_G_GN96,1,8,0.0,0.0,0.0
50216_G_GN96,1,9,0.0,0.0,0.0
50216_G_GN96,1,10,0.0,0.0,0.0
50216_G_GN96,1,11,0.0,0.0,0.0
50216_G_GN96,1,12,0.0,0.0,0.0
50216_G_GN96,1,13,0.0,0.0,0.0
50216_G_GN96,1,14,0.0,0.0,0.0
50216_G_GN96,1,15,0.0,0.0,0.0
50216_G_GN96,1,16,0.0,0.0,0.0
50216_G_GN96,1,17,0.0,0.0,0.0
50216_G_GN96,1,18,0.0,0.0,0.0
50216_G_GN96,1,19,0.0,0.0,0.0
50216_G_GN96,1,20,0.0,0.0,0.0
50216_G_GN96,1,21,0.0,0.0,0.0
50216_G_GN96,1,22,0.0,0.0,0.0
50216_G_GN96,1,23,0.0,0.0,0.0
50216_G_GN96,1,24,0.0,0.0,0.0
50216_G_GN96,1,25,0.0,0.0,0.0
50299_G_GEN1,1,1,0.0,0.0,0.0
50299_G_GEN1,1,2,0.0,0.0,0.0
50299_G_GEN1,1,3,0.0,0.0,0.0
50299_G_GEN1,1,4,0.0,0.0,0.0
50299_G_GEN1,1,5,0.0,0.0,0.0
50299_G_GEN1,1,6,0.0,0.0,0.0
50299_G_GEN1,1,7,0.0,0.0,0.0
50299_G_GEN1,1,8,0.0,0.0,0.0
50299_G_GEN1,1,9,0.0,0.0,0.0
50299_G_GEN1,1,10,0.0,0.0,0.0
50299_G_GEN1,1,11,0.0,0.0,0.0
50299_G_GEN1,1,12,0.0,0.0,0.0
50299_G_GEN1,1,13,0.0,0.0,0.0
50299_G_GEN1,1,14,0.0,0.0,0.0
50299_G_GEN1,1,15,0.0,0.0,0.0
50299_G_GEN1,1,16,0.0,0.0,0.0
50299_G_GEN1,1,17,0.0,0.0,0.0
50299_G_GEN1,1,18,0.0,0.0,0.0
50299_G_GEN1,1,19,0.0,0.0,0.0
50299_G_GEN1,1,20,0.0,0.0,0.0
50299_G_GEN1,1,21,0.0,0.0,0.0
50299_G_GEN1,1,22,0.0,0.0,0.0
50299_G_GEN1,1,23,0.0,0.0,0.0
50299_G_GEN1,1,24,0.0,0.0,0.0
50299_G_GEN1,1,25,0.0,0.0,0.0
50388_B_K1,1,1,8.5,0.0,5.1
50388_B_K1,1,2,8.5,0.0,5.1
50388_B_K1,1,3,8.5,0.0,5.1
50388_B_K1,1,4,8.5,0.0,5.1
50388_B_K1,1,5,8.5,0.0,0.0
50388_B_K1,1,6,8.5,0.0,0.0
50388_B_K1,1,7,8.5,0.0,5.1
50388_B_K1,1,8,8.5,0.0,0.0
50388_B_K1,1,9,6.3750000000000195,2.1249999999999805,2.975000000000019
50388_B_K1,1,10,3.4000000000000004,5.1,0.0
50388_B_K1,1,11,6.3750000000000115,2.1249999999999885,2.975000000000011
50388_B_K1,1,12,8.5,0.0,5.1
50388_B_K1,1,13,6.374999999999899,2.1249999999999805,2.9749999999998984
50388_B_K1,1,14,3.4000000000000004,5.1,0.0
50388_B_K1,1,15,3.4000000000000004,5.1,0.0
50388_B_K1,1,16,3.4000000000000004,5.1,0.0
50388_B_K1,1,17,6.3750000000000115,2.1249999999999885,0.0
50388_B_K1,1,18,8.5,0.0,0.0
50388_B_K1,1,19,8.5,0.0,0.0
50388_B_K1,1,20,8.5,0.0,0.0
50388_B_K1,1,21,8.5,0.0,0.0
50388_B_K1,1,22,8.5,0.0,0.0
50388_B_K1,1,23,8.5,0.0,0.0
50388_B_K1,1,24,8.5,0.0,0.0
50388_B_K1,1,25,8.5,0.0,5.1
50388_B_K2,1,1,8.5,0.0,5.1
50388_B_K2,1,2,8.5,0.0,5.1
50388_B_K2,1,3,8.5,0.0,5.1
50388_B_K2,1,4,8.5,0.0,5.1
50388_B_K2,1,5,8.5,0.0,0.0
50388_B_K2,1,6,8.5,0.0,0.0
50388_B_K2,1,7,8.5,0.0,5.1
50388_B_K2,1,8,8.5,0.0,0.0
50388_B_K2,1,9,5.525000000000004,2.9749999999999996,2.1250000000000075
50388_B_K2,1,10,3.4000000000000004,5.1,0.0
50388_B_K2,1,11,6.3750000000000115,2.1249999999999885,2.975000000000011
50388_B_K2,1,12,8.5,0.0,5.1
50388_B_K2,1,13,6.3750000000000195,2.1249999999999805,2.975000000000019
50388_B_K2,1,14,3.4000000000000004,5.1,0.0
50388_B_K2,1,15,3.4000000000000004,5.1,0.0
50388_B_K2,1,16,3.4000000000000004,5.1,0.0
50388_B_K2,1,17,6.3750000000000115,2.1249999999999885,0.0
50388_B_K2,1,18,8.5,0.0,0.0
50388_B_K2,1,19,8.5,0.0,0.0
50388_B_K2,1,20,8.5,0.0,0.0
50388_B_K2,1,21,8.5,0.0,0.0
50388_B_K2,1,22,8.5,0.0,0.0
50388_B_K2,1,23,8.5,0.0,0.0
50388_B_K2,1,24,8.5,0.0,0.0
50388_B_K2,1,25,8.5,0.0,5.1
50541_G_GEN1,1,1,0.0,0.0,0.0
50541_G_GEN1,1,2,0.0,0.0,0.0
50541_G_GEN1,1,3,0.0,0.0,0.0
50541_G_GEN1,1,4,0.0,0.0,0.0
50541_G_GEN1,1,5,0.0,0.0,0.0
50541_G_GEN1,1,6,0.0,0.0,0.0
50541_G_GEN1,1,7,0.0,0.0,0.0
50541_G_GEN1,1,8,0.0,0.0,0.0
50541_G_GEN1,1,9,0.0,0.0,0.0
50541_G_GEN1,1,10,0.0,0.0,0.0
50541_G_GEN1,1,11,0.0,0.0,0.0
50541_G_GEN1,1,12,0.0,0.0,0.0
50541_G_GEN1,1,13,0.0,0.0,0.0
50541_G_GEN1,1,14,0.0,0.0,0.0
50541_G_GEN1,1,15,0.0,0.0,0.0
50541_G_GEN1,1,16,0.0,0.0,0.0
50541_G_GEN1,1,17,0.0,0.0,0.0
50541_G_GEN1,1,18,0.0,0.0,0.0
50541_G_GEN1,1,19,0.0,0.0,0.0
50541_G_GEN1,1,20,0.0,0.0,0.0
50541_G_GEN1,1,21,0.0,0.0,0.0
50541_G_GEN1,1,22,0.0,0.0,0.0
50541_G_GEN1,1,23,0.0,0.0,0.0
50541_G_GEN1,1,24,0.0,0.0,0.0
50541_G_GEN1,1,25,0.0,0.0,0.0
50541_G_ST1,1,1,0.0,0.0,0.0
50541_G_ST1,1,2,0.0,0.0,0.0
50541_G_ST1,1,3,0.0,0.0,0.0
50541_G_ST1,1,4,0.0,0.0,0.0
50541_G_ST1,1,5,0.0,0.0,0.0
50541_G_ST1,1,6,0.0,0.0,0.0
50541_G_ST1,1,7,0.0,0.0,0.0
50541_G_ST1,1,8,0.0,0.0,0.0
50541_G_ST1,1,9,0.0,0.0,0.0
50541_G_ST1,1,10,0.0,0.0,0.0
50541_G_ST1,1,11,0.0,0.0,0.0
50541_G_ST1,1,12,0.0,0.0,0.0
50541_G_ST1,1,13,0.0,0.0,0.0
50541_G_ST1,1,14,0.0,0.0,0.0
50541_G_ST1,1,15,0.0,0.0,0.0
50541_G_ST1,1,16,0.0,0.0,0.0
50541_G_ST1,1,17,0.0,0.0,0.0
50541_G_ST1,1,18,0.0,0.0,0.0
50541_G_ST1,1,19,0.0,0.0,0.0
50541_G_ST1,1,20,0.0,0.0,0.0
50541_G_ST1,1,21,0.0,0.0,0.0
50541_G_ST1,1,22,0.0,0.0,0.0
50541_G_ST1,1,23,0.0,0.0,0.0
50541_G_ST1,1,24,0.0,0.0,0.0
50541_G_ST1,1,25,0.0,0.0,0.0
50541_G_ST2,1,1,0.0,0.0,0.0
50541_G_ST2,1,2,0.0,0.0,0.0
50541_G_ST2,1,3,0.0,0.0,0.0
50541_G_ST2,1,4,0.0,0.0,0.0
50541_G_ST2,1,5,0.0,0.0,0.0
50541_G_ST2,1,6,0.0,0.0,0.0
50541_G_ST2,1,7,0.0,0.0,0.0
50541_G_ST2,1,8,0.0,0.0,0.0
50541_G_ST2,1,9,0.0,0.0,0.0
50541_G_ST2,1,10,0.0,0.0,0.0
50541_G_ST2,1,11,0.0,0.0,0.0
50541_G_ST2,1,12,0.0,0.0,0.0
50541_G_ST2,1,13,0.0,0.0,0.0
50541_G_ST2,1,14,0.0,0.0,0.0
50541_G_ST2,1,15,0.0,0.0,0.0
50541_G_ST2,1,16,0.0,0.0,0.0
50541_G_ST2,1,17,0.0,0.0,0.0
50541_G_ST2,1,18,0.0,0.0,0.0
50541_G_ST2,1,19,0.0,0.0,0.0
50541_G_ST2,1,20,0.0,0.0,0.0
50541_G_ST2,1,21,0.0,0.0,0.0
50541_G_ST2,1,22,0.0,0.0,0.0
50541_G_ST2,1,23,0.0,0.0,0.0
50541_G_ST2,1,24,0.0,0.0,0.0
50541_G_ST2,1,25,0.0,0.0,0.0
50571_G_GEN1,1,1,60.9,0.0,0.0
50571_G_GEN1,1,2,60.9,0.0,0.0
50571_G_GEN1,1,3,24.36,0.0,0.0
50571_G_GEN1,1,4,60.9,0.0,0.0
50571_G_GEN1,1,5,60.9,0.0,0.0
50571_G_GEN1,1,6,60.9,0.0,0.0
50571_G_GEN1,1,7,60.9,0.0,0.0
50571_G_GEN1,1,8,60.9,0.0,0.0
50571_G_GEN1,1,9,0.0,0.0,0.0
50571_G_GEN1,1,10,0.0,0.0,0.0
50571_G_GEN1,1,11,0.0,0.0,0.0
50571_G_GEN1,1,12,0.0,0.0,0.0
50571_G_GEN1,1,13,0.0,0.0,0.0
50571_G_GEN1,1,14,0.0,0.0,0.0
50571_G_GEN1,1,15,0.0,0.0,0.0
50571_G_GEN1,1,16,0.0,0.0,0.0
50571_G_GEN1,1,17,60.9,0.0,0.0
50571_G_GEN1,1,18,60.9,0.0,0.0
50571_G_GEN1,1,19,60.9,0.0,0.0
50571_G_GEN1,1,20,60.9,0.0,0.0
50571_G_GEN1,1,21,60.9,0.0,0.0
50571_G_GEN1,1,22,60.9,0.0,0.0
50571_G_GEN1,1,23,60.9,0.0,0.0
50571_G_GEN1,1,24,60.9,0.0,0.0
50571_G_GEN1,1,25,60.9,0.0,0.0
50632_B_1,1,1,47.90000000000001,0.0,0.0
50632_B_1,1,2,47.90000000000001,0.0,0.0
50632_B_1,1,3,19.160000000000004,0.0,0.0
50632_B_1,1,4,47.90000000000001,0.0,0.0
50632_B_1,1,5,47.90000000000001,0.0,0.0
50632_B_1,1,6,47.90000000000001,0.0,0.0
50632_B_1,1,7,47.90000000000001,0.0,0.0
50632_B_1,1,8,47.90000000000001,0.0,0.0
50632_B_1,1,9,19.160000000000004,0.0,0.0
50632_B_1,1,10,19.160000000000004,0.0,0.0
50632_B_1,1,11,19.160000000000004,0.0,0.0
50632_B_1,1,12,19.160000000000004,0.0,0.0
50632_B_1,1,13,19.160000000000004,0.0,0.0
50632_B_1,1,14,19.160000000000004,0.0,0.0
50632_B_1,1,15,19.160000000000004,0.0,0.0
50632_B_1,1,16,19.160000000000004,0.0,0.0
50632_B_1,1,17,47.90000000000001,0.0,0.0
50632_B_1,1,18,47.90000000000001,0.0,0.0
50632_B_1,1,19,47.90000000000001,0.0,0.0
50632_B_1,1,20,47.90000000000001,0.0,0.0
50632_B_1,1,21,47.90000000000001,0.0,0.0
50632_B_1,1,22,47.90000000000001,0.0,0.0
50632_B_1,1,23,47.90000000000001,0.0,0.0
50632_B_1,1,24,47.90000000000001,0.0,0.0
50632_B_1,1,25,47.90000000000001,0.0,0.0
50748_G_GEN1,1,1,0.0,0.0,0.0
50748_G_GEN1,1,2,0.0,0.0,0.0
50748_G_GEN1,1,3,0.0,0.0,0.0
50748_G_GEN1,1,4,0.0,0.0,0.0
50748_G_GEN1,1,5,0.0,0.0,0.0
50748_G_GEN1,1,6,0.0,0.0,0.0
50748_G_GEN1,1,7,0.0,0.0,0.0
50748_G_GEN1,1,8,0.0,0.0,0.0
50748_G_GEN1,1,9,0.0,0.0,0.0
50748_G_GEN1,1,10,0.0,0.0,0.0
50748_G_GEN1,1,11,0.0,0.0,0.0
50748_G_GEN1,1,12,0.0,0.0,0.0
50748_G_GEN1,1,13,0.0,0.0,0.0
50748_G_GEN1,1,14,0.0,0.0,0.0
50748_G_GEN1,1,15,0.0,0.0,0.0
50748_G_GEN1,1,16,0.0,0.0,0.0
50748_G_GEN1,1,17,0.0,0.0,0.0
50748_G_GEN1,1,18,0.0,0.0,0.0
50748_G_GEN1,1,19,0.0,0.0,0.0
50748_G_GEN1,1,20,0.0,0.0,0.0
50748_G_GEN1,1,21,0.0,0.0,0.0
50748_G_GEN1,1,22,0.0,0.0,0.0
50748_G_GEN1,1,23,0.0,0.0,0.0
50748_G_GEN1,1,24,0.0,0.0,0.0
50748_G_GEN1,1,25,0.0,0.0,0.0
50748_G_GEN2,1,1,0.0,0.0,0.0
50748_G_GEN2,1,2,0.0,0.0,0.0
50748_G_GEN2,1,3,0.0,0.0,0.0
50748_G_GEN2,1,4,0.0,0.0,0.0
50748_G_GEN2,1,5,0.0,0.0,0.0
50748_G_GEN2,1,6,0.0,0.0,0.0
50748_G_GEN2,1,7,0.0,0.0,0.0
50748_G_GEN2,1,8,0.0,0.0,0.0
50748_G_GEN2,1,9,0.0,0.0,0.0
50748_G_GEN2,1,10,0.0,0.0,0.0
50748_G_GEN2,1,11,0.0,0.0,0.0
50748_G_GEN2,1,12,0.0,0.0,0.0
50748_G_GEN2,1,13,0.0,0.0,0.0
50748_G_GEN2,1,14,0.0,0.0,0.0
50748_G_GEN2,1,15,0.0,0.0,0.0
50748_G_GEN2,1,16,0.0,0.0,0.0
50748_G_GEN2,1,17,0.0,0.0,0.0
50748_G_GEN2,1,18,0.0,0.0,0.0
50748_G_GEN2,1,19,0.0,0.0,0.0
50748_G_GEN2,1,20,0.0,0.0,0.0
50748_G_GEN2,1,21,0.0,0.0,0.0
50748_G_GEN2,1,22,0.0,0.0,0.0
50748_G_GEN2,1,23,0.0,0.0,0.0
50748_G_GEN2,1,24,0.0,0.0,0.0
50748_G_GEN2,1,25,0.0,0.0,0.0
50750_G_GEN1,1,1,0.0,0.0,0.0
50750_G_GEN1,1,2,0.0,0.0,0.0
50750_G_GEN1,1,3,0.0,0.0,0.0
50750_G_GEN1,1,4,0.0,0.0,0.0
50750_G_GEN1,1,5,0.0,0.0,0.0
50750_G_GEN1,1,6,0.0,0.0,0.0
50750_G_GEN1,1,7,0.0,0.0,0.0
50750_G_GEN1,1,8,0.0,0.0,0.0
50750_G_GEN1,1,9,0.0,0.0,0.0
50750_G_GEN1,1,10,0.0,0.0,0.0
50750_G_GEN1,1,11,0.0,0.0,0.0
50750_G_GEN1,1,12,0.0,0.0,0.0
50750_G_GEN1,1,13,0.0,0.0,0.0
50750_G_GEN1,1,14,0.0,0.0,0.0
50750_G_GEN1,1,15,0.0,0.0,0.0
50750_G_GEN1,1,16,0.0,0.0,0.0
50750_G_GEN1,1,17,0.0,0.0,0.0
50750_G_GEN1,1,18,0.0,0.0,0.0
50750_G_GEN1,1,19,0.0,0.0,0.0
50750_G_GEN1,1,20,0.0,0.0,0.0
50750_G_GEN1,1,21,0.0,0.0,0.0
50750_G_GEN1,1,22,0.0,0.0,0.0
50750_G_GEN1,1,23,0.0,0.0,0.0
50750_G_GEN1,1,24,0.0,0.0,0.0
50750_G_GEN1,1,25,0.0,0.0,0.0
50766_G_ITLU1,1,1,11.5,0.0,6.8999999999999995
50766_G_ITLU1,1,2,11.5,0.0,6.8999999999999995
50766_G_ITLU1,1,3,11.5,0.0,6.8999999999999995
50766_G_ITLU1,1,4,11.5,0.0,6.8999999999999995
50766_G_ITLU1,1,5,11.5,0.0,0.0
50766_G_ITLU1,1,6,11.5,0.0,0.0
50766_G_ITLU1,1,7,11.5,0.0,6.8999999999999995
50766_G_ITLU1,1,8,11.5,0.0,0.0
50766_G_ITLU1,1,9,11.5,0.0,6.8999999999999995
50766_G_ITLU1,1,10,7.566999999999974,3.9330000000000354,0.0
50766_G_ITLU1,1,11,11.5,0.0,6.8999999999999995
50766_G_ITLU1,1,12,11.5,0.0,6.8999999999999995
50766_G_ITLU1,1,13,11.5,0.0,6.8999999999999995
50766_G_ITLU1,1,14,7.566999999999975,3.9330000000000345,0.0
50766_G_ITLU1,1,15,4.6000000000000005,6.8999999999999995,0.0
50766_G_ITLU1,1,16,7.566999999999993,3.9330000000000167,0.0
50766_G_ITLU1,1,17,11.5,0.0,0.0
50766_G_ITLU1,1,18,11.5,0.0,0.0
50766_G_ITLU1,1,19,11.5,0.0,0.0
50766_G_ITLU1,1,20,11.5,0.0,0.0
50766_G_ITLU1,1,21,11.5,0.0,0.0
50766_G_ITLU1,1,22,11.5,0.0,0.0
50766_G_ITLU1,1,23,11.5,0.0,0.0
50766_G_ITLU1,1,24,11.5,0.0,0.0
50766_G_ITLU1,1,25,11.5,0.0,6.8999999999999995
50766_G_ITLU2,1,1,8.5,0.0,5.1
50766_G_ITLU2,1,2,8.5,0.0,5.1
50766_G_ITLU2,1,3,8.5,0.0,5.1
50766_G_ITLU2,1,4,8.5,0.0,5.1
50766_G_ITLU2,1,5,8.5,0.0,0.0
50766_G_ITLU2,1,6,8.5,0.0,0.0
50766_G_ITLU2,1,7,8.5,0.0,5.1
50766_G_ITLU2,1,8,8.5,0.0,0.0
50766_G_ITLU2,1,9,8.5,0.0,5.1
50766_G_ITLU2,1,10,5.592999999999983,2.9070000000000262,0.0
50766_G_ITLU2,1,11,8.5,0.0,5.1
50766_G_ITLU2,1,12,8.5,0.0,5.1
50766_G_ITLU2,1,13,8.5,0.0,5.1
50766_G_ITLU2,1,14,5.592999999999982,2.907000000000027,0.0
50766_G_ITLU2,1,15,3.4000000000000004,5.1,0.0
50766_G_ITLU2,1,16,5.592999999999993,2.9070000000000165,0.0
50766_G_ITLU2,1,17,8.5,0.0,0.0
50766_G_ITLU2,1,18,8.5,0.0,0.0
50766_G_ITLU2,1,19,8.5,0.0,0.0
50766_G_ITLU2,1,20,8.5,0.0,0.0
50766_G_ITLU2,1,21,8.5,0.0,0.0
50766_G_ITLU2,1,22,8.5,0.0,0.0
50766_G_ITLU2,1,23,8.5,0.0,0.0
50766_G_ITLU2,1,24,8.5,0.0,0.0
50766_G_ITLU2,1,25,8.5,0.0,5.1
50766_G_OE31,1,1,0.7,0.0,0.41999999999999993
50766_G_OE31,1,2,0.7,0.0,0.41999999999999993
50766_G_OE31,1,3,0.7,0.0,0.41999999999999993
50766_G_OE31,1,4,0.7,0.0,0.41999999999999993
50766_G_OE31,1,5,0.7,0.0,0.0
50766_G_OE31,1,6,0.7,0.0,0.0
50766_G_OE31,1,7,0.7,0.0,0.41999999999999993
50766_G_OE31,1,8,0.7,0.0,0.0
50766_G_OE31,1,9,0.7,0.0,0.41999999999999993
50766_G_OE31,1,10,0.46059999999999857,0.239400000000002,0.0
50766_G_OE31,1,11,0.7,0.0,0.41999999999999993
50766_G_OE31,1,12,0.7,0.0,0.41999999999999993
50766_G_OE31,1,13,0.7,0.0,0.41999999999999993
50766_G_OE31,1,14,0.4605999999999986,0.23940000000000194,0.0
50766_G_OE31,1,15,0.28,0.41999999999999993,0.0
50766_G_OE31,1,16,0.46059999999999995,0.2394,0.0
50766_G_OE31,1,17,0.7,0.0,0.0
50766_G_OE31,1,18,0.7,0.0,0.0
50766_G_OE31,1,19,0.7,0.0,0.0
50766_G_OE31,1,20,0.7,0.0,0.0
50766_G_OE31,1,21,0.7,0.0,0.0
50766_G_OE31,1,22,0.7,0.0,0.0
50766_G_OE31,1,23,0.7,0.0,0.0
50766_G_OE31,1,24,0.7,0.0,0.0
50766_G_OE31,1,25,0.7,0.0,0.41999999999999993
50766_G_OE32,1,1,0.7,0.0,0.41999999999999993
50766_G_OE32,1,2,0.7,0.0,0.41999999999999993
50766_G_OE32,1,3,0.7,0.0,0.41999999999999993
50766_G_OE32,1,4,0.7,0.0,0.41999999999999993
50766_G_OE32,1,5,0.7,0.0,0.0
50766_G_OE32,1,6,0.7,0.0,0.0
50766_G_OE32,1,7,0.7,0.0,0.41999999999999993
50766_G_OE32,1,8,0.7,0.0,0.0
50766_G_OE32,1,9,0.7,0.0,0.41999999999999993
50766_G_OE32,1,10,0.46059999999999857,0.239400000000002,0.0
50766_G_OE32,1,11,0.7,0.0,0.41999999999999993
50766_G_OE32,1,12,0.7,0.0,0.41999999999999993
50766_G_OE32,1,13,0.7,0.0,0.41999999999999993
50766_G_OE32,1,14,0.4605999999999986,0.23940000000000194,0.0
50766_G_OE32,1,15,0.28,0.41999999999999993,0.0
50766_G_OE32,1,16,0.46059999999999995,0.2394,0.0
50766_G_OE32,1,17,0.7,0.0,0.0
50766_G_OE32,1,18,0.7,0.0,0.0
50766_G_OE32,1,19,0.7,0.0,0.0
50766_G_OE32,1,20,0.7,0.0,0.0
50766_G_OE32,1,21,0.7,0.0,0.0
50766_G_OE32,1,22,0.7,0.0,0.0
50766_G_OE32,1,23,0.7,0.0,0.0
50766_G_OE32,1,24,0.7,0.0,0.0
50766_G_OE32,1,25,0.7,0.0,0.41999999999999993
50831_G_GEN1,1,1,2.0,0.0,0.0
50831_G_GEN1,1,2,2.0,0.0,0.0
50831_G_GEN1,1,3,0.8,0.0,0.0
50831_G_GEN1,1,4,2.0,0.0,0.0
50831_G_GEN1,1,5,2.0,0.0,0.0
50831_G_GEN1,1,6,2.0,0.0,0.0
50831_G_GEN1,1,7,2.0,0.0,0.0
50831_G_GEN1,1,8,2.0,0.0,0.0
50831_G_GEN1,1,9,0.0,0.0,0.0
50831_G_GEN1,1,10,0.0,0.0,0.0
50831_G_GEN1,1,11,0.0,0.0,0.0
50831_G_GEN1,1,12,0.0,0.0,0.0
50831_G_GEN1,1,13,0.0,0.0,0.0
50831_G_GEN1,1,14,0.0,0.0,0.0
50831_G_GEN1,1,15,0.0,0.0,0.0
50831_G_GEN1,1,16,0.0,0.0,0.0
50831_G_GEN1,1,17,2.0,0.0,0.0
50831_G_GEN1,1,18,2.0,0.0,0.0
50831_G_GEN1,1,19,2.0,0.0,0.0
50831_G_GEN1,1,20,2.0,0.0,0.0
50831_G_GEN1,1,21,2.0,0.0,0.0
50831_G_GEN1,1,22,2.0,0.0,0.0
50831_G_GEN1,1,23,2.0,0.0,0.0
50831_G_GEN1,1,24,2.0,0.0,0.0
50831_G_GEN1,1,25,2.0,0.0,0.0
50849_G_GEN1,1,1,0.0,0.0,0.0
50849_G_GEN1,1,2,0.0,0.0,0.0
50849_G_GEN1,1,3,0.0,0.0,0.0
50849_G_GEN1,1,4,0.0,0.0,0.0
50849_G_GEN1,1,5,0.0,0.0,0.0
50849_G_GEN1,1,6,0.0,0.0,0.0
50849_G_GEN1,1,7,0.0,0.0,0.0
50849_G_GEN1,1,8,0.0,0.0,0.0
50849_G_GEN1,1,9,0.0,0.0,0.0
50849_G_GEN1,1,10,0.0,0.0,0.0
50849_G_GEN1,1,11,0.0,0.0,0.0
50849_G_GEN1,1,12,0.0,0.0,0.0
50849_G_GEN1,1,13,0.0,0.0,0.0
50849_G_GEN1,1,14,0.0,0.0,0.0
50849_G_GEN1,1,15,0.0,0.0,0.0
50849_G_GEN1,1,16,0.0,0.0,0.0
50849_G_GEN1,1,17,0.0,0.0,0.0
50849_G_GEN1,1,18,0.0,0.0,0.0
50849_G_GEN1,1,19,0.0,0.0,0.0
50849_G_GEN1,1,20,0.0,0.0,0.0
50849_G_GEN1,1,21,0.0,0.0,0.0
50849_G_GEN1,1,22,0.0,0.0,0.0
50849_G_GEN1,1,23,0.0,0.0,0.0
50849_G_GEN1,1,24,0.0,0.0,0.0
50849_G_GEN1,1,25,0.0,0.0,0.0
50849_G_GEN2,1,1,0.0,0.0,0.0
50849_G_GEN2,1,2,0.0,0.0,0.0
50849_G_GEN2,1,3,0.0,0.0,0.0
50849_G_GEN2,1,4,0.0,0.0,0.0
50849_G_GEN2,1,5,0.0,0.0,0.0
50849_G_GEN2,1,6,0.0,0.0,0.0
50849_G_GEN2,1,7,0.0,0.0,0.0
50849_G_GEN2,1,8,0.0,0.0,0.0
50849_G_GEN2,1,9,0.0,0.0,0.0
50849_G_GEN2,1,10,0.0,0.0,0.0
50849_G_GEN2,1,11,0.0,0.0,0.0
50849_G_GEN2,1,12,0.0,0.0,0.0
50849_G_GEN2,1,13,0.0,0.0,0.0
50849_G_GEN2,1,14,0.0,0.0,0.0
50849_G_GEN2,1,15,0.0,0.0,0.0
50849_G_GEN2,1,16,0.0,0.0,0.0
50849_G_GEN2,1,17,0.0,0.0,0.0
50849_G_GEN2,1,18,0.0,0.0,0.0
50849_G_GEN2,1,19,0.0,0.0,0.0
50849_G_GEN2,1,20,0.0,0.0,0.0
50849_G_GEN2,1,21,0.0,0.0,0.0
50849_G_GEN2,1,22,0.0,0.0,0.0
50849_G_GEN2,1,23,0.0,0.0,0.0
50849_G_GEN2,1,24,0.0,0.0,0.0
50849_G_GEN2,1,25,0.0,0.0,0.0
50850_G_GEN1,1,1,9.0,0.0,0.0
50850_G_GEN1,1,2,9.0,0.0,0.0
50850_G_GEN1,1,3,9.0,0.0,0.0
50850_G_GEN1,1,4,9.0,0.0,0.0
50850_G_GEN1,1,5,9.0,0.0,0.0
50850_G_GEN1,1,6,9.0,13.5,0.0
50850_G_GEN1,1,7,22.5,0.0,0.0
50850_G_GEN1,1,8,22.5,0.0,0.0
50850_G_GEN1,1,9,9.0,0.0,0.0
50850_G_GEN1,1,10,9.0,0.0,0.0
50850_G_GEN1,1,11,9.0,0.0,0.0
50850_G_GEN1,1,12,9.0,0.0,0.0
50850_G_GEN1,1,13,9.0,0.0,0.0
50850_G_GEN1,1,14,9.0,0.0,0.0
50850_G_GEN1,1,15,9.0,0.0,0.0
50850_G_GEN1,1,16,9.0,0.0,0.0
50850_G_GEN1,1,17,22.5,0.0,0.0
50850_G_GEN1,1,18,22.5,0.0,0.0
50850_G_GEN1,1,19,22.5,0.0,0.0
50850_G_GEN1,1,20,22.5,0.0,0.0
50850_G_GEN1,1,21,22.5,0.0,0.0
50850_G_GEN1,1,22,22.5,0.0,0.0
50850_G_GEN1,1,23,22.5,0.0,0.0
50850_G_GEN1,1,24,9.0,13.499999999999773,0.0
50850_G_GEN1,1,25,9.0,0.0,0.0
50850_G_GEN2,1,1,2.6,0.0,0.0
50850_G_GEN2,1,2,2.6,0.0,0.0
50850_G_GEN2,1,3,2.6,0.0,0.0
50850_G_GEN2,1,4,2.6,0.0,0.0
50850_G_GEN2,1,5,2.6,0.0,0.0
50850_G_GEN2,1,6,2.6,3.9,0.0
50850_G_GEN2,1,7,6.5,0.0,0.0
50850_G_GEN2,1,8,6.5,0.0,0.0
50850_G_GEN2,1,9,2.6,0.0,0.0
50850_G_GEN2,1,10,2.6,0.0,0.0
50850_G_GEN2,1,11,2.6,0.0,0.0
50850_G_GEN2,1,12,2.6,0.0,0.0
50850_G_GEN2,1,13,2.6,0.0,0.0
50850_G_GEN2,1,14,2.6,0.0,0.0
50850_G_GEN2,1,15,2.6,0.0,0.0
50850_G_GEN2,1,16,2.6,0.0,0.0
50850_G_GEN2,1,17,6.5,0.0,0.0
50850_G_GEN2,1,18,6.5,0.0,0.0
50850_G_GEN2,1,19,6.5,0.0,0.0
50850_G_GEN2,1,20,6.5,0.0,0.0
50850_G_GEN2,1,21,6.5,0.0,0.0
50850_G_GEN2,1,22,6.5,0.0,0.0
50850_G_GEN2,1,23,6.5,0.0,0.0
50850_G_GEN2,1,24,2.6,3.9,0.0
50850_G_GEN2,1,25,2.6,0.0,0.0
50851_G_GEN1,1,1,0.0,0.0,0.0
50851_G_GEN1,1,2,0.0,0.0,0.0
50851_G_GEN1,1,3,0.0,0.0,0.0
50851_G_GEN1,1,4,0.0,0.0,0.0
50851_G_GEN1,1,5,0.0,0.0,0.0
50851_G_GEN1,1,6,0.0,0.0,0.0
50851_G_GEN1,1,7,0.0,0.0,0.0
50851_G_GEN1,1,8,0.0,0.0,0.0
50851_G_GEN1,1,9,0.0,0.0,0.0
50851_G_GEN1,1,10,0.0,0.0,0.0
50851_G_GEN1,1,11,0.0,0.0,0.0
50851_G_GEN1,1,12,0.0,0.0,0.0
50851_G_GEN1,1,13,0.0,0.0,0.0
50851_G_GEN1,1,14,0.0,0.0,0.0
50851_G_GEN1,1,15,0.0,0.0,0.0
50851_G_GEN1,1,16,0.0,0.0,0.0
50851_G_GEN1,1,17,0.0,0.0,0.0
50851_G_GEN1,1,18,0.0,0.0,0.0
50851_G_GEN1,1,19,0.0,0.0,0.0
50851_G_GEN1,1,20,0.0,0.0,0.0
50851_G_GEN1,1,21,0.0,0.0,0.0
50851_G_GEN1,1,22,0.0,0.0,0.0
50851_G_GEN1,1,23,0.0,0.0,0.0
50851_G_GEN1,1,24,0.0,0.0,0.0
50851_G_GEN1,1,25,0.0,0.0,0.0
50851_G_GEN2,1,1,0.0,0.0,0.0
50851_G_GEN2,1,2,0.0,0.0,0.0
50851_G_GEN2,1,3,0.0,0.0,0.0
50851_G_GEN2,1,4,0.0,0.0,0.0
50851_G_GEN2,1,5,0.0,0.0,0.0
50851_G_GEN2,1,6,0.0,0.0,0.0
50851_G_GEN2,1,7,0.0,0.0,0.0
50851_G_GEN2,1,8,0.0,0.0,0.0
50851_G_GEN2,1,9,0.0,0.0,0.0
50851_G_GEN2,1,10,0.0,0.0,0.0
50851_G_GEN2,1,11,0.0,0.0,0.0
50851_G_GEN2,1,12,0.0,0.0,0.0
50851_G_GEN2,1,13,0.0,0.0,0.0
50851_G_GEN2,1,14,0.0,0.0,0.0
50851_G_GEN2,1,15,0.0,0.0,0.0
50851_G_GEN2,1,16,0.0,0.0,0.0
50851_G_GEN2,1,17,0.0,0.0,0.0
50851_G_GEN2,1,18,0.0,0.0,0.0
50851_G_GEN2,1,19,0.0,0.0,0.0
50851_G_GEN2,1,20,0.0,0.0,0.0
50851_G_GEN2,1,21,0.0,0.0,0.0
50851_G_GEN2,1,22,0.0,0.0,0.0
50851_G_GEN2,1,23,0.0,0.0,0.0
50851_G_GEN2,1,24,0.0,0.0,0.0
50851_G_GEN2,1,25,0.0,0.0,0.0
50964_G_IND,1,1,1.1,0.0,0.6599999999999999
50964_G_IND,1,2,1.1,0.0,0.6599999999999999
50964_G_IND,1,3,1.1,0.0,0.6599999999999999
50964_G_IND,1,4,1.1,0.0,0.6599999999999999
50964_G_IND,1,5,1.1,0.0,0.0
50964_G_IND,1,6,1.1,0.0,0.0
50964_G_IND,1,7,1.1,0.0,0.6599999999999999
50964_G_IND,1,8,1.1,0.0,0.0
50964_G_IND,1,9,1.1,0.0,0.6599999999999999
50964_G_IND,1,10,0.723799999999998,0.3762000000000033,0.0
50964_G_IND,1,11,1.1,0.0,0.6599999999999999
50964_G_IND,1,12,1.1,0.0,0.6599999999999999
50964_G_IND,1,13,1.1,0.0,0.6599999999999999
50964_G_IND,1,14,0.7237999999999978,0.37620000000000353,0.0
50964_G_IND,1,15,0.4400000000000001,0.6599999999999999,0.0
50964_G_IND,1,16,0.7237999999999978,0.37620000000000353,0.0
50964_G_IND,1,17,1.1,0.0,0.0
50964_G_IND,1,18,1.1,0.0,0.0
50964_G_IND,1,19,1.1,0.0,0.0
50964_G_IND,1,20,1.1,0.0,0.0
50964_G_IND,1,21,1.1,0.0,0.0
50964_G_IND,1,22,1.1,0.0,0.0
50964_G_IND,1,23,1.1,0.0,0.0
50964_G_IND,1,24,1.1,0.0,0.0
50964_G_IND,1,25,1.1,0.0,0.6599999999999999
50964_G_SYN,1,1,1.1,0.0,0.6599999999999999
50964_G_SYN,1,2,1.1,0.0,0.6599999999999999
50964_G_SYN,1,3,1.1,0.0,0.6599999999999999
50964_G_SYN,1,4,1.1,0.0,0.6599999999999999
50964_G_SYN,1,5,1.1,0.0,0.0
50964_G_SYN,1,6,1.1,0.0,0.0
50964_G_SYN,1,7,1.1,0.0,0.6599999999999999
50964_G_SYN,1,8,1.1,0.0,0.0
50964_G_SYN,1,9,1.1,0.0,0.6599999999999999
50964_G_SYN,1,10,0.723799999999998,0.3762000000000033,0.0
50964_G_SYN,1,11,1.1,0.0,0.6599999999999999
50964_G_SYN,1,12,1.1,0.0,0.6599999999999999
50964_G_SYN,1,13,1.1,0.0,0.6599999999999999
50964_G_SYN,1,14,0.7237999999999978,0.37620000000000353,0.0
50964_G_SYN,1,15,0.4400000000000001,0.6599999999999999,0.0
50964_G_SYN,1,16,0.7237999999999978,0.37620000000000353,0.0
50964_G_SYN,1,17,1.1,0.0,0.0
50964_G_SYN,1,18,1.1,0.0,0.0
50964_G_SYN,1,19,1.1,0.0,0.0
50964_G_SYN,1,20,1.1,0.0,0.0
50964_G_SYN,1,21,1.1,0.0,0.0
50964_G_SYN,1,22,1.1,0.0,0.0
50964_G_SYN,1,23,1.1,0.0,0.0
50964_G_SYN,1,24,1.1,0.0,0.0
50964_G_SYN,1,25,1.1,0.0,0.6599999999999999
510_G_1,1,1,50.0,0.0,30.0
510_G_1,1,2,50.0,0.0,30.0
510_G_1,1,3,50.0,0.0,30.0
510_G_1,1,4,50.0,0.0,30.0
510_G_1,1,5,50.0,0.0,0.0
510_G_1,1,6,50.0,0.0,0.0
510_G_1,1,7,50.0,0.0,30.0
510_G_1,1,8,50.0,0.0,0.0
510_G_1,1,9,50.0,0.0,30.0
510_G_1,1,10,32.89999999999989,17.10000000000017,0.0
510_G_1,1,11,50.0,0.0,30.0
510_G_1,1,12,50.0,0.0,30.0
510_G_1,1,13,50.0,0.0,30.0
510_G_1,1,14,32.89999999999989,17.10000000000017,0.0
510_G_1,1,15,20.0,30.0,0.0
510_G_1,1,16,32.9,17.1,0.0
510_G_1,1,17,50.0,0.0,0.0
510_G_1,1,18,50.0,0.0,0.0
510_G_1,1,19,50.0,0.0,0.0
510_G_1,1,20,50.0,0.0,0.0
510_G_1,1,21,50.0,0.0,0.0
510_G_1,1,22,50.0,0.0,0.0
510_G_1,1,23,50.0,0.0,0.0
510_G_1,1,24,50.0,0.0,0.0
510_G_1,1,25,50.0,0.0,30.0
52073_G_GEN1,1,1,5.0,0.0,0.0
52073_G_GEN1,1,2,5.0,0.0,0.0
52073_G_GEN1,1,3,5.0,0.0,0.0
52073_G_GEN1,1,4,5.0,0.0,0.0
52073_G_GEN1,1,5,5.0,0.0,0.0
52073_G_GEN1,1,6,5.0,0.0,0.0
52073_G_GEN1,1,7,5.0,0.0,0.0
52073_G_GEN1,1,8,12.5,0.0,0.0
52073_G_GEN1,1,9,0.0,0.0,0.0
52073_G_GEN1,1,10,0.0,0.0,0.0
52073_G_GEN1,1,11,0.0,0.0,0.0
52073_G_GEN1,1,12,0.0,0.0,0.0
52073_G_GEN1,1,13,0.0,0.0,0.0
52073_G_GEN1,1,14,0.0,0.0,0.0
52073_G_GEN1,1,15,0.0,0.0,0.0
52073_G_GEN1,1,16,0.0,0.0,0.0
52073_G_GEN1,1,17,0.0,0.0,0.0
52073_G_GEN1,1,18,5.0,7.5,0.0
52073_G_GEN1,1,19,5.0,7.5,0.0
52073_G_GEN1,1,20,5.0,7.5,0.0
52073_G_GEN1,1,21,0.0,0.0,0.0
52073_G_GEN1,1,22,0.0,0.0,0.0
52073_G_GEN1,1,23,0.0,0.0,0.0
52073_G_GEN1,1,24,0.0,0.0,0.0
52073_G_GEN1,1,25,0.0,0.0,0.0
52073_G_GEN2,1,1,5.0,0.0,0.0
52073_G_GEN2,1,2,5.0,0.0,0.0
52073_G_GEN2,1,3,5.0,0.0,0.0
52073_G_GEN2,1,4,5.0,0.0,0.0
52073_G_GEN2,1,5,5.0,0.0,0.0
52073_G_GEN2,1,6,5.0,0.0,0.0
52073_G_GEN2,1,7,5.0,0.0,0.0
52073_G_GEN2,1,8,12.5,0.0,0.0
52073_G_GEN2,1,9,0.0,0.0,0.0
52073_G_GEN2,1,10,0.0,0.0,0.0
52073_G_GEN2,1,11,0.0,0.0,0.0
52073_G_GEN2,1,12,0.0,0.0,0.0
52073_G_GEN2,1,13,0.0,0.0,0.0
52073_G_GEN2,1,14,0.0,0.0,0.0
52073_G_GEN2,1,15,0.0,0.0,0.0
52073_G_GEN2,1,16,0.0,0.0,0.0
52073_G_GEN2,1,17,0.0,0.0,0.0
52073_G_GEN2,1,18,5.0,7.5,0.0
52073_G_GEN2,1,19,5.0,7.5,0.0
52073_G_GEN2,1,20,5.0,7.5,0.0
52073_G_GEN2,1,21,5.0,0.0,0.0
52073_G_GEN2,1,22,5.0,0.0,0.0
52073_G_GEN2,1,23,5.0,0.0,0.0
52073_G_GEN2,1,24,5.0,0.0,0.0
52073_G_GEN2,1,25,5.0,0.0,0.0
52073_G_GEN3,1,1,4.4,0.0,0.0
52073_G_GEN3,1,2,4.4,0.0,0.0
52073_G_GEN3,1,3,4.4,0.0,0.0
52073_G_GEN3,1,4,4.4,0.0,0.0
52073_G_GEN3,1,5,4.4,0.0,0.0
52073_G_GEN3,1,6,4.4,0.0,0.0
52073_G_GEN3,1,7,4.4,0.0,0.0
52073_G_GEN3,1,8,11.0,0.0,0.0
52073_G_GEN3,1,9,0.0,0.0,0.0
52073_G_GEN3,1,10,0.0,0.0,0.0
52073_G_GEN3,1,11,0.0,0.0,0.0
52073_G_GEN3,1,12,0.0,0.0,0.0
52073_G_GEN3,1,13,0.0,0.0,0.0
52073_G_GEN3,1,14,0.0,0.0,0.0
52073_G_GEN3,1,15,0.0,0.0,0.0
52073_G_GEN3,1,16,0.0,0.0,0.0
52073_G_GEN3,1,17,0.0,0.0,0.0
52073_G_GEN3,1,18,4.4,6.6,0.0
52073_G_GEN3,1,19,4.4,6.6,0.0
52073_G_GEN3,1,20,4.4,6.6,0.0
52073_G_GEN3,1,21,4.4,0.0,0.0
52073_G_GEN3,1,22,4.4,0.0,0.0
52073_G_GEN3,1,23,4.4,0.0,0.0
52073_G_GEN3,1,24,4.4,0.0,0.0
52073_G_GEN3,1,25,4.4,0.0,0.0
52158_G_GEN1,1,1,9.0,0.0,5.4
52158_G_GEN1,1,2,9.0,0.0,5.4
52158_G_GEN1,1,3,9.0,0.0,5.4
52158_G_GEN1,1,4,9.0,0.0,5.4
52158_G_GEN1,1,5,9.0,0.0,0.0
52158_G_GEN1,1,6,9.0,0.0,0.0
52158_G_GEN1,1,7,9.0,0.0,5.4
52158_G_GEN1,1,8,9.0,0.0,0.0
52158_G_GEN1,1,9,9.0,0.0,5.4
52158_G_GEN1,1,10,5.921999999999979,3.0780000000000305,0.0
52158_G_GEN1,1,11,9.0,0.0,5.4
52158_G_GEN1,1,12,9.0,0.0,5.4
52158_G_GEN1,1,13,9.0,0.0,5.4
52158_G_GEN1,1,14,5.921999999999979,3.0780000000000305,0.0
52158_G_GEN1,1,15,3.5999999999999996,5.4,0.0
52158_G_GEN1,1,16,5.922,3.0780000000000003,0.0
52158_G_GEN1,1,17,9.0,0.0,0.0
52158_G_GEN1,1,18,9.0,0.0,0.0
52158_G_GEN1,1,19,9.0,0.0,0.0
52158_G_GEN1,1,20,9.0,0.0,0.0
52158_G_GEN1,1,21,9.0,0.0,0.0
52158_G_GEN1,1,22,9.0,0.0,0.0
52158_G_GEN1,1,23,9.0,0.0,0.0
52158_G_GEN1,1,24,9.0,0.0,0.0
52158_G_GEN1,1,25,9.0,0.0,5.4
52158_G_GEN2,1,1,9.0,0.0,5.4
52158_G_GEN2,1,2,9.0,0.0,5.4
52158_G_GEN2,1,3,9.0,0.0,5.4
52158_G_GEN2,1,4,9.0,0.0,5.4
52158_G_GEN2,1,5,9.0,0.0,0.0
52158_G_GEN2,1,6,9.0,0.0,0.0
52158_G_GEN2,1,7,9.0,0.0,5.4
52158_G_GEN2,1,8,9.0,0.0,0.0
52158_G_GEN2,1,9,9.0,0.0,5.4
52158_G_GEN2,1,10,5.921999999999979,3.0780000000000305,0.0
52158_G_GEN2,1,11,9.0,0.0,5.4
52158_G_GEN2,1,12,9.0,0.0,5.4
52158_G_GEN2,1,13,9.0,0.0,5.4
52158_G_GEN2,1,14,5.921999999999979,3.0780000000000305,0.0
52158_G_GEN2,1,15,3.5999999999999996,5.4,0.0
52158_G_GEN2,1,16,5.922,3.0780000000000003,0.0
52158_G_GEN2,1,17,9.0,0.0,0.0
52158_G_GEN2,1,18,9.0,0.0,0.0
52158_G_GEN2,1,19,9.0,0.0,0.0
52158_G_GEN2,1,20,9.0,0.0,0.0
52158_G_GEN2,1,21,9.0,0.0,0.0
52158_G_GEN2,1,22,9.0,0.0,0.0
52158_G_GEN2,1,23,9.0,0.0,0.0
52158_G_GEN2,1,24,9.0,0.0,0.0
52158_G_GEN2,1,25,9.0,0.0,5.4
52169_G_B,1,1,0.0,0.0,0.0
52169_G_B,1,2,0.0,0.0,0.0
52169_G_B,1,3,0.0,0.0,0.0
52169_G_B,1,4,0.0,0.0,0.0
52169_G_B,1,5,0.0,0.0,0.0
52169_G_B,1,6,0.0,0.0,0.0
52169_G_B,1,7,0.0,0.0,0.0
52169_G_B,1,8,0.0,0.0,0.0
52169_G_B,1,9,0.0,0.0,0.0
52169_G_B,1,10,0.0,0.0,0.0
52169_G_B,1,11,0.0,0.0,0.0
52169_G_B,1,12,0.0,0.0,0.0
52169_G_B,1,13,0.0,0.0,0.0
52169_G_B,1,14,0.0,0.0,0.0
52169_G_B,1,15,0.0,0.0,0.0
52169_G_B,1,16,0.0,0.0,0.0
52169_G_B,1,17,0.0,0.0,0.0
52169_G_B,1,18,0.0,0.0,0.0
52169_G_B,1,19,0.0,0.0,0.0
52169_G_B,1,20,0.0,0.0,0.0
52169_G_B,1,21,0.0,0.0,0.0
52169_G_B,1,22,0.0,0.0,0.0
52169_G_B,1,23,0.0,0.0,0.0
52169_G_B,1,24,0.0,0.0,0.0
52169_G_B,1,25,0.0,0.0,0.0
535_G_1,1,1,0.0,0.0,0.0
535_G_1,1,2,0.0,0.0,0.0
535_G_1,1,3,0.0,0.0,0.0
535_G_1,1,4,0.0,0.0,0.0
535_G_1,1,5,0.0,0.0,0.0
535_G_1,1,6,0.0,0.0,0.0
535_G_1,1,7,0.0,0.0,0.0
535_G_1,1,8,0.0,0.0,0.0
535_G_1,1,9,0.0,0.0,0.0
535_G_1,1,10,0.0,0.0,0.0
535_G_1,1,11,0.0,0.0,0.0
535_G_1,1,12,0.0,0.0,0.0
535_G_1,1,13,0.0,0.0,0.0
535_G_1,1,14,0.0,0.0,0.0
535_G_1,1,15,0.0,0.0,0.0
535_G_1,1,16,0.0,0.0,0.0
535_G_1,1,17,0.0,0.0,0.0
535_G_1,1,18,0.0,0.0,0.0
535_G_1,1,19,0.0,0.0,0.0
535_G_1,1,20,0.0,0.0,0.0
535_G_1,1,21,0.0,0.0,0.0
535_G_1,1,22,0.0,0.0,0.0
535_G_1,1,23,0.0,0.0,0.0
535_G_1,1,24,0.0,0.0,0.0
535_G_1,1,25,0.0,0.0,0.0
54038_G_GEN1,1,1,13.5,0.0,8.1
54038_G_GEN1,1,2,13.5,0.0,8.1
54038_G_GEN1,1,3,13.5,0.0,8.1
54038_G_GEN1,1,4,13.5,0.0,8.1
54038_G_GEN1,1,5,13.5,0.0,0.0
54038_G_GEN1,1,6,13.5,0.0,0.0
54038_G_GEN1,1,7,13.5,0.0,8.1
54038_G_GEN1,1,8,13.5,0.0,0.0
54038_G_GEN1,1,9,13.5,0.0,8.1
54038_G_GEN1,1,10,8.88299999999997,4.617000000000044,0.0
54038_G_GEN1,1,11,13.5,0.0,8.1
54038_G_GEN1,1,12,13.5,0.0,8.1
54038_G_GEN1,1,13,13.5,0.0,8.1
54038_G_GEN1,1,14,8.88299999999997,4.617000000000044,0.0
54038_G_GEN1,1,15,5.4,8.1,0.0
54038_G_GEN1,1,16,8.883,4.617000000000001,0.0
54038_G_GEN1,1,17,13.5,0.0,0.0
54038_G_GEN1,1,18,13.5,0.0,0.0
54038_G_GEN1,1,19,13.5,0.0,0.0
54038_G_GEN1,1,20,13.5,0.0,0.0
54038_G_GEN1,1,21,13.5,0.0,0.0
54038_G_GEN1,1,22,13.5,0.0,0.0
54038_G_GEN1,1,23,13.5,0.0,0.0
54038_G_GEN1,1,24,13.5,0.0,0.0
54038_G_GEN1,1,25,13.5,0.0,8.1
54111_G_GE10,1,1,3.8,0.0,2.28
54111_G_GE10,1,2,3.8,0.0,2.28
54111_G_GE10,1,3,3.8,0.0,2.28
54111_G_GE10,1,4,3.8,0.0,2.28
54111_G_GE10,1,5,3.8,0.0,0.0
54111_G_GE10,1,6,3.8,0.0,0.0
54111_G_GE10,1,7,3.8,0.0,2.28
54111_G_GE10,1,8,3.8,0.0,0.0
54111_G_GE10,1,9,3.8,0.0,2.28
54111_G_GE10,1,10,2.5003999999999937,1.2996000000000099,0.0
54111_G_GE10,1,11,3.8,0.0,2.28
54111_G_GE10,1,12,3.8,0.0,2.28
54111_G_GE10,1,13,3.8,0.0,2.28
54111_G_GE10,1,14,2.5003999999999937,1.2996000000000099,0.0
54111_G_GE10,1,15,1.52,2.28,0.0
54111_G_GE10,1,16,2.5004,1.2995999999999999,0.0
54111_G_GE10,1,17,3.8,0.0,0.0
54111_G_GE10,1,18,3.8,0.0,0.0
54111_G_GE10,1,19,3.8,0.0,0.0
54111_G_GE10,1,20,3.8,0.0,0.0
54111_G_GE10,1,21,3.8,0.0,0.0
54111_G_GE10,1,22,3.8,0.0,0.0
54111_G_GE10,1,23,3.8,0.0,0.0
54111_G_GE10,1,24,3.8,0.0,0.0
54111_G_GE10,1,25,3.8,0.0,2.28
54111_G_GE11,1,1,3.8,0.0,2.28
54111_G_GE11,1,2,3.8,0.0,2.28
54111_G_GE11,1,3,3.8,0.0,2.28
54111_G_GE11,1,4,3.8,0.0,2.28
54111_G_GE11,1,5,3.8,0.0,0.0
54111_G_GE11,1,6,3.8,0.0,0.0
54111_G_GE11,1,7,3.8,0.0,2.28
54111_G_GE11,1,8,3.8,0.0,0.0
54111_G_GE11,1,9,3.8,0.0,2.28
54111_G_GE11,1,10,2.5003999999999937,1.2996000000000099,0.0
54111_G_GE11,1,11,3.8,0.0,2.28
54111_G_GE11,1,12,3.8,0.0,2.28
54111_G_GE11,1,13,3.8,0.0,2.28
54111_G_GE11,1,14,2.5003999999999937,1.2996000000000099,0.0
54111_G_GE11,1,15,1.52,2.28,0.0
54111_G_GE11,1,16,2.5004,1.2995999999999999,0.0
54111_G_GE11,1,17,3.8,0.0,0.0
54111_G_GE11,1,18,3.8,0.0,0.0
54111_G_GE11,1,19,3.8,0.0,0.0
54111_G_GE11,1,20,3.8,0.0,0.0
54111_G_GE11,1,21,3.8,0.0,0.0
54111_G_GE11,1,22,3.8,0.0,0.0
54111_G_GE11,1,23,3.8,0.0,0.0
54111_G_GE11,1,24,3.8,0.0,0.0
54111_G_GE11,1,25,3.8,0.0,2.28
54111_G_GE12,1,1,3.8,0.0,2.28
54111_G_GE12,1,2,3.8,0.0,2.28
54111_G_GE12,1,3,3.8,0.0,2.28
54111_G_GE12,1,4,3.8,0.0,2.28
54111_G_GE12,1,5,3.8,0.0,0.0
54111_G_GE12,1,6,3.8,0.0,0.0
54111_G_GE12,1,7,3.8,0.0,2.28
54111_G_GE12,1,8,3.8,0.0,0.0
54111_G_GE12,1,9,3.8,0.0,2.28
54111_G_GE12,1,10,2.5003999999999937,1.2996000000000099,0.0
54111_G_GE12,1,11,3.8,0.0,2.28
54111_G_GE12,1,12,3.8,0.0,2.28
54111_G_GE12,1,13,3.8,0.0,2.28
54111_G_GE12,1,14,2.5003999999999937,1.2996000000000099,0.0
54111_G_GE12,1,15,1.52,2.28,0.0
54111_G_GE12,1,16,2.5004,1.2995999999999999,0.0
54111_G_GE12,1,17,3.8,0.0,0.0
54111_G_GE12,1,18,3.8,0.0,0.0
54111_G_GE12,1,19,3.8,0.0,0.0
54111_G_GE12,1,20,3.8,0.0,0.0
54111_G_GE12,1,21,3.8,0.0,0.0
54111_G_GE12,1,22,3.8,0.0,0.0
54111_G_GE12,1,23,3.8,0.0,0.0
54111_G_GE12,1,24,3.8,0.0,0.0
54111_G_GE12,1,25,3.8,0.0,2.28
54111_G_GE13,1,1,2.0,0.0,1.2
54111_G_GE13,1,2,2.0,0.0,1.2
54111_G_GE13,1,3,2.0,0.0,1.2
54111_G_GE13,1,4,2.0,0.0,1.2
54111_G_GE13,1,5,2.0,0.0,0.0
54111_G_GE13,1,6,2.0,0.0,0.0
54111_G_GE13,1,7,2.0,0.0,1.2
54111_G_GE13,1,8,2.0,0.0,0.0
54111_G_GE13,1,9,2.0,0.0,1.2
54111_G_GE13,1,10,1.3159999999999963,0.684000000000006,0.0
54111_G_GE13,1,11,2.0,0.0,1.2
54111_G_GE13,1,12,2.0,0.0,1.2
54111_G_GE13,1,13,2.0,0.0,1.2
54111_G_GE13,1,14,1.3159999999999963,0.684000000000006,0.0
54111_G_GE13,1,15,0.8,1.2,0.0
54111_G_GE13,1,16,1.3159999999999998,0.6840000000000002,0.0
54111_G_GE13,1,17,2.0,0.0,0.0
54111_G_GE13,1,18,2.0,0.0,0.0
54111_G_GE13,1,19,2.0,0.0,0.0
54111_G_GE13,1,20,2.0,0.0,0.0
54111_G_GE13,1,21,2.0,0.0,0.0
54111_G_GE13,1,22,2.0,0.0,0.0
54111_G_GE13,1,23,2.0,0.0,0.0
54111_G_GE13,1,24,2.0,0.0,0.0
54111_G_GE13,1,25,2.0,0.0,1.2
54111_G_GEN1,1,1,3.0,0.0,1.7999999999999998
54111_G_GEN1,1,2,3.0,0.0,1.7999999999999998
54111_G_GEN1,1,3,3.0,0.0,1.7999999999999998
54111_G_GEN1,1,4,3.0,0.0,1.7999999999999998
54111_G_GEN1,1,5,3.0,0.0,0.0
54111_G_GEN1,1,6,3.0,0.0,0.0
54111_G_GEN1,1,7,3.0,0.0,1.7999999999999998
54111_G_GEN1,1,8,3.0,0.0,0.0
54111_G_GEN1,1,9,3.0,0.0,1.7999999999999998
54111_G_GEN1,1,10,1.973999999999993,1.0260000000000107,0.0
54111_G_GEN1,1,11,3.0,0.0,1.7999999999999998
54111_G_GEN1,1,12,3.0,0.0,1.7999999999999998
54111_G_GEN1,1,13,3.0,0.0,1.7999999999999998
54111_G_GEN1,1,14,1.9740000000000002,1.0259999999999998,0.0
54111_G_GEN1,1,15,1.2000000000000002,1.7999999999999998,0.0
54111_G_GEN1,1,16,1.974,1.026,0.0
54111_G_GEN1,1,17,3.0,0.0,0.0
54111_G_GEN1,1,18,3.0,0.0,0.0
54111_G_GEN1,1,19,3.0,0.0,0.0
54111_G_GEN1,1,20,3.0,0.0,0.0
54111_G_GEN1,1,21,3.0,0.0,0.0
54111_G_GEN1,1,22,3.0,0.0,0.0
54111_G_GEN1,1,23,3.0,0.0,0.0
54111_G_GEN1,1,24,3.0,0.0,0.0
54111_G_GEN1,1,25,3.0,0.0,1.7999999999999998
54111_G_GEN14,1,1,12.0,0.0,7.199999999999998
54111_G_GEN14,1,2,12.0,0.0,7.199999999999998
54111_G_GEN14,1,3,12.0,0.0,7.199999999999998
54111_G_GEN14,1,4,12.0,0.0,7.199999999999998
54111_G_GEN14,1,5,12.0,0.0,0.0
54111_G_GEN14,1,6,12.0,0.0,0.0
54111_G_GEN14,1,7,12.0,0.0,7.199999999999998
54111_G_GEN14,1,8,12.0,0.0,0.0
54111_G_GEN14,1,9,12.0,0.0,7.199999999999998
54111_G_GEN14,1,10,7.89599999999997,4.104000000000045,0.0
54111_G_GEN14,1,11,12.0,0.0,7.199999999999998
54111_G_GEN14,1,12,12.0,0.0,7.199999999999998
54111_G_GEN14,1,13,12.0,0.0,7.199999999999998
54111_G_GEN14,1,14,7.895999999999971,4.1040000000000445,0.0
54111_G_GEN14,1,15,4.800000000000002,7.199999999999998,0.0
54111_G_GEN14,1,16,7.896,4.104,0.0
54111_G_GEN14,1,17,12.0,0.0,0.0
54111_G_GEN14,1,18,12.0,0.0,0.0
54111_G_GEN14,1,19,12.0,0.0,0.0
54111_G_GEN14,1,20,12.0,0.0,0.0
54111_G_GEN14,1,21,12.0,0.0,0.0
54111_G_GEN14,1,22,12.0,0.0,0.0
54111_G_GEN14,1,23,12.0,0.0,0.0
54111_G_GEN14,1,24,12.0,0.0,0.0
54111_G_GEN14,1,25,12.0,0.0,7.199999999999998
54111_G_GEN2,1,1,3.0,0.0,1.7999999999999998
54111_G_GEN2,1,2,3.0,0.0,1.7999999999999998
54111_G_GEN2,1,3,3.0,0.0,1.7999999999999998
54111_G_GEN2,1,4,3.0,0.0,1.7999999999999998
54111_G_GEN2,1,5,3.0,0.0,0.0
54111_G_GEN2,1,6,3.0,0.0,0.0
54111_G_GEN2,1,7,3.0,0.0,1.7999999999999998
54111_G_GEN2,1,8,3.0,0.0,0.0
54111_G_GEN2,1,9,3.0,0.0,1.7999999999999998
54111_G_GEN2,1,10,1.973999999999993,1.0260000000000107,0.0
54111_G_GEN2,1,11,3.0,0.0,1.7999999999999998
54111_G_GEN2,1,12,3.0,0.0,1.7999999999999998
54111_G_GEN2,1,13,3.0,0.0,1.7999999999999998
54111_G_GEN2,1,14,1.9739999999999933,1.0260000000000105,0.0
54111_G_GEN2,1,15,1.2000000000000002,1.7999999999999998,0.0
54111_G_GEN2,1,16,1.974,1.026,0.0
54111_G_GEN2,1,17,3.0,0.0,0.0
54111_G_GEN2,1,18,3.0,0.0,0.0
54111_G_GEN2,1,19,3.0,0.0,0.0
54111_G_GEN2,1,20,3.0,0.0,0.0
54111_G_GEN2,1,21,3.0,0.0,0.0
54111_G_GEN2,1,22,3.0,0.0,0.0
54111_G_GEN2,1,23,3.0,0.0,0.0
54111_G_GEN2,1,24,3.0,0.0,0.0
54111_G_GEN2,1,25,3.0,0.0,1.7999999999999998
54111_G_GEN3,1,1,3.0,0.0,1.7999999999999998
54111_G_GEN3,1,2,3.0,0.0,1.7999999999999998
54111_G_GEN3,1,3,3.0,0.0,1.7999999999999998
54111_G_GEN3,1,4,3.0,0.0,1.7999999999999998
54111_G_GEN3,1,5,3.0,0.0,0.0
54111_G_GEN3,1,6,3.0,0.0,0.0
54111_G_GEN3,1,7,3.0,0.0,1.7999999999999998
54111_G_GEN3,1,8,3.0,0.0,0.0
54111_G_GEN3,1,9,3.0,0.0,1.7999999999999998
54111_G_GEN3,1,10,1.973999999999993,1.0260000000000107,0.0
54111_G_GEN3,1,11,3.0,0.0,1.7999999999999998
54111_G_GEN3,1,12,3.0,0.0,1.7999999999999998
54111_G_GEN3,1,13,3.0,0.0,1.7999999999999998
54111_G_GEN3,1,14,1.9739999999999933,1.0260000000000105,0.0
54111_G_GEN3,1,15,1.2000000000000002,1.7999999999999998,0.0
54111_G_GEN3,1,16,1.974,1.026,0.0
54111_G_GEN3,1,17,3.0,0.0,0.0
54111_G_GEN3,1,18,3.0,0.0,0.0
54111_G_GEN3,1,19,3.0,0.0,0.0
54111_G_GEN3,1,20,3.0,0.0,0.0
54111_G_GEN3,1,21,3.0,0.0,0.0
54111_G_GEN3,1,22,3.0,0.0,0.0
54111_G_GEN3,1,23,3.0,0.0,0.0
54111_G_GEN3,1,24,3.0,0.0,0.0
54111_G_GEN3,1,25,3.0,0.0,1.7999999999999998
54111_G_GEN4,1,1,3.0,0.0,1.7999999999999998
54111_G_GEN4,1,2,3.0,0.0,1.7999999999999998
54111_G_GEN4,1,3,3.0,0.0,1.7999999999999998
54111_G_GEN4,1,4,3.0,0.0,1.7999999999999998
54111_G_GEN4,1,5,3.0,0.0,0.0
54111_G_GEN4,1,6,3.0,0.0,0.0
54111_G_GEN4,1,7,3.0,0.0,1.7999999999999998
54111_G_GEN4,1,8,3.0,0.0,0.0
54111_G_GEN4,1,9,3.0,0.0,1.7999999999999998
54111_G_GEN4,1,10,1.973999999999993,1.0260000000000107,0.0
54111_G_GEN4,1,11,3.0,0.0,1.7999999999999998
54111_G_GEN4,1,12,3.0,0.0,1.7999999999999998
54111_G_GEN4,1,13,3.0,0.0,1.7999999999999998
54111_G_GEN4,1,14,1.9739999999999933,1.0260000000000105,0.0
54111_G_GEN4,1,15,1.2000000000000002,1.7999999999999998,0.0
54111_G_GEN4,1,16,1.974,1.026,0.0
54111_G_GEN4,1,17,3.0,0.0,0.0
54111_G_GEN4,1,18,3.0,0.0,0.0
54111_G_GEN4,1,19,3.0,0.0,0.0
54111_G_GEN4,1,20,3.0,0.0,0.0
54111_G_GEN4,1,21,3.0,0.0,0.0
54111_G_GEN4,1,22,3.0,0.0,0.0
54111_G_GEN4,1,23,3.0,0.0,0.0
54111_G_GEN4,1,24,3.0,0.0,0.0
54111_G_GEN4,1,25,3.0,0.0,1.7999999999999998
54111_G_GEN5,1,1,3.0,0.0,1.7999999999999998
54111_G_GEN5,1,2,3.0,0.0,1.7999999999999998
54111_G_GEN5,1,3,3.0,0.0,1.7999999999999998
54111_G_GEN5,1,4,3.0,0.0,1.7999999999999998
54111_G_GEN5,1,5,3.0,0.0,0.0
54111_G_GEN5,1,6,3.0,0.0,0.0
54111_G_GEN5,1,7,3.0,0.0,1.7999999999999998
54111_G_GEN5,1,8,3.0,0.0,0.0
54111_G_GEN5,1,9,3.0,0.0,1.7999999999999998
54111_G_GEN5,1,10,1.973999999999993,1.0260000000000107,0.0
54111_G_GEN5,1,11,3.0,0.0,1.7999999999999998
54111_G_GEN5,1,12,3.0,0.0,1.7999999999999998
54111_G_GEN5,1,13,3.0,0.0,1.7999999999999998
54111_G_GEN5,1,14,1.9739999999999933,1.0260000000000105,0.0
54111_G_GEN5,1,15,1.2000000000000002,1.7999999999999998,0.0
54111_G_GEN5,1,16,1.974,1.026,0.0
54111_G_GEN5,1,17,3.0,0.0,0.0
54111_G_GEN5,1,18,3.0,0.0,0.0
54111_G_GEN5,1,19,3.0,0.0,0.0
54111_G_GEN5,1,20,3.0,0.0,0.0
54111_G_GEN5,1,21,3.0,0.0,0.0
54111_G_GEN5,1,22,3.0,0.0,0.0
54111_G_GEN5,1,23,3.0,0.0,0.0
54111_G_GEN5,1,24,3.0,0.0,0.0
54111_G_GEN5,1,25,3.0,0.0,1.7999999999999998
54111_G_GEN6,1,1,3.0,0.0,1.7999999999999998
54111_G_GEN6,1,2,3.0,0.0,1.7999999999999998
54111_G_GEN6,1,3,3.0,0.0,1.7999999999999998
54111_G_GEN6,1,4,3.0,0.0,1.7999999999999998
54111_G_GEN6,1,5,3.0,0.0,0.0
54111_G_GEN6,1,6,3.0,0.0,0.0
54111_G_GEN6,1,7,3.0,0.0,1.7999999999999998
54111_G_GEN6,1,8,3.0,0.0,0.0
54111_G_GEN6,1,9,3.0,0.0,1.7999999999999998
54111_G_GEN6,1,10,1.973999999999993,1.0260000000000107,0.0
54111_G_GEN6,1,11,3.0,0.0,1.7999999999999998
54111_G_GEN6,1,12,3.0,0.0,1.7999999999999998
54111_G_GEN6,1,13,3.0,0.0,1.7999999999999998
54111_G_GEN6,1,14,1.9739999999999933,1.0260000000000105,0.0
54111_G_GEN6,1,15,1.2000000000000002,1.7999999999999998,0.0
54111_G_GEN6,1,16,1.974,1.026,0.0
54111_G_GEN6,1,17,3.0,0.0,0.0
54111_G_GEN6,1,18,3.0,0.0,0.0
54111_G_GEN6,1,19,3.0,0.0,0.0
54111_G_GEN6,1,20,3.0,0.0,0.0
54111_G_GEN6,1,21,3.0,0.0,0.0
54111_G_GEN6,1,22,3.0,0.0,0.0
54111_G_GEN6,1,23,3.0,0.0,0.0
54111_G_GEN6,1,24,3.0,0.0,0.0
54111_G_GEN6,1,25,3.0,0.0,1.7999999999999998
54111_G_GEN7,1,1,3.8,0.0,2.28
54111_G_GEN7,1,2,3.8,0.0,2.28
54111_G_GEN7,1,3,3.8,0.0,2.28
54111_G_GEN7,1,4,3.8,0.0,2.28
54111_G_GEN7,1,5,3.8,0.0,0.0
54111_G_GEN7,1,6,3.8,0.0,0.0
54111_G_GEN7,1,7,3.8,0.0,2.28
54111_G_GEN7,1,8,3.8,0.0,0.0
54111_G_GEN7,1,9,3.8,0.0,2.28
54111_G_GEN7,1,10,2.5003999999999937,1.2996000000000099,0.0
54111_G_GEN7,1,11,3.8,0.0,2.28
54111_G_GEN7,1,12,3.8,0.0,2.28
54111_G_GEN7,1,13,3.8,0.0,2.28
54111_G_GEN7,1,14,2.5003999999999937,1.2996000000000099,0.0
54111_G_GEN7,1,15,1.52,2.28,0.0
54111_G_GEN7,1,16,2.5004,1.2995999999999999,0.0
54111_G_GEN7,1,17,3.8,0.0,0.0
54111_G_GEN7,1,18,3.8,0.0,0.0
54111_G_GEN7,1,19,3.8,0.0,0.0
54111_G_GEN7,1,20,3.8,0.0,0.0
54111_G_GEN7,1,21,3.8,0.0,0.0
54111_G_GEN7,1,22,3.8,0.0,0.0
54111_G_GEN7,1,23,3.8,0.0,0.0
54111_G_GEN7,1,24,3.8,0.0,0.0
54111_G_GEN7,1,25,3.8,0.0,2.28
54111_G_GEN8,1,1,3.8,0.0,2.28
54111_G_GEN8,1,2,3.8,0.0,2.28
54111_G_GEN8,1,3,3.8,0.0,2.28
54111_G_GEN8,1,4,3.8,0.0,2.28
54111_G_GEN8,1,5,3.8,0.0,0.0
54111_G_GEN8,1,6,3.8,0.0,0.0
54111_G_GEN8,1,7,3.8,0.0,2.28
54111_G_GEN8,1,8,3.8,0.0,0.0
54111_G_GEN8,1,9,3.8,0.0,2.28
54111_G_GEN8,1,10,2.5003999999999937,1.2996000000000099,0.0
54111_G_GEN8,1,11,3.8,0.0,2.28
54111_G_GEN8,1,12,3.8,0.0,2.28
54111_G_GEN8,1,13,3.8,0.0,2.28
54111_G_GEN8,1,14,2.5003999999999937,1.2996000000000099,0.0
54111_G_GEN8,1,15,1.52,2.28,0.0
54111_G_GEN8,1,16,2.5004,1.2995999999999999,0.0
54111_G_GEN8,1,17,3.8,0.0,0.0
54111_G_GEN8,1,18,3.8,0.0,0.0
54111_G_GEN8,1,19,3.8,0.0,0.0
54111_G_GEN8,1,20,3.8,0.0,0.0
54111_G_GEN8,1,21,3.8,0.0,0.0
54111_G_GEN8,1,22,3.8,0.0,0.0
54111_G_GEN8,1,23,3.8,0.0,0.0
54111_G_GEN8,1,24,3.8,0.0,0.0
54111_G_GEN8,1,25,3.8,0.0,2.28
54111_G_GEN9,1,1,3.8,0.0,2.28
54111_G_GEN9,1,2,3.8,0.0,2.28
54111_G_GEN9,1,3,3.8,0.0,2.28
54111_G_GEN9,1,4,3.8,0.0,2.28
54111_G_GEN9,1,5,3.8,0.0,0.0
54111_G_GEN9,1,6,3.8,0.0,0.0
54111_G_GEN9,1,7,3.8,0.0,2.28
54111_G_GEN9,1,8,3.8,0.0,0.0
54111_G_GEN9,1,9,3.8,0.0,2.28
54111_G_GEN9,1,10,2.5003999999999937,1.2996000000000099,0.0
54111_G_GEN9,1,11,3.8,0.0,2.28
54111_G_GEN9,1,12,3.8,0.0,2.28
54111_G_GEN9,1,13,3.8,0.0,2.28
54111_G_GEN9,1,14,2.5003999999999937,1.2996000000000099,0.0
54111_G_GEN9,1,15,1.52,2.28,0.0
54111_G_GEN9,1,16,2.5004,1.2995999999999999,0.0
54111_G_GEN9,1,17,3.8,0.0,0.0
54111_G_GEN9,1,18,3.8,0.0,0.0
54111_G_GEN9,1,19,3.8,0.0,0.0
54111_G_GEN9,1,20,3.8,0.0,0.0
54111_G_GEN9,1,21,3.8,0.0,0.0
54111_G_GEN9,1,22,3.8,0.0,0.0
54111_G_GEN9,1,23,3.8,0.0,0.0
54111_G_GEN9,1,24,3.8,0.0,0.0
54111_G_GEN9,1,25,3.8,0.0,2.28
54238_B_BIOMS1,1,1,111.1,0.0,0.0
54238_B_BIOMS1,1,2,111.1,0.0,0.0
54238_B_BIOMS1,1,3,111.1,0.0,0.0
54238_B_BIOMS1,1,4,111.1,0.0,0.0
54238_B_BIOMS1,1,5,111.1,0.0,0.0
54238_B_BIOMS1,1,6,111.1,0.0,0.0
54238_B_BIOMS1,1,7,111.1,0.0,0.0
54238_B_BIOMS1,1,8,111.1,0.0,0.0
54238_B_BIOMS1,1,9,44.44,0.0,0.0
54238_B_BIOMS1,1,10,44.44,0.0,0.0
54238_B_BIOMS1,1,11,44.44,0.0,0.0
54238_B_BIOMS1,1,12,44.44,0.0,0.0
54238_B_BIOMS1,1,13,44.44,0.0,0.0
54238_B_BIOMS1,1,14,44.44,0.0,0.0
54238_B_BIOMS1,1,15,44.44,0.0,0.0
54238_B_BIOMS1,1,16,44.44,0.0,0.0
54238_B_BIOMS1,1,17,111.1,0.0,0.0
54238_B_BIOMS1,1,18,111.1,0.0,0.0
54238_B_BIOMS1,1,19,111.1,0.0,0.0
54238_B_BIOMS1,1,20,111.1,0.0,0.0
54238_B_BIOMS1,1,21,111.1,0.0,0.0
54238_B_BIOMS1,1,22,111.1,0.0,0.0
54238_B_BIOMS1,1,23,111.1,0.0,0.0
54238_B_BIOMS1,1,24,111.1,0.0,0.0
54238_B_BIOMS1,1,25,111.1,0.0,0.0
54689_G_1,1,1,38.0,0.0,22.8
54689_G_1,1,2,38.0,0.0,22.8
54689_G_1,1,3,38.0,0.0,22.8
54689_G_1,1,4,38.0,0.0,22.8
54689_G_1,1,5,38.0,0.0,0.0
54689_G_1,1,6,38.0,0.0,0.0
54689_G_1,1,7,38.0,0.0,22.8
54689_G_1,1,8,38.0,0.0,0.0
54689_G_1,1,9,38.0,0.0,22.8
54689_G_1,1,10,25.003999999999927,12.996000000000112,0.0
54689_G_1,1,11,38.0,0.0,22.8
54689_G_1,1,12,38.0,0.0,22.8
54689_G_1,1,13,38.0,0.0,22.8
54689_G_1,1,14,25.003999999999923,12.996000000000116,0.0
54689_G_1,1,15,15.2,22.8,0.0
54689_G_1,1,16,25.003999999999998,12.996000000000002,0.0
54689_G_1,1,17,38.0,0.0,0.0
54689_G_1,1,18,38.0,0.0,0.0
54689_G_1,1,19,38.0,0.0,0.0
54689_G_1,1,20,38.0,0.0,0.0
54689_G_1,1,21,38.0,0.0,0.0
54689_G_1,1,22,38.0,0.0,0.0
54689_G_1,1,23,38.0,0.0,0.0
54689_G_1,1,24,38.0,0.0,0.0
54689_G_1,1,25,38.0,0.0,22.8
54689_G_2,1,1,5.0,0.0,3.0
54689_G_2,1,2,5.0,0.0,3.0
54689_G_2,1,3,5.0,0.0,3.0
54689_G_2,1,4,5.0,0.0,3.0
54689_G_2,1,5,5.0,0.0,0.0
54689_G_2,1,6,5.0,0.0,0.0
54689_G_2,1,7,5.0,0.0,3.0
54689_G_2,1,8,5.0,0.0,0.0
54689_G_2,1,9,5.0,0.0,3.0
54689_G_2,1,10,3.2899999999999903,1.7100000000000146,0.0
54689_G_2,1,11,5.0,0.0,3.0
54689_G_2,1,12,5.0,0.0,3.0
54689_G_2,1,13,5.0,0.0,3.0
54689_G_2,1,14,3.28999999999999,1.710000000000015,0.0
54689_G_2,1,15,2.0,3.0,0.0
54689_G_2,1,16,3.29,1.71,0.0
54689_G_2,1,17,5.0,0.0,0.0
54689_G_2,1,18,5.0,0.0,0.0
54689_G_2,1,19,5.0,0.0,0.0
54689_G_2,1,20,5.0,0.0,0.0
54689_G_2,1,21,5.0,0.0,0.0
54689_G_2,1,22,5.0,0.0,0.0
54689_G_2,1,23,5.0,0.0,0.0
54689_G_2,1,24,5.0,0.0,0.0
54689_G_2,1,25,5.0,0.0,3.0
54689_G_3,1,1,2.5,0.0,1.5
54689_G_3,1,2,2.5,0.0,1.5
54689_G_3,1,3,2.5,0.0,1.5
54689_G_3,1,4,2.5,0.0,1.5
54689_G_3,1,5,2.5,0.0,0.0
54689_G_3,1,6,2.5,0.0,0.0
54689_G_3,1,7,2.5,0.0,1.5
54689_G_3,1,8,2.5,0.0,0.0
54689_G_3,1,9,2.5,0.0,1.5
54689_G_3,1,10,1.6449999999999951,0.8550000000000073,0.0
54689_G_3,1,11,2.5,0.0,1.5
54689_G_3,1,12,2.5,0.0,1.5
54689_G_3,1,13,2.5,0.0,1.5
54689_G_3,1,14,1.644999999999995,0.8550000000000075,0.0
54689_G_3,1,15,1.0,1.5,0.0
54689_G_3,1,16,1.645,0.855,0.0
54689_G_3,1,17,2.5,0.0,0.0
54689_G_3,1,18,2.5,0.0,0.0
54689_G_3,1,19,2.5,0.0,0.0
54689_G_3,1,20,2.5,0.0,0.0
54689_G_3,1,21,2.5,0.0,0.0
54689_G_3,1,22,2.5,0.0,0.0
54689_G_3,1,23,2.5,0.0,0.0
54689_G_3,1,24,2.5,0.0,0.0
54689_G_3,1,25,2.5,0.0,1.5
54724_G_OEC21,1,1,11.5,0.0,6.8999999999999995
54724_G_OEC21,1,2,11.5,0.0,6.8999999999999995
54724_G_OEC21,1,3,11.5,0.0,6.8999999999999995
54724_G_OEC21,1,4,11.5,0.0,6.8999999999999995
54724_G_OEC21,1,5,11.5,0.0,0.0
54724_G_OEC21,1,6,11.5,0.0,0.0
54724_G_OEC21,1,7,11.5,0.0,6.8999999999999995
54724_G_OEC21,1,8,11.5,0.0,0.0
54724_G_OEC21,1,9,11.5,0.0,6.8999999999999995
54724_G_OEC21,1,10,7.566999999999974,3.9330000000000354,0.0
54724_G_OEC21,1,11,11.5,0.0,6.8999999999999995
54724_G_OEC21,1,12,11.5,0.0,6.8999999999999995
54724_G_OEC21,1,13,11.5,0.0,6.8999999999999995
54724_G_OEC21,1,14,7.566999999999975,3.9330000000000345,0.0
54724_G_OEC21,1,15,4.6000000000000005,6.8999999999999995,0.0
54724_G_OEC21,1,16,7.567,3.933,0.0
54724_G_OEC21,1,17,11.5,0.0,0.0
54724_G_OEC21,1,18,11.5,0.0,0.0
54724_G_OEC21,1,19,11.5,0.0,0.0
54724_G_OEC21,1,20,11.5,0.0,0.0
54724_G_OEC21,1,21,11.5,0.0,0.0
54724_G_OEC21,1,22,11.5,0.0,0.0
54724_G_OEC21,1,23,11.5,0.0,0.0
54724_G_OEC21,1,24,11.5,0.0,0.0
54724_G_OEC21,1,25,11.5,0.0,6.8999999999999995
54724_G_OEC22,1,1,8.5,0.0,5.1
54724_G_OEC22,1,2,8.5,0.0,5.1
54724_G_OEC22,1,3,8.5,0.0,5.1
54724_G_OEC22,1,4,8.5,0.0,5.1
54724_G_OEC22,1,5,8.5,0.0,0.0
54724_G_OEC22,1,6,8.5,0.0,0.0
54724_G_OEC22,1,7,8.5,0.0,5.1
54724_G_OEC22,1,8,8.5,0.0,0.0
54724_G_OEC22,1,9,8.5,0.0,5.1
54724_G_OEC22,1,10,5.592999999999983,2.9070000000000262,0.0
54724_G_OEC22,1,11,8.5,0.0,5.1
54724_G_OEC22,1,12,8.5,0.0,5.1
54724_G_OEC22,1,13,8.5,0.0,5.1
54724_G_OEC22,1,14,5.592999999999982,2.907000000000027,0.0
54724_G_OEC22,1,15,3.4000000000000004,5.1,0.0
54724_G_OEC22,1,16,5.593,2.907,0.0
54724_G_OEC22,1,17,8.5,0.0,0.0
54724_G_OEC22,1,18,8.5,0.0,0.0
54724_G_OEC22,1,19,8.5,0.0,0.0
54724_G_OEC22,1,20,8.5,0.0,0.0
54724_G_OEC22,1,21,8.5,0.0,0.0
54724_G_OEC22,1,22,8.5,0.0,0.0
54724_G_OEC22,1,23,8.5,0.0,0.0
54724_G_OEC22,1,24,8.5,0.0,0.0
54724_G_OEC22,1,25,8.5,0.0,5.1
54749_G_CTG,1,1,0.0,0.0,0.0
54749_G_CTG,1,2,0.0,0.0,0.0
54749_G_CTG,1,3,0.0,0.0,0.0
54749_G_CTG,1,4,0.0,0.0,0.0
54749_G_CTG,1,5,0.0,0.0,0.0
54749_G_CTG,1,6,0.0,0.0,0.0
54749_G_CTG,1,7,0.0,0.0,0.0
54749_G_CTG,1,8,0.0,0.0,0.0
54749_G_CTG,1,9,0.0,0.0,0.0
54749_G_CTG,1,10,0.0,0.0,0.0
54749_G_CTG,1,11,0.0,0.0,0.0
54749_G_CTG,1,12,0.0,0.0,0.0
54749_G_CTG,1,13,0.0,0.0,0.0
54749_G_CTG,1,14,0.0,0.0,0.0
54749_G_CTG,1,15,0.0,0.0,0.0
54749_G_CTG,1,16,0.0,0.0,0.0
54749_G_CTG,1,17,0.0,0.0,0.0
54749_G_CTG,1,18,0.0,0.0,0.0
54749_G_CTG,1,19,0.0,0.0,0.0
54749_G_CTG,1,20,0.0,0.0,0.0
54749_G_CTG,1,21,0.0,0.0,0.0
54749_G_CTG,1,22,0.0,0.0,0.0
54749_G_CTG,1,23,0.0,0.0,0.0
54749_G_CTG,1,24,0.0,0.0,0.0
54749_G_CTG,1,25,0.0,0.0,0.0
54749_G_STG,1,1,3.76,0.0,0.0
54749_G_STG,1,2,3.76,0.0,0.0
54749_G_STG,1,3,3.76,0.0,0.0
54749_G_STG,1,4,3.76,0.0,0.0
54749_G_STG,1,5,3.76,0.0,0.0
54749_G_STG,1,6,3.76,0.0,0.0
54749_G_STG,1,7,3.76,0.0,0.0
54749_G_STG,1,8,8.58169946901954,0.0,0.0
54749_G_STG,1,9,0.0,0.0,0.0
54749_G_STG,1,10,0.0,0.0,0.0
54749_G_STG,1,11,0.0,0.0,0.0
54749_G_STG,1,12,0.0,0.0,0.0
54749_G_STG,1,13,0.0,0.0,0.0
54749_G_STG,1,14,0.0,0.0,0.0
54749_G_STG,1,15,0.0,0.0,0.0
54749_G_STG,1,16,0.0,0.0,0.0
54749_G_STG,1,17,0.0,0.0,0.0
54749_G_STG,1,18,0.0,0.0,0.0
54749_G_STG,1,19,0.0,0.0,0.0
54749_G_STG,1,20,0.0,0.0,0.0
54749_G_STG,1,21,0.0,0.0,0.0
54749_G_STG,1,22,0.0,0.0,0.0
54749_G_STG,1,23,0.0,0.0,0.0
54749_G_STG,1,24,0.0,0.0,0.0
54749_G_STG,1,25,0.0,0.0,0.0
54996_G_4100,1,1,44.0,0.0,26.4
54996_G_4100,1,2,44.0,0.0,26.4
54996_G_4100,1,3,44.0,0.0,26.4
54996_G_4100,1,4,44.0,0.0,26.4
54996_G_4100,1,5,44.0,0.0,0.0
54996_G_4100,1,6,44.0,0.0,0.0
54996_G_4100,1,7,44.0,0.0,26.4
54996_G_4100,1,8,44.0,0.0,0.0
54996_G_4100,1,9,44.0,0.0,26.4
54996_G_4100,1,10,28.951999999999927,15.048000000000112,0.0
54996_G_4100,1,11,44.0,0.0,26.4
54996_G_4100,1,12,44.0,0.0,26.4
54996_G_4100,1,13,44.0,0.0,26.4
54996_G_4100,1,14,28.95199999999993,15.048000000000108,0.0
54996_G_4100,1,15,17.6,26.4,0.0
54996_G_4100,1,16,28.951999999999998,15.048000000000002,0.0
54996_G_4100,1,17,44.0,0.0,0.0
54996_G_4100,1,18,44.0,0.0,0.0
54996_G_4100,1,19,44.0,0.0,0.0
54996_G_4100,1,20,44.0,0.0,0.0
54996_G_4100,1,21,44.0,0.0,0.0
54996_G_4100,1,22,44.0,0.0,0.0
54996_G_4100,1,23,44.0,0.0,0.0
54996_G_4100,1,24,44.0,0.0,0.0
54996_G_4100,1,25,44.0,0.0,26.4
55084_G_GE1,1,1,247.4,0.0,148.44
55084_G_GE1,1,2,247.4,0.0,148.44
55084_G_GE1,1,3,247.4,0.0,148.44
55084_G_GE1,1,4,172.59394530973765,74.80605469026236,14.991353933706222
55084_G_GE1,1,5,247.4,0.0,0.0
55084_G_GE1,1,6,247.4,0.0,0.0
55084_G_GE1,1,7,247.4,0.0,148.44
55084_G_GE1,1,8,247.4,0.0,0.0
55084_G_GE1,1,9,168.72680000000003,78.67320000000004,69.76680000000006
55084_G_GE1,1,10,98.96000000000001,148.44,0.0
55084_G_GE1,1,11,177.63320000000004,69.76679999999996,78.67320000000008
55084_G_GE1,1,12,247.39999999999998,0.0,148.44
55084_G_GE1,1,13,177.63320000000004,69.76679999999996,78.67320000000008
55084_G_GE1,1,14,98.96000000000001,148.44,0.0
55084_G_GE1,1,15,98.96,148.44,0.0
55084_G_GE1,1,16,98.96000000000001,148.44,0.0
55084_G_GE1,1,17,177.63320000000004,69.76679999999996,0.0
55084_G_GE1,1,18,247.4,0.0,0.0
55084_G_GE1,1,19,247.4,0.0,0.0
55084_G_GE1,1,20,247.4,0.0,0.0
55084_G_GE1,1,21,247.4,0.0,0.0
55084_G_GE1,1,22,247.4,0.0,0.0
55084_G_GE1,1,23,247.4,0.0,0.0
55084_G_GE1,1,24,247.4,0.0,0.0
55084_G_GE1,1,25,247.4,0.0,148.44
55112_G_CT01,1,1,0.0,0.0,0.0
55112_G_CT01,1,2,0.0,0.0,0.0
55112_G_CT01,1,3,0.0,0.0,0.0
55112_G_CT01,1,4,0.0,0.0,0.0
55112_G_CT01,1,5,0.0,0.0,0.0
55112_G_CT01,1,6,0.0,0.0,0.0
55112_G_CT01,1,7,0.0,0.0,0.0
55112_G_CT01,1,8,0.0,0.0,0.0
55112_G_CT01,1,9,0.0,0.0,0.0
55112_G_CT01,1,10,0.0,0.0,0.0
55112_G_CT01,1,11,0.0,0.0,0.0
55112_G_CT01,1,12,0.0,0.0,0.0
55112_G_CT01,1,13,0.0,0.0,0.0
55112_G_CT01,1,14,0.0,0.0,0.0
55112_G_CT01,1,15,0.0,0.0,0.0
55112_G_CT01,1,16,0.0,0.0,0.0
55112_G_CT01,1,17,0.0,0.0,0.0
55112_G_CT01,1,18,74.5640000000003,100.4359999999997,0.0
55112_G_CT01,1,19,70.0,105.0,0.0
55112_G_CT01,1,20,70.0,105.0,0.0
55112_G_CT01,1,21,0.0,0.0,0.0
55112_G_CT01,1,22,0.0,0.0,0.0
55112_G_CT01,1,23,0.0,0.0,0.0
55112_G_CT01,1,24,0.0,0.0,0.0
55112_G_CT01,1,25,0.0,0.0,0.0
55112_G_CT02,1,1,0.0,0.0,0.0
55112_G_CT02,1,2,0.0,0.0,0.0
55112_G_CT02,1,3,0.0,0.0,0.0
55112_G_CT02,1,4,0.0,0.0,0.0
55112_G_CT02,1,5,0.0,0.0,0.0
55112_G_CT02,1,6,0.0,0.0,0.0
55112_G_CT02,1,7,0.0,0.0,0.0
55112_G_CT02,1,8,0.0,0.0,0.0
55112_G_CT02,1,9,0.0,0.0,0.0
55112_G_CT02,1,10,0.0,0.0,0.0
55112_G_CT02,1,11,0.0,0.0,0.0
55112_G_CT02,1,12,0.0,0.0,0.0
55112_G_CT02,1,13,0.0,0.0,0.0
55112_G_CT02,1,14,0.0,0.0,0.0
55112_G_CT02,1,15,0.0,0.0,0.0
55112_G_CT02,1,16,0.0,0.0,0.0
55112_G_CT02,1,17,0.0,0.0,0.0
55112_G_CT02,1,18,0.0,0.0,0.0
55112_G_CT02,1,19,0.0,0.0,0.0
55112_G_CT02,1,20,0.0,0.0,0.0
55112_G_CT02,1,21,0.0,0.0,0.0
55112_G_CT02,1,22,0.0,0.0,0.0
55112_G_CT02,1,23,0.0,0.0,0.0
55112_G_CT02,1,24,0.0,0.0,0.0
55112_G_CT02,1,25,0.0,0.0,0.0
55112_G_ST01,1,1,0.0,0.0,0.0
55112_G_ST01,1,2,0.0,0.0,0.0
55112_G_ST01,1,3,0.0,0.0,0.0
55112_G_ST01,1,4,0.0,0.0,0.0
55112_G_ST01,1,5,0.0,0.0,0.0
55112_G_ST01,1,6,0.0,0.0,0.0
55112_G_ST01,1,7,0.0,0.0,0.0
55112_G_ST01,1,8,0.0,0.0,0.0
55112_G_ST01,1,9,0.0,0.0,0.0
55112_G_ST01,1,10,0.0,0.0,0.0
55112_G_ST01,1,11,0.0,0.0,0.0
55112_G_ST01,1,12,0.0,0.0,0.0
55112_G_ST01,1,13,0.0,0.0,0.0
55112_G_ST01,1,14,0.0,0.0,0.0
55112_G_ST01,1,15,0.0,0.0,0.0
55112_G_ST01,1,16,0.0,0.0,0.0
55112_G_ST01,1,17,0.0,0.0,0.0
55112_G_ST01,1,18,72.0,108.0,0.0
55112_G_ST01,1,19,72.0,108.0,0.0
55112_G_ST01,1,20,72.0,108.0,0.0
55112_G_ST01,1,21,0.0,0.0,0.0
55112_G_ST01,1,22,0.0,0.0,0.0
55112_G_ST01,1,23,0.0,0.0,0.0
55112_G_ST01,1,24,0.0,0.0,0.0
55112_G_ST01,1,25,0.0,0.0,0.0
55151_G_GEN1,1,1,97.48000000000002,0.0,0.0
55151_G_GEN1,1,2,97.48000000000002,0.0,0.0
55151_G_GEN1,1,3,97.48000000000002,0.0,0.0
55151_G_GEN1,1,4,97.48000000000002,0.0,0.0
55151_G_GEN1,1,5,97.48,0.0,0.0
55151_G_GEN1,1,6,97.48000000000002,0.0,0.0
55151_G_GEN1,1,7,174.9765999999991,68.72339999999997,0.0
55151_G_GEN1,1,8,174.9765999999973,68.72339999999997,0.0
55151_G_GEN1,1,9,97.48,0.0,0.0
55151_G_GEN1,1,10,97.48,0.0,0.0
55151_G_GEN1,1,11,97.48,0.0,0.0
55151_G_GEN1,1,12,97.48,0.0,0.0
55151_G_GEN1,1,13,97.48,0.0,0.0
55151_G_GEN1,1,14,97.48,0.0,0.0
55151_G_GEN1,1,15,97.48,0.0,0.0
55151_G_GEN1,1,16,97.48,0.0,0.0
55151_G_GEN1,1,17,174.97660000000002,0.0,0.0
55151_G_GEN1,1,18,243.69999999998907,0.0,0.0
55151_G_GEN1,1,19,243.69999999998907,0.0,0.0
55151_G_GEN1,1,20,243.6999999999927,0.0,0.0
55151_G_GEN1,1,21,243.7,0.0,0.0
55151_G_GEN1,1,22,174.97660000000002,68.7233999999999,0.0
55151_G_GEN1,1,23,97.48,146.21999999999997,0.0
55151_G_GEN1,1,24,97.48000000000002,0.0,0.0
55151_G_GEN1,1,25,97.48,0.0,0.0
55151_G_GEN2,1,1,96.64000000000001,0.0,0.0
55151_G_GEN2,1,2,96.64,0.0,0.0
55151_G_GEN2,1,3,96.64000000000001,0.0,0.0
55151_G_GEN2,1,4,96.64000000000001,0.0,0.0
55151_G_GEN2,1,5,96.64,0.0,0.0
55151_G_GEN2,1,6,96.64000000000001,0.0,0.0
55151_G_GEN2,1,7,173.4688000000001,68.1312,0.0
55151_G_GEN2,1,8,173.4688,68.1312,0.0
55151_G_GEN2,1,9,96.64,0.0,0.0
55151_G_GEN2,1,10,96.64,0.0,0.0
55151_G_GEN2,1,11,96.64,0.0,0.0
55151_G_GEN2,1,12,96.64,0.0,0.0
55151_G_GEN2,1,13,96.64,0.0,0.0
55151_G_GEN2,1,14,96.64,0.0,0.0
55151_G_GEN2,1,15,96.64,0.0,0.0
55151_G_GEN2,1,16,96.64,0.0,0.0
55151_G_GEN2,1,17,173.4688000000003,0.0,0.0
55151_G_GEN2,1,18,241.6,0.0,0.0
55151_G_GEN2,1,19,241.6,0.0,0.0
55151_G_GEN2,1,20,241.6,0.0,0.0
55151_G_GEN2,1,21,241.6,0.0,0.0
55151_G_GEN2,1,22,241.6,0.0,0.0
55151_G_GEN2,1,23,164.77120000000002,76.82879999999997,0.0
55151_G_GEN2,1,24,96.64000000000001,0.0,0.0
55151_G_GEN2,1,25,96.64,0.0,0.0
55151_G_GEN3,1,1,94.96,0.0,0.0
55151_G_GEN3,1,2,94.96000000000001,0.0,0.0
55151_G_GEN3,1,3,94.96000000000001,0.0,0.0
55151_G_GEN3,1,4,94.96000000000001,0.0,0.0
55151_G_GEN3,1,5,94.96,0.0,0.0
55151_G_GEN3,1,6,94.96000000000001,0.0,0.0
55151_G_GEN3,1,7,170.4532,66.9468,0.0
55151_G_GEN3,1,8,170.45319999999998,66.94680000000002,0.0
55151_G_GEN3,1,9,94.96,0.0,0.0
55151_G_GEN3,1,10,94.96,0.0,0.0
55151_G_GEN3,1,11,94.96,0.0,0.0
55151_G_GEN3,1,12,94.96,0.0,0.0
55151_G_GEN3,1,13,94.96,0.0,0.0
55151_G_GEN3,1,14,94.96,0.0,0.0
55151_G_GEN3,1,15,94.96,0.0,0.0
55151_G_GEN3,1,16,94.96,0.0,0.0
55151_G_GEN3,1,17,170.45319999999998,0.0,0.0
55151_G_GEN3,1,18,237.4,0.0,0.0
55151_G_GEN3,1,19,237.4,0.0,0.0
55151_G_GEN3,1,20,237.4,0.0,0.0
55151_G_GEN3,1,21,237.4,0.0,0.0
55151_G_GEN3,1,22,170.45319999999998,66.94679999999998,0.0
55151_G_GEN3,1,23,94.96,0.0,0.0
55151_G_GEN3,1,24,94.96000000000001,0.0,0.0
55151_G_GEN3,1,25,94.96,0.0,0.0
55151_G_GEN4,1,1,97.07999999999998,0.0,0.0
55151_G_GEN4,1,2,97.07999999999998,0.0,0.0
55151_G_GEN4,1,3,97.07999999999998,0.0,0.0
55151_G_GEN4,1,4,97.07999999999998,0.0,0.0
55151_G_GEN4,1,5,97.07999999999998,0.0,0.0
55151_G_GEN4,1,6,97.08,0.0,0.0
55151_G_GEN4,1,7,174.25860000000006,68.44139999999993,0.0
55151_G_GEN4,1,8,174.25860000000011,68.44139999999987,0.0
55151_G_GEN4,1,9,97.08,0.0,0.0
55151_G_GEN4,1,10,97.08,0.0,0.0
55151_G_GEN4,1,11,97.07999999999998,0.0,0.0
55151_G_GEN4,1,12,97.07999999999998,0.0,0.0
55151_G_GEN4,1,13,97.07999999999998,0.0,0.0
55151_G_GEN4,1,14,97.08,0.0,0.0
55151_G_GEN4,1,15,97.08,0.0,0.0
55151_G_GEN4,1,16,97.08,0.0,0.0
55151_G_GEN4,1,17,174.2586,0.0,0.0
55151_G_GEN4,1,18,242.7,0.0,0.0
55151_G_GEN4,1,19,242.7,0.0,0.0
55151_G_GEN4,1,20,242.7,0.0,0.0
55151_G_GEN4,1,21,242.7,0.0,0.0
55151_G_GEN4,1,22,242.7,0.0,0.0
55151_G_GEN4,1,23,165.52139999999997,77.17860000000009,0.0
55151_G_GEN4,1,24,97.07999999999998,0.0,0.0
55151_G_GEN4,1,25,97.07999999999998,0.0,0.0
55182_G_STG,1,1,98.0,0.0,0.0
55182_G_STG,1,2,98.0,0.0,0.0
55182_G_STG,1,3,98.0,0.0,0.0
55182_G_STG,1,4,98.0,0.0,0.0
55182_G_STG,1,5,98.0,0.0,0.0
55182_G_STG,1,6,98.0,0.0,0.0
55182_G_STG,1,7,175.91000000000003,69.08999999999997,0.0
55182_G_STG,1,8,175.91000000000008,69.08999999999992,0.0
55182_G_STG,1,9,98.0,0.0,0.0
55182_G_STG,1,10,98.0,0.0,0.0
55182_G_STG,1,11,98.0,0.0,0.0
55182_G_STG,1,12,98.0,0.0,0.0
55182_G_STG,1,13,98.0,0.0,0.0
55182_G_STG,1,14,98.0,0.0,0.0
55182_G_STG,1,15,98.0,0.0,0.0
55182_G_STG,1,16,98.0,0.0,0.0
55182_G_STG,1,17,175.91000000000028,0.0,0.0
55182_G_STG,1,18,245.0,0.0,0.0
55182_G_STG,1,19,245.0,0.0,0.0
55182_G_STG,1,20,245.0,0.0,0.0
55182_G_STG,1,21,245.0,0.0,0.0
55182_G_STG,1,22,175.91,69.08999999999993,0.0
55182_G_STG,1,23,98.0,49.58230106195134,0.0
55182_G_STG,1,24,98.0,0.0,0.0
55182_G_STG,1,25,98.0,0.0,0.0
55182_G_X718,1,1,60.0,0.0,0.0
55182_G_X718,1,2,60.0,0.0,0.0
55182_G_X718,1,3,60.0,0.0,0.0
55182_G_X718,1,4,60.0,0.0,0.0
55182_G_X718,1,5,60.0,0.0,0.0
55182_G_X718,1,6,60.0,0.0,0.0
55182_G_X718,1,7,107.70000000000005,42.299999999999955,0.0
55182_G_X718,1,8,107.70000000000007,42.299999999999926,0.0
55182_G_X718,1,9,60.0,0.0,0.0
55182_G_X718,1,10,60.0,0.0,0.0
55182_G_X718,1,11,60.0,0.0,0.0
55182_G_X718,1,12,60.0,0.0,0.0
55182_G_X718,1,13,60.0,0.0,0.0
55182_G_X718,1,14,60.0,0.0,0.0
55182_G_X718,1,15,60.0,0.0,0.0
55182_G_X718,1,16,60.0,0.0,0.0
55182_G_X718,1,17,107.70000000000016,0.0,0.0
55182_G_X718,1,18,150.0,0.0,0.0
55182_G_X718,1,19,150.0,0.0,0.0
55182_G_X718,1,20,150.0,0.0,0.0
55182_G_X718,1,21,150.0,0.0,0.0
55182_G_X718,1,22,107.70000000000007,42.299999999999905,0.0
55182_G_X718,1,23,60.0,90.0,0.0
55182_G_X718,1,24,60.0,0.0,0.0
55182_G_X718,1,25,60.0,0.0,0.0
55182_G_X719,1,1,60.0,0.0,0.0
55182_G_X719,1,2,60.0,0.0,0.0
55182_G_X719,1,3,60.0,0.0,0.0
55182_G_X719,1,4,60.0,0.0,0.0
55182_G_X719,1,5,60.0,0.0,0.0
55182_G_X719,1,6,60.0,0.0,0.0
55182_G_X719,1,7,107.70000000000005,42.299999999999955,0.0
55182_G_X719,1,8,107.70000000000007,42.299999999999926,0.0
55182_G_X719,1,9,60.0,0.0,0.0
55182_G_X719,1,10,60.0,0.0,0.0
55182_G_X719,1,11,60.0,0.0,0.0
55182_G_X719,1,12,60.0,0.0,0.0
55182_G_X719,1,13,60.0,0.0,0.0
55182_G_X719,1,14,60.0,0.0,0.0
55182_G_X719,1,15,60.0,0.0,0.0
55182_G_X719,1,16,60.0,0.0,0.0
55182_G_X719,1,17,107.7,0.0,0.0
55182_G_X719,1,18,150.0,0.0,0.0
55182_G_X719,1,19,150.0,0.0,0.0
55182_G_X719,1,20,150.0,0.0,0.0
55182_G_X719,1,21,150.0,0.0,0.0
55182_G_X719,1,22,107.7,42.3,0.0
55182_G_X719,1,23,60.0,0.0,0.0
55182_G_X719,1,24,60.0,0.0,0.0
55182_G_X719,1,25,60.0,0.0,0.0
55217_G_CTG1,1,1,165.0,0.0,99.0
55217_G_CTG1,1,2,165.0,0.0,31.6140305646243
55217_G_CTG1,1,3,118.47,46.53,52.47
55217_G_CTG1,1,4,66.0,99.0,0.0
55217_G_CTG1,1,5,118.46999999999277,46.53,0.0
55217_G_CTG1,1,6,165.0,0.0,0.0
55217_G_CTG1,1,7,165.0,0.0,99.0
55217_G_CTG1,1,8,165.0,0.0,0.0
55217_G_CTG1,1,9,112.52999999999997,52.47000000000007,46.52999999999993
55217_G_CTG1,1,10,66.0,99.0,0.0
55217_G_CTG1,1,11,66.0,99.0,0.0
55217_G_CTG1,1,12,118.47,46.52999999999997,52.47000000000003
55217_G_CTG1,1,13,118.47,46.53,52.47
55217_G_CTG1,1,14,66.0,99.0,0.0
55217_G_CTG1,1,15,66.0,90.07199999963527,0.0
55217_G_CTG1,1,16,66.0,99.0,0.0
55217_G_CTG1,1,17,118.47000000000003,46.52999999999997,0.0
55217_G_CTG1,1,18,165.0,0.0,0.0
55217_G_CTG1,1,19,165.0,0.0,0.0
55217_G_CTG1,1,20,165.0,0.0,0.0
55217_G_CTG1,1,21,165.0,0.0,0.0
55217_G_CTG1,1,22,165.0,0.0,0.0
55217_G_CTG1,1,23,164.99999999999642,0.0,0.0
55217_G_CTG1,1,24,164.99999999999977,0.0,0.0
55217_G_CTG1,1,25,165.0,0.0,99.0
55217_G_CTG2,1,1,165.0,0.0,99.0
55217_G_CTG2,1,2,142.83310725664128,22.166892743358716,0.0
55217_G_CTG2,1,3,118.47,46.53,52.47
55217_G_CTG2,1,4,66.0,99.0,0.0
55217_G_CTG2,1,5,118.46999999999821,46.52999999999997,0.0
55217_G_CTG2,1,6,165.0,0.0,0.0
55217_G_CTG2,1,7,165.0,0.0,99.0
55217_G_CTG2,1,8,165.0,0.0,0.0
55217_G_CTG2,1,9,112.53,52.47,46.53
55217_G_CTG2,1,10,66.0,99.0,0.0
55217_G_CTG2,1,11,66.0,99.0,0.0
55217_G_CTG2,1,12,118.47,46.52999999999997,52.47000000000003
55217_G_CTG2,1,13,118.47,46.52999999999997,52.47000000000003
55217_G_CTG2,1,14,66.0,99.0,0.0
55217_G_CTG2,1,15,66.0,0.0,0.0
55217_G_CTG2,1,16,66.0,99.0,0.0
55217_G_CTG2,1,17,118.47000000000003,46.52999999999997,0.0
55217_G_CTG2,1,18,165.0,0.0,0.0
55217_G_CTG2,1,19,165.0,0.0,0.0
55217_G_CTG2,1,20,165.0,0.0,0.0
55217_G_CTG2,1,21,165.0,0.0,0.0
55217_G_CTG2,1,22,165.0,0.0,0.0
55217_G_CTG2,1,23,164.99999999999818,0.0,0.0
55217_G_CTG2,1,24,165.0,0.0,0.0
55217_G_CTG2,1,25,164.99999999999642,0.0,67.73750361131212
55217_G_STG3,1,1,237.0,0.0,142.2
55217_G_STG3,1,2,237.0,0.0,142.2
55217_G_STG3,1,3,170.166,66.834,75.366
55217_G_STG3,1,4,94.80000000000001,142.2,0.0
55217_G_STG3,1,5,170.166,66.834,0.0
55217_G_STG3,1,6,237.0,0.0,0.0
55217_G_STG3,1,7,237.0,0.0,142.2
55217_G_STG3,1,8,237.0,0.0,0.0
55217_G_STG3,1,9,161.634,75.36600000000008,66.8339999999999
55217_G_STG3,1,10,94.8,142.2,0.0
55217_G_STG3,1,11,101.25400663496264,135.74599336503735,6.454006634962629
55217_G_STG3,1,12,176.62000663496264,60.379993365037365,81.82000663496264
55217_G_STG3,1,13,170.166,66.834,75.36600000000001
55217_G_STG3,1,14,94.8,142.2,0.0
55217_G_STG3,1,15,94.8,142.2,0.0
55217_G_STG3,1,16,94.80000000000001,142.2,0.0
55217_G_STG3,1,17,170.16600000000003,66.83399999999997,0.0
55217_G_STG3,1,18,237.0,0.0,0.0
55217_G_STG3,1,19,237.0,0.0,0.0
55217_G_STG3,1,20,237.0,0.0,0.0
55217_G_STG3,1,21,237.0,0.0,0.0
55217_G_STG3,1,22,237.0,0.0,0.0
55217_G_STG3,1,23,237.0,0.0,0.0
55217_G_STG3,1,24,237.0,0.0,0.0
55217_G_STG3,1,25,237.0,0.0,142.2
55295_G_CT1,1,1,62.599999999999994,0.0,0.0
55295_G_CT1,1,2,62.599999999999994,0.0,0.0
55295_G_CT1,1,3,62.6,0.0,0.0
55295_G_CT1,1,4,62.6,0.0,0.0
55295_G_CT1,1,5,62.599999999999994,0.0,0.0
55295_G_CT1,1,6,62.599999999999994,0.0,0.0
55295_G_CT1,1,7,62.599999999999994,93.9,0.0
55295_G_CT1,1,8,112.36700000000009,0.0,0.0
55295_G_CT1,1,9,62.599999999999994,0.0,0.0
55295_G_CT1,1,10,62.6,0.0,0.0
55295_G_CT1,1,11,62.599999999999994,0.0,0.0
55295_G_CT1,1,12,62.6,0.0,0.0
55295_G_CT1,1,13,62.599999999999994,0.0,0.0
55295_G_CT1,1,14,62.6,0.0,0.0
55295_G_CT1,1,15,62.6,0.0,0.0
55295_G_CT1,1,16,62.6,0.0,0.0
55295_G_CT1,1,17,112.36700000000012,0.0,0.0
55295_G_CT1,1,18,156.5,0.0,0.0
55295_G_CT1,1,19,156.5,0.0,0.0
55295_G_CT1,1,20,156.5,0.0,0.0
55295_G_CT1,1,21,106.733,49.766999999999996,0.0
55295_G_CT1,1,22,62.599999999999994,93.9,0.0
55295_G_CT1,1,23,62.6,0.0,0.0
55295_G_CT1,1,24,62.6,0.0,0.0
55295_G_CT1,1,25,62.599999999999994,0.0,0.0
55295_G_CT2,1,1,62.599999999999994,0.0,0.0
55295_G_CT2,1,2,62.599999999999994,0.0,0.0
55295_G_CT2,1,3,62.599999999999994,0.0,0.0
55295_G_CT2,1,4,62.599999999999994,0.0,0.0
55295_G_CT2,1,5,62.599999999999994,0.0,0.0
55295_G_CT2,1,6,62.599999999999994,0.0,0.0
55295_G_CT2,1,7,62.599999999999994,93.9,0.0
55295_G_CT2,1,8,112.36700000000009,0.0,0.0
55295_G_CT2,1,9,62.599999999999994,0.0,0.0
55295_G_CT2,1,10,62.6,0.0,0.0
55295_G_CT2,1,11,62.599999999999994,0.0,0.0
55295_G_CT2,1,12,62.599999999999994,0.0,0.0
55295_G_CT2,1,13,62.599999999999994,0.0,0.0
55295_G_CT2,1,14,62.6,0.0,0.0
55295_G_CT2,1,15,62.6,0.0,0.0
55295_G_CT2,1,16,62.6,0.0,0.0
55295_G_CT2,1,17,112.367,0.0,0.0
55295_G_CT2,1,18,156.5,0.0,0.0
55295_G_CT2,1,19,156.5,0.0,0.0
55295_G_CT2,1,20,156.5,0.0,0.0
55295_G_CT2,1,21,106.733,49.766999999999996,0.0
55295_G_CT2,1,22,62.599999999999994,93.9,0.0
55295_G_CT2,1,23,62.599999999999994,0.0,0.0
55295_G_CT2,1,24,62.599999999999994,0.0,0.0
55295_G_CT2,1,25,62.599999999999994,0.0,0.0
55295_G_ST1,1,1,80.4,0.0,0.0
55295_G_ST1,1,2,80.4,0.0,0.0
55295_G_ST1,1,3,80.4,0.0,0.0
55295_G_ST1,1,4,80.4,0.0,0.0
55295_G_ST1,1,5,80.4,0.0,0.0
55295_G_ST1,1,6,80.4,0.0,0.0
55295_G_ST1,1,7,80.4,36.63235929203418,0.0
55295_G_ST1,1,8,144.31800000000015,0.0,0.0
55295_G_ST1,1,9,80.4,0.0,0.0
55295_G_ST1,1,10,80.4,0.0,0.0
55295_G_ST1,1,11,80.4,0.0,0.0
55295_G_ST1,1,12,80.4,0.0,0.0
55295_G_ST1,1,13,80.4,0.0,0.0
55295_G_ST1,1,14,80.4,0.0,0.0
55295_G_ST1,1,15,80.4,0.0,0.0
55295_G_ST1,1,16,80.4,0.0,0.0
55295_G_ST1,1,17,144.318,0.0,0.0
55295_G_ST1,1,18,201.0,0.0,0.0
55295_G_ST1,1,19,186.4920000000002,14.507999999999825,0.0
55295_G_ST1,1,20,145.32494766961742,55.675052330382584,0.0
55295_G_ST1,1,21,81.40694766961741,119.59305233038259,0.0
55295_G_ST1,1,22,80.4,120.6,0.0
55295_G_ST1,1,23,80.4,0.0,0.0
55295_G_ST1,1,24,80.4,0.0,0.0
55295_G_ST1,1,25,80.4,0.0,0.0
55333_G_CTG1,1,1,0.0,0.0,0.0
55333_G_CTG1,1,2,0.0,0.0,0.0
55333_G_CTG1,1,3,0.0,0.0,0.0
55333_G_CTG1,1,4,0.0,0.0,0.0
55333_G_CTG1,1,5,0.0,0.0,0.0
55333_G_CTG1,1,6,0.0,0.0,0.0
55333_G_CTG1,1,7,0.0,0.0,0.0
55333_G_CTG1,1,8,0.0,0.0,0.0
55333_G_CTG1,1,9,0.0,0.0,0.0
55333_G_CTG1,1,10,0.0,0.0,0.0
55333_G_CTG1,1,11,0.0,0.0,0.0
55333_G_CTG1,1,12,0.0,0.0,0.0
55333_G_CTG1,1,13,0.0,0.0,0.0
55333_G_CTG1,1,14,0.0,0.0,0.0
55333_G_CTG1,1,15,0.0,0.0,0.0
55333_G_CTG1,1,16,0.0,0.0,0.0
55333_G_CTG1,1,17,126.36800000000001,0.0,0.0
55333_G_CTG1,1,18,70.4,105.6,0.0
55333_G_CTG1,1,19,70.4,105.6,0.0
55333_G_CTG1,1,20,70.4,105.6,0.0
55333_G_CTG1,1,21,70.4,105.6,0.0
55333_G_CTG1,1,22,70.4,0.0,0.0
55333_G_CTG1,1,23,70.4,0.0,0.0
55333_G_CTG1,1,24,70.4,0.0,0.0
55333_G_CTG1,1,25,70.4,0.0,0.0
55333_G_CTG2,1,1,66.0,0.0,0.0
55333_G_CTG2,1,2,66.0,0.0,0.0
55333_G_CTG2,1,3,66.0,0.0,0.0
55333_G_CTG2,1,4,66.0,0.0,0.0
55333_G_CTG2,1,5,66.0,0.0,0.0
55333_G_CTG2,1,6,66.0,0.0,0.0
55333_G_CTG2,1,7,66.0,0.0,0.0
55333_G_CTG2,1,8,118.4700000000001,0.0,0.0
55333_G_CTG2,1,9,66.0,0.0,0.0
55333_G_CTG2,1,10,66.0,0.0,0.0
55333_G_CTG2,1,11,66.0,0.0,0.0
55333_G_CTG2,1,12,66.0,0.0,0.0
55333_G_CTG2,1,13,66.0,0.0,0.0
55333_G_CTG2,1,14,66.0,0.0,0.0
55333_G_CTG2,1,15,66.0,0.0,0.0
55333_G_CTG2,1,16,66.0,0.0,0.0
55333_G_CTG2,1,17,118.47,0.0,0.0
55333_G_CTG2,1,18,66.0,99.0,0.0
55333_G_CTG2,1,19,66.0,99.0,0.0
55333_G_CTG2,1,20,66.0,99.0,0.0
55333_G_CTG2,1,21,66.0,99.0,0.0
55333_G_CTG2,1,22,66.0,0.0,0.0
55333_G_CTG2,1,23,66.0,0.0,0.0
55333_G_CTG2,1,24,66.0,0.0,0.0
55333_G_CTG2,1,25,66.0,0.0,0.0
55333_G_CTG3,1,1,0.0,0.0,0.0
55333_G_CTG3,1,2,0.0,0.0,0.0
55333_G_CTG3,1,3,0.0,0.0,0.0
55333_G_CTG3,1,4,0.0,0.0,0.0
55333_G_CTG3,1,5,0.0,0.0,0.0
55333_G_CTG3,1,6,0.0,0.0,0.0
55333_G_CTG3,1,7,0.0,0.0,0.0
55333_G_CTG3,1,8,0.0,0.0,0.0
55333_G_CTG3,1,9,0.0,0.0,0.0
55333_G_CTG3,1,10,0.0,0.0,0.0
55333_G_CTG3,1,11,0.0,0.0,0.0
55333_G_CTG3,1,12,0.0,0.0,0.0
55333_G_CTG3,1,13,0.0,0.0,0.0
55333_G_CTG3,1,14,0.0,0.0,0.0
55333_G_CTG3,1,15,0.0,0.0,0.0
55333_G_CTG3,1,16,0.0,0.0,0.0
55333_G_CTG3,1,17,118.47,0.0,0.0
55333_G_CTG3,1,18,66.0,99.0,0.0
55333_G_CTG3,1,19,66.0,99.0,0.0
55333_G_CTG3,1,20,66.0,99.0,0.0
55333_G_CTG3,1,21,66.0,99.0,0.0
55333_G_CTG3,1,22,66.0,0.0,0.0
55333_G_CTG3,1,23,66.0,0.0,0.0
55333_G_CTG3,1,24,66.0,0.0,0.0
55333_G_CTG3,1,25,66.0,0.0,0.0
55333_G_STG1,1,1,105.24000000000001,0.0,0.0
55333_G_STG1,1,2,105.24000000000001,0.0,0.0
55333_G_STG1,1,3,105.24000000000001,0.0,0.0
55333_G_STG1,1,4,105.24000000000001,0.0,0.0
55333_G_STG1,1,5,105.24000000000001,0.0,0.0
55333_G_STG1,1,6,105.24000000000001,0.0,0.0
55333_G_STG1,1,7,105.24000000000001,0.0,0.0
55333_G_STG1,1,8,188.9058,0.0,0.0
55333_G_STG1,1,9,105.24,0.0,0.0
55333_G_STG1,1,10,105.24,0.0,0.0
55333_G_STG1,1,11,105.24,0.0,0.0
55333_G_STG1,1,12,105.24,0.0,0.0
55333_G_STG1,1,13,105.24,0.0,0.0
55333_G_STG1,1,14,105.24,0.0,0.0
55333_G_STG1,1,15,105.24,0.0,0.0
55333_G_STG1,1,16,105.24,0.0,0.0
55333_G_STG1,1,17,188.9058,0.0,0.0
55333_G_STG1,1,18,105.24000000000001,157.86,0.0
55333_G_STG1,1,19,105.24000000000001,157.86,0.0
55333_G_STG1,1,20,105.24000000000001,157.86,0.0
55333_G_STG1,1,21,105.24000000000001,157.86,0.0
55333_G_STG1,1,22,105.24000000000001,0.0,0.0
55333_G_STG1,1,23,105.24000000000001,0.0,0.0
55333_G_STG1,1,24,105.24000000000001,0.0,0.0
55333_G_STG1,1,25,105.24000000000001,0.0,0.0
55345_G_1-01,1,1,61.120000000000005,0.0,0.0
55345_G_1-01,1,2,61.120000000000005,0.0,0.0
55345_G_1-01,1,3,61.120000000000005,0.0,0.0
55345_G_1-01,1,4,61.120000000000005,0.0,0.0
55345_G_1-01,1,5,61.120000000000005,0.0,0.0
55345_G_1-01,1,6,61.120000000000005,0.0,0.0
55345_G_1-01,1,7,61.120000000000005,91.68,0.0
55345_G_1-01,1,8,109.71040000000009,0.0,0.0
55345_G_1-01,1,9,61.120000000000005,0.0,0.0
55345_G_1-01,1,10,61.12000000000001,0.0,0.0
55345_G_1-01,1,11,61.120000000000005,0.0,0.0
55345_G_1-01,1,12,61.120000000000005,0.0,0.0
55345_G_1-01,1,13,61.120000000000005,0.0,0.0
55345_G_1-01,1,14,61.12000000000001,0.0,0.0
55345_G_1-01,1,15,61.12000000000001,0.0,0.0
55345_G_1-01,1,16,61.12000000000001,0.0,0.0
55345_G_1-01,1,17,109.71040000000002,0.0,0.0
55345_G_1-01,1,18,152.8,0.0,0.0
55345_G_1-01,1,19,152.8,0.0,0.0
55345_G_1-01,1,20,152.8,0.0,0.0
55345_G_1-01,1,21,104.20959999999997,48.5904000000002,0.0
55345_G_1-01,1,22,61.120000000000005,91.68,0.0
55345_G_1-01,1,23,61.120000000000005,0.0,0.0
55345_G_1-01,1,24,61.120000000000005,0.0,0.0
55345_G_1-01,1,25,61.120000000000005,0.0,0.0
55345_G_1-02,1,1,61.120000000000005,0.0,0.0
55345_G_1-02,1,2,61.12000000000001,0.0,0.0
55345_G_1-02,1,3,61.120000000000005,0.0,0.0
55345_G_1-02,1,4,61.120000000000005,0.0,0.0
55345_G_1-02,1,5,61.120000000000005,0.0,0.0
55345_G_1-02,1,6,61.120000000000005,0.0,0.0
55345_G_1-02,1,7,61.120000000000005,91.68,0.0
55345_G_1-02,1,8,109.71040000000009,0.0,0.0
55345_G_1-02,1,9,61.120000000000005,0.0,0.0
55345_G_1-02,1,10,61.12000000000001,0.0,0.0
55345_G_1-02,1,11,61.120000000000005,0.0,0.0
55345_G_1-02,1,12,61.120000000000005,0.0,0.0
55345_G_1-02,1,13,61.120000000000005,0.0,0.0
55345_G_1-02,1,14,61.12000000000001,0.0,0.0
55345_G_1-02,1,15,61.12000000000001,0.0,0.0
55345_G_1-02,1,16,61.12000000000001,0.0,0.0
55345_G_1-02,1,17,109.71040000000016,0.0,0.0
55345_G_1-02,1,18,152.8,0.0,0.0
55345_G_1-02,1,19,152.8,0.0,0.0
55345_G_1-02,1,20,152.8,0.0,0.0
55345_G_1-02,1,21,104.2096,48.59040000000002,0.0
55345_G_1-02,1,22,61.120000000000005,91.68,0.0
55345_G_1-02,1,23,61.120000000000005,0.0,0.0
55345_G_1-02,1,24,61.120000000000005,0.0,0.0
55345_G_1-02,1,25,61.120000000000005,0.0,0.0
55345_G_1-03,1,1,106.16,0.0,0.0
55345_G_1-03,1,2,106.16,0.0,0.0
55345_G_1-03,1,3,106.16,0.0,0.0
55345_G_1-03,1,4,106.16,0.0,0.0
55345_G_1-03,1,5,106.16,0.0,0.0
55345_G_1-03,1,6,106.16,0.0,0.0
55345_G_1-03,1,7,106.16,159.23999999999998,0.0
55345_G_1-03,1,8,190.55720000000014,0.0,0.0
55345_G_1-03,1,9,106.16,0.0,0.0
55345_G_1-03,1,10,106.16,0.0,0.0
55345_G_1-03,1,11,106.16,0.0,0.0
55345_G_1-03,1,12,106.16,0.0,0.0
55345_G_1-03,1,13,106.16,0.0,0.0
55345_G_1-03,1,14,106.16,0.0,0.0
55345_G_1-03,1,15,106.16,0.0,0.0
55345_G_1-03,1,16,106.16,0.0,0.0
55345_G_1-03,1,17,190.55720000000036,0.0,0.0
55345_G_1-03,1,18,265.4,0.0,0.0
55345_G_1-03,1,19,265.4,0.0,0.0
55345_G_1-03,1,20,265.4,0.0,0.0
55345_G_1-03,1,21,181.00279999999995,84.39720000000003,0.0
55345_G_1-03,1,22,106.16,159.23999999999998,0.0
55345_G_1-03,1,23,106.16,0.0,0.0
55345_G_1-03,1,24,106.16,0.0,0.0
55345_G_1-03,1,25,106.16,0.0,0.0
55393_G_CTG1,1,1,68.8,0.0,0.0
55393_G_CTG1,1,2,68.8,0.0,0.0
55393_G_CTG1,1,3,68.8,0.0,0.0
55393_G_CTG1,1,4,68.8,0.0,0.0
55393_G_CTG1,1,5,68.8,0.0,0.0
55393_G_CTG1,1,6,117.30399999999999,54.69600000000001,0.0
55393_G_CTG1,1,7,172.0,0.0,0.0
55393_G_CTG1,1,8,123.49600000000012,48.50399999999988,0.0
55393_G_CTG1,1,9,68.8,0.0,0.0
55393_G_CTG1,1,10,68.8,0.0,0.0
55393_G_CTG1,1,11,68.8,0.0,0.0
55393_G_CTG1,1,12,68.8,0.0,0.0
55393_G_CTG1,1,13,68.8,0.0,0.0
55393_G_CTG1,1,14,68.8,0.0,0.0
55393_G_CTG1,1,15,68.8,0.0,0.0
55393_G_CTG1,1,16,68.8,0.0,0.0
55393_G_CTG1,1,17,123.49600000000024,43.2024000000051,0.0
55393_G_CTG1,1,18,172.0,0.0,0.0
55393_G_CTG1,1,19,172.0,0.0,0.0
55393_G_CTG1,1,20,172.0,0.0,0.0
55393_G_CTG1,1,21,172.0,0.0,0.0
55393_G_CTG1,1,22,172.0,0.0,0.0
55393_G_CTG1,1,23,123.49600000000001,48.50399999999999,0.0
55393_G_CTG1,1,24,68.8,0.0,0.0
55393_G_CTG1,1,25,68.8,0.0,0.0
55393_G_CTG2,1,1,68.8,0.0,0.0
55393_G_CTG2,1,2,68.8,0.0,0.0
55393_G_CTG2,1,3,68.8,0.0,0.0
55393_G_CTG2,1,4,68.8,0.0,0.0
55393_G_CTG2,1,5,68.8,0.0,0.0
55393_G_CTG2,1,6,68.8,103.2,0.0
55393_G_CTG2,1,7,123.49600000000001,48.50399999999999,0.0
55393_G_CTG2,1,8,123.49600000000012,48.50399999999988,0.0
55393_G_CTG2,1,9,68.8,0.0,0.0
55393_G_CTG2,1,10,68.8,0.0,0.0
55393_G_CTG2,1,11,68.8,0.0,0.0
55393_G_CTG2,1,12,68.8,0.0,0.0
55393_G_CTG2,1,13,68.8,0.0,0.0
55393_G_CTG2,1,14,68.8,0.0,0.0
55393_G_CTG2,1,15,68.8,0.0,0.0
55393_G_CTG2,1,16,68.8,0.0,0.0
55393_G_CTG2,1,17,123.49600000000001,0.0,0.0
55393_G_CTG2,1,18,172.0,0.0,0.0
55393_G_CTG2,1,19,172.0,0.0,0.0
55393_G_CTG2,1,20,172.0,0.0,0.0
55393_G_CTG2,1,21,172.0,0.0,0.0
55393_G_CTG2,1,22,172.0,0.0,0.0
55393_G_CTG2,1,23,117.30399999999999,54.696000000000055,0.0
55393_G_CTG2,1,24,68.8,0.0,0.0
55393_G_CTG2,1,25,68.8,0.0,0.0
55393_G_STG1,1,1,80.84,0.0,0.0
55393_G_STG1,1,2,80.84,0.0,0.0
55393_G_STG1,1,3,80.84,0.0,0.0
55393_G_STG1,1,4,80.84,0.0,0.0
55393_G_STG1,1,5,80.84,0.0,0.0
55393_G_STG1,1,6,80.84,0.0,0.0
55393_G_STG1,1,7,145.10780000000005,56.99219999999994,0.0
55393_G_STG1,1,8,145.1078,56.9922,0.0
55393_G_STG1,1,9,80.84,0.0,0.0
55393_G_STG1,1,10,80.84,0.0,0.0
55393_G_STG1,1,11,80.84,0.0,0.0
55393_G_STG1,1,12,80.84,0.0,0.0
55393_G_STG1,1,13,80.84,0.0,0.0
55393_G_STG1,1,14,80.84,0.0,0.0
55393_G_STG1,1,15,80.84,0.0,0.0
55393_G_STG1,1,16,80.84,0.0,0.0
55393_G_STG1,1,17,145.10780000000028,0.0,0.0
55393_G_STG1,1,18,202.1,0.0,0.0
55393_G_STG1,1,19,202.1,0.0,0.0
55393_G_STG1,1,20,202.1,0.0,0.0
55393_G_STG1,1,21,202.1,0.0,0.0
55393_G_STG1,1,22,202.1,0.0,0.0
55393_G_STG1,1,23,137.83219999999997,64.2678000000001,0.0
55393_G_STG1,1,24,80.84,0.0,0.0
55393_G_STG1,1,25,80.84,0.0,0.0
55400_G_CTG1,1,1,62.400000000000006,93.6,0.0
55400_G_CTG1,1,2,62.400000000000006,0.0,0.0
55400_G_CTG1,1,3,62.400000000000006,0.0,0.0
55400_G_CTG1,1,4,62.400000000000006,0.0,0.0
55400_G_CTG1,1,5,62.400000000000006,0.0,0.0
55400_G_CTG1,1,6,106.392,49.608000000000004,0.0
55400_G_CTG1,1,7,156.0,0.0,0.0
55400_G_CTG1,1,8,112.00800000000001,43.99199999999999,0.0
55400_G_CTG1,1,9,62.400000000000006,0.0,0.0
55400_G_CTG1,1,10,62.40000000000001,0.0,0.0
55400_G_CTG1,1,11,62.400000000000006,0.0,0.0
55400_G_CTG1,1,12,62.400000000000006,0.0,0.0
55400_G_CTG1,1,13,62.400000000000006,0.0,0.0
55400_G_CTG1,1,14,62.40000000000001,0.0,0.0
55400_G_CTG1,1,15,62.40000000000001,0.0,0.0
55400_G_CTG1,1,16,62.40000000000001,0.0,0.0
55400_G_CTG1,1,17,112.00800000000014,43.99199999999986,0.0
55400_G_CTG1,1,18,156.0,0.0,0.0
55400_G_CTG1,1,19,156.0,0.0,0.0
55400_G_CTG1,1,20,156.0,0.0,0.0
55400_G_CTG1,1,21,156.0,0.0,0.0
55400_G_CTG1,1,22,156.0,0.0,0.0
55400_G_CTG1,1,23,112.00800000000001,43.99199999999999,0.0
55400_G_CTG1,1,24,62.400000000000006,93.6,0.0
55400_G_CTG1,1,25,62.400000000000006,0.0,0.0
55400_G_CTG2,1,1,62.400000000000006,93.6,0.0
55400_G_CTG2,1,2,62.40000000000001,0.0,0.0
55400_G_CTG2,1,3,62.40000000000001,0.0,0.0
55400_G_CTG2,1,4,62.400000000000006,0.0,0.0
55400_G_CTG2,1,5,62.400000000000006,93.6,0.0
55400_G_CTG2,1,6,106.392,49.608000000000104,0.0
55400_G_CTG2,1,7,156.0,0.0,0.0
55400_G_CTG2,1,8,112.00800000000012,43.99199999999999,0.0
55400_G_CTG2,1,9,62.400000000000006,93.6,0.0
55400_G_CTG2,1,10,62.40000000000001,0.0,0.0
55400_G_CTG2,1,11,62.400000000000006,0.0,0.0
55400_G_CTG2,1,12,62.400000000000006,0.0,0.0
55400_G_CTG2,1,13,62.400000000000006,0.0,0.0
55400_G_CTG2,1,14,62.40000000000001,0.0,0.0
55400_G_CTG2,1,15,62.40000000000001,0.0,0.0
55400_G_CTG2,1,16,62.40000000000001,0.0,0.0
55400_G_CTG2,1,17,112.00800000000014,43.99199999999986,0.0
55400_G_CTG2,1,18,156.0,0.0,0.0
55400_G_CTG2,1,19,156.0,0.0,0.0
55400_G_CTG2,1,20,156.0,0.0,0.0
55400_G_CTG2,1,21,156.0,0.0,0.0
55400_G_CTG2,1,22,156.0,0.0,0.0
55400_G_CTG2,1,23,117.58830106195256,38.41169893804744,0.0
55400_G_CTG2,1,24,67.98030106195256,88.01969893804744,0.0
55400_G_CTG2,1,25,62.400000000000006,0.0,0.0
55400_G_STG,1,1,85.2,127.8,0.0
55400_G_STG,1,2,85.2,0.0,0.0
55400_G_STG,1,3,85.2,0.0,0.0
55400_G_STG,1,4,85.2,0.0,0.0
55400_G_STG,1,5,85.2,7.621184424786492,0.0
55400_G_STG,1,6,145.26600000000002,67.73399999999998,0.0
55400_G_STG,1,7,213.0,0.0,0.0
55400_G_STG,1,8,152.934,60.066,0.0
55400_G_STG,1,9,85.2,127.8,0.0
55400_G_STG,1,10,85.2,0.0,0.0
55400_G_STG,1,11,85.2,0.0,0.0
55400_G_STG,1,12,85.2,0.0,0.0
55400_G_STG,1,13,85.2,0.0,0.0
55400_G_STG,1,14,85.2,0.0,0.0
55400_G_STG,1,15,85.2,0.0,0.0
55400_G_STG,1,16,85.2,0.0,0.0
55400_G_STG,1,17,152.9340000000003,60.06599999999969,0.0
55400_G_STG,1,18,213.0,0.0,0.0
55400_G_STG,1,19,213.0,0.0,0.0
55400_G_STG,1,20,213.0,0.0,0.0
55400_G_STG,1,21,213.0,0.0,0.0
55400_G_STG,1,22,213.0,0.0,0.0
55400_G_STG,1,23,152.934,60.066,0.0
55400_G_STG,1,24,85.2,127.8,0.0
55400_G_STG,1,25,85.2,0.0,0.0
55510_G_CPP4,1,1,0.0,0.0,0.0
55510_G_CPP4,1,2,0.0,0.0,0.0
55510_G_CPP4,1,3,0.0,0.0,0.0
55510_G_CPP4,1,4,0.0,0.0,0.0
55510_G_CPP4,1,5,0.0,0.0,0.0
55510_G_CPP4,1,6,0.0,0.0,0.0
55510_G_CPP4,1,7,0.0,0.0,0.0
55510_G_CPP4,1,8,0.0,0.0,0.0
55510_G_CPP4,1,9,0.0,0.0,0.0
55510_G_CPP4,1,10,0.0,0.0,0.0
55510_G_CPP4,1,11,0.0,0.0,0.0
55510_G_CPP4,1,12,0.0,0.0,0.0
55510_G_CPP4,1,13,0.0,0.0,0.0
55510_G_CPP4,1,14,0.0,0.0,0.0
55510_G_CPP4,1,15,0.0,0.0,0.0
55510_G_CPP4,1,16,0.0,0.0,0.0
55510_G_CPP4,1,17,0.0,0.0,0.0
55510_G_CPP4,1,18,0.0,0.0,0.0
55510_G_CPP4,1,19,0.0,0.0,0.0
55510_G_CPP4,1,20,0.0,0.0,0.0
55510_G_CPP4,1,21,0.0,0.0,0.0
55510_G_CPP4,1,22,0.0,0.0,0.0
55510_G_CPP4,1,23,0.0,0.0,0.0
55510_G_CPP4,1,24,0.0,0.0,0.0
55510_G_CPP4,1,25,0.0,0.0,0.0
55518_G_CTG1,1,1,66.92,0.0,0.0
55518_G_CTG1,1,2,66.92,0.0,0.0
55518_G_CTG1,1,3,66.92,0.0,0.0
55518_G_CTG1,1,4,66.92,0.0,0.0
55518_G_CTG1,1,5,66.92,0.0,0.0
55518_G_CTG1,1,6,66.92,0.0,0.0
55518_G_CTG1,1,7,120.12140000000001,47.1786,0.0
55518_G_CTG1,1,8,120.12140000000001,0.0,0.0
55518_G_CTG1,1,9,66.92,0.0,0.0
55518_G_CTG1,1,10,66.92,0.0,0.0
55518_G_CTG1,1,11,66.92,0.0,0.0
55518_G_CTG1,1,12,66.92,0.0,0.0
55518_G_CTG1,1,13,66.92,0.0,0.0
55518_G_CTG1,1,14,66.92,0.0,0.0
55518_G_CTG1,1,15,66.92,0.0,0.0
55518_G_CTG1,1,16,66.92,0.0,0.0
55518_G_CTG1,1,17,120.12140000000014,0.0,0.0
55518_G_CTG1,1,18,167.3,0.0,0.0
55518_G_CTG1,1,19,167.3,0.0,0.0
55518_G_CTG1,1,20,167.3,0.0,0.0
55518_G_CTG1,1,21,114.09859999999993,53.20140000000008,0.0
55518_G_CTG1,1,22,66.92,100.38000000000001,0.0
55518_G_CTG1,1,23,66.92,0.0,0.0
55518_G_CTG1,1,24,66.92,0.0,0.0
55518_G_CTG1,1,25,66.92,0.0,0.0
55518_G_CTG2,1,1,67.08,0.0,0.0
55518_G_CTG2,1,2,67.08,0.0,0.0
55518_G_CTG2,1,3,67.08,0.0,0.0
55518_G_CTG2,1,4,67.08,0.0,0.0
55518_G_CTG2,1,5,67.08,0.0,0.0
55518_G_CTG2,1,6,67.08,0.0,0.0
55518_G_CTG2,1,7,120.4086,47.29139999999998,0.0
55518_G_CTG2,1,8,120.40860000000012,0.0,0.0
55518_G_CTG2,1,9,67.08,0.0,0.0
55518_G_CTG2,1,10,67.08,0.0,0.0
55518_G_CTG2,1,11,67.08,0.0,0.0
55518_G_CTG2,1,12,67.08,0.0,0.0
55518_G_CTG2,1,13,67.08,0.0,0.0
55518_G_CTG2,1,14,67.08,0.0,0.0
55518_G_CTG2,1,15,67.08,0.0,0.0
55518_G_CTG2,1,16,67.08,0.0,0.0
55518_G_CTG2,1,17,120.40860000000015,0.0,0.0
55518_G_CTG2,1,18,167.7,0.0,0.0
55518_G_CTG2,1,19,167.7,0.0,0.0
55518_G_CTG2,1,20,167.7,0.0,0.0
55518_G_CTG2,1,21,114.37139999999991,53.32860000000008,0.0
55518_G_CTG2,1,22,67.08,100.61999999999999,0.0
55518_G_CTG2,1,23,67.08,0.0,0.0
55518_G_CTG2,1,24,67.08,0.0,0.0
55518_G_CTG2,1,25,67.08,0.0,0.0
55518_G_CTG3,1,1,67.0,0.0,0.0
55518_G_CTG3,1,2,67.0,0.0,0.0
55518_G_CTG3,1,3,67.0,0.0,0.0
55518_G_CTG3,1,4,67.0,0.0,0.0
55518_G_CTG3,1,5,67.0,0.0,0.0
55518_G_CTG3,1,6,67.0,0.0,0.0
55518_G_CTG3,1,7,120.26500000000004,47.23499999999996,0.0
55518_G_CTG3,1,8,120.26500000000009,0.0,0.0
55518_G_CTG3,1,9,67.0,0.0,0.0
55518_G_CTG3,1,10,67.0,0.0,0.0
55518_G_CTG3,1,11,67.0,0.0,0.0
55518_G_CTG3,1,12,67.0,0.0,0.0
55518_G_CTG3,1,13,67.0,0.0,0.0
55518_G_CTG3,1,14,67.0,0.0,0.0
55518_G_CTG3,1,15,67.0,0.0,0.0
55518_G_CTG3,1,16,67.0,0.0,0.0
55518_G_CTG3,1,17,120.26500000000011,0.0,0.0
55518_G_CTG3,1,18,167.5,0.0,0.0
55518_G_CTG3,1,19,167.5,0.0,0.0
55518_G_CTG3,1,20,167.5,0.0,0.0
55518_G_CTG3,1,21,114.23499999999996,53.26500000000004,0.0
55518_G_CTG3,1,22,120.26500000000009,47.234999999999914,0.0
55518_G_CTG3,1,23,67.0,0.0,0.0
55518_G_CTG3,1,24,67.0,0.0,0.0
55518_G_CTG3,1,25,67.0,0.0,0.0
55518_G_STG1,1,1,121.92000000000002,0.0,0.0
55518_G_STG1,1,2,121.92000000000002,0.0,0.0
55518_G_STG1,1,3,121.92000000000002,0.0,0.0
55518_G_STG1,1,4,121.92000000000002,0.0,0.0
55518_G_STG1,1,5,121.92000000000002,0.0,0.0
55518_G_STG1,1,6,121.92000000000002,0.0,0.0
55518_G_STG1,1,7,218.8464000000001,85.95359999999991,0.0
55518_G_STG1,1,8,218.84640000000022,39.56340000000314,0.0
55518_G_STG1,1,9,121.92000000000002,0.0,0.0
55518_G_STG1,1,10,121.92000000000002,0.0,0.0
55518_G_STG1,1,11,121.92000000000002,0.0,0.0
55518_G_STG1,1,12,121.92000000000002,0.0,0.0
55518_G_STG1,1,13,121.92000000000002,0.0,0.0
55518_G_STG1,1,14,121.92000000000002,0.0,0.0
55518_G_STG1,1,15,121.92000000000002,0.0,0.0
55518_G_STG1,1,16,121.92000000000002,0.0,0.0
55518_G_STG1,1,17,218.84640000000033,0.0,0.0
55518_G_STG1,1,18,304.8,0.0,0.0
55518_G_STG1,1,19,304.8,0.0,0.0
55518_G_STG1,1,20,304.8,0.0,0.0
55518_G_STG1,1,21,207.8736,96.9264,0.0
55518_G_STG1,1,22,218.84640000000002,85.9536,0.0
55518_G_STG1,1,23,121.92000000000002,0.0,0.0
55518_G_STG1,1,24,121.92000000000002,0.0,0.0
55518_G_STG1,1,25,121.92000000000002,0.0,0.0
55541_G_CTG3,1,1,0.0,0.0,0.0
55541_G_CTG3,1,2,0.0,0.0,0.0
55541_G_CTG3,1,3,0.0,0.0,0.0
55541_G_CTG3,1,4,0.0,0.0,0.0
55541_G_CTG3,1,5,0.0,0.0,0.0
55541_G_CTG3,1,6,0.0,0.0,0.0
55541_G_CTG3,1,7,0.0,0.0,0.0
55541_G_CTG3,1,8,0.0,0.0,0.0
55541_G_CTG3,1,9,0.0,0.0,0.0
55541_G_CTG3,1,10,0.0,0.0,0.0
55541_G_CTG3,1,11,0.0,0.0,0.0
55541_G_CTG3,1,12,0.0,0.0,0.0
55541_G_CTG3,1,13,0.0,0.0,0.0
55541_G_CTG3,1,14,0.0,0.0,0.0
55541_G_CTG3,1,15,0.0,0.0,0.0
55541_G_CTG3,1,16,0.0,0.0,0.0
55541_G_CTG3,1,17,0.0,0.0,0.0
55541_G_CTG3,1,18,0.0,0.0,0.0
55541_G_CTG3,1,19,0.0,0.0,0.0
55541_G_CTG3,1,20,0.0,0.0,0.0
55541_G_CTG3,1,21,0.0,0.0,0.0
55541_G_CTG3,1,22,0.0,0.0,0.0
55541_G_CTG3,1,23,0.0,0.0,0.0
55541_G_CTG3,1,24,0.0,0.0,0.0
55541_G_CTG3,1,25,0.0,0.0,0.0
55656_G_CT01,1,1,125.65,49.349999999999994,0.0
55656_G_CT01,1,2,70.0,105.0,0.0
55656_G_CT01,1,3,70.0,105.0,0.0
55656_G_CT01,1,4,70.0,71.99394530973771,0.0
55656_G_CT01,1,5,119.35,55.650000000000006,0.0
55656_G_CT01,1,6,175.0,0.0,0.0
55656_G_CT01,1,7,175.0,0.0,0.0
55656_G_CT01,1,8,175.0,0.0,0.0
55656_G_CT01,1,9,119.34999999999992,55.650000000000176,49.34999999999992
55656_G_CT01,1,10,70.0,0.0,0.0
55656_G_CT01,1,11,70.0,105.0,0.0
55656_G_CT01,1,12,70.0,105.0,0.0
55656_G_CT01,1,13,70.0,105.0,0.0
55656_G_CT01,1,14,70.0,0.0,0.0
55656_G_CT01,1,15,70.0,0.0,0.0
55656_G_CT01,1,16,70.0,0.0,0.0
55656_G_CT01,1,17,125.65,49.349999999999994,0.0
55656_G_CT01,1,18,175.0,0.0,0.0
55656_G_CT01,1,19,175.0,0.0,0.0
55656_G_CT01,1,20,175.0,0.0,0.0
55656_G_CT01,1,21,175.0,0.0,0.0
55656_G_CT01,1,22,175.0,0.0,0.0
55656_G_CT01,1,23,175.0,0.0,0.0
55656_G_CT01,1,24,175.0,0.0,0.0
55656_G_CT01,1,25,70.0,105.0,0.0
55656_G_CT02,1,1,124.21399999999988,48.78599999999989,0.0
55656_G_CT02,1,2,69.2,103.8,0.0
55656_G_CT02,1,3,69.2,103.8,0.0
55656_G_CT02,1,4,69.2,0.0,0.0
55656_G_CT02,1,5,69.2,103.8,0.0
55656_G_CT02,1,6,124.2139999999978,48.78599999999993,0.0
55656_G_CT02,1,7,173.0,0.0,0.0
55656_G_CT02,1,8,173.0,0.0,0.0
55656_G_CT02,1,9,117.986,55.013999999999996,48.786000000000044
55656_G_CT02,1,10,69.2,0.0,0.0
55656_G_CT02,1,11,69.2,29.06120663496297,0.0
55656_G_CT02,1,12,69.2,103.8,0.0
55656_G_CT02,1,13,69.2,103.8,0.0
55656_G_CT02,1,14,69.2,0.0,0.0
55656_G_CT02,1,15,69.2,0.0,0.0
55656_G_CT02,1,16,69.2,0.0,0.0
55656_G_CT02,1,17,124.21400000000025,48.785999999999746,0.0
55656_G_CT02,1,18,173.0,0.0,0.0
55656_G_CT02,1,19,173.0,0.0,0.0
55656_G_CT02,1,20,173.0,0.0,0.0
55656_G_CT02,1,21,173.0,0.0,0.0
55656_G_CT02,1,22,173.0,0.0,0.0
55656_G_CT02,1,23,173.0,0.0,0.0
55656_G_CT02,1,24,117.986,55.013999999999996,0.0
55656_G_CT02,1,25,69.2,103.8,0.0
55656_G_CT04,1,1,62.400000000000006,93.6,0.0
55656_G_CT04,1,2,62.400000000000006,0.0,0.0
55656_G_CT04,1,3,62.400000000000006,0.0,0.0
55656_G_CT04,1,4,62.400000000000006,0.0,0.0
55656_G_CT04,1,5,62.400000000000006,93.6,0.0
55656_G_CT04,1,6,112.0080000000002,43.99199999999999,0.0
55656_G_CT04,1,7,156.0,0.0,0.0
55656_G_CT04,1,8,112.00800000000034,43.99199999999966,0.0
55656_G_CT04,1,9,62.400000000000006,93.6,0.0
55656_G_CT04,1,10,62.40000000000001,0.0,0.0
55656_G_CT04,1,11,62.400000000000006,0.0,0.0
55656_G_CT04,1,12,62.400000000000006,49.90871107190421,0.0
55656_G_CT04,1,13,62.400000000000006,28.743372815311723,0.0
55656_G_CT04,1,14,62.40000000000001,0.0,0.0
55656_G_CT04,1,15,62.40000000000001,0.0,0.0
55656_G_CT04,1,16,62.40000000000001,0.0,0.0
55656_G_CT04,1,17,112.00800000000014,43.99199999999986,0.0
55656_G_CT04,1,18,156.0,0.0,0.0
55656_G_CT04,1,19,156.0,0.0,0.0
55656_G_CT04,1,20,156.0,0.0,0.0
55656_G_CT04,1,21,156.0,0.0,0.0
55656_G_CT04,1,22,156.0,0.0,0.0
55656_G_CT04,1,23,156.0,0.0,0.0
55656_G_CT04,1,24,106.392,49.608000000000004,0.0
55656_G_CT04,1,25,62.400000000000006,93.6,0.0
55656_G_ST03,1,1,79.2074638938113,94.7925361061887,0.0
55656_G_ST03,1,2,69.60000000000001,74.08110725664156,0.0
55656_G_ST03,1,3,69.60000000000001,1.9386558808480743,0.0
55656_G_ST03,1,4,69.60000000000001,0.0,0.0
55656_G_ST03,1,5,69.60000000000001,104.39999999999999,0.0
55656_G_ST03,1,6,124.93200000000002,49.067999999999984,0.0
55656_G_ST03,1,7,174.0,0.0,0.0
55656_G_ST03,1,8,160.513200000001,13.486799999998993,0.0
55656_G_ST03,1,9,105.181200000001,68.81879999999899,35.58120000000099
55656_G_ST03,1,10,69.60000000000001,0.0,0.0
55656_G_ST03,1,11,69.60000000000001,0.0,0.0
55656_G_ST03,1,12,69.60000000000001,104.39999999999999,0.0
55656_G_ST03,1,13,69.60000000000001,104.39999999999999,0.0
55656_G_ST03,1,14,69.60000000000001,0.0,0.0
55656_G_ST03,1,15,69.60000000000001,0.0,0.0
55656_G_ST03,1,16,69.60000000000001,0.0,0.0
55656_G_ST03,1,17,124.93200000000024,49.067999999999756,0.0
55656_G_ST03,1,18,174.0,0.0,0.0
55656_G_ST03,1,19,174.0,0.0,0.0
55656_G_ST03,1,20,174.0,0.0,0.0
55656_G_ST03,1,21,174.0,0.0,0.0
55656_G_ST03,1,22,174.0,0.0,0.0
55656_G_ST03,1,23,174.0,0.0,0.0
55656_G_ST03,1,24,118.66799999999999,55.33200000000001,0.0
55656_G_ST03,1,25,69.60000000000001,104.39999999999999,0.0
55656_G_ST05,1,1,87.0,0.0,0.0
55656_G_ST05,1,2,34.800000000000004,52.199999999999996,0.0
55656_G_ST05,1,3,34.800000000000004,52.199999999999996,0.0
55656_G_ST05,1,4,34.800000000000004,0.0,0.0
55656_G_ST05,1,5,34.800000000000004,52.199999999999996,0.0
55656_G_ST05,1,6,87.0,0.0,0.0
55656_G_ST05,1,7,87.0,0.0,0.0
55656_G_ST05,1,8,87.0,0.0,0.0
55656_G_ST05,1,9,34.800000000000004,52.199999999999996,0.0
55656_G_ST05,1,10,34.800000000000004,0.0,0.0
55656_G_ST05,1,11,34.800000000000004,52.199999999999996,0.0
55656_G_ST05,1,12,34.800000000000004,52.199999999999996,0.0
55656_G_ST05,1,13,34.800000000000004,52.199999999999996,0.0
55656_G_ST05,1,14,34.800000000000004,0.0,0.0
55656_G_ST05,1,15,34.800000000000004,0.0,0.0
55656_G_ST05,1,16,34.800000000000004,0.0,0.0
55656_G_ST05,1,17,87.0,0.0,0.0
55656_G_ST05,1,18,87.0,0.0,0.0
55656_G_ST05,1,19,87.0,0.0,0.0
55656_G_ST05,1,20,87.0,0.0,0.0
55656_G_ST05,1,21,87.0,0.0,0.0
55656_G_ST05,1,22,87.0,0.0,0.0
55656_G_ST05,1,23,87.0,0.0,0.0
55656_G_ST05,1,24,66.74824654867024,20.251753451329762,0.0
55656_G_ST05,1,25,34.800000000000004,52.199999999999996,0.0
55698_G_HEP1,1,1,0.0,0.0,0.0
55698_G_HEP1,1,2,0.0,0.0,0.0
55698_G_HEP1,1,3,0.0,0.0,0.0
55698_G_HEP1,1,4,0.0,0.0,0.0
55698_G_HEP1,1,5,0.0,0.0,0.0
55698_G_HEP1,1,6,0.0,0.0,0.0
55698_G_HEP1,1,7,0.0,0.0,0.0
55698_G_HEP1,1,8,0.0,0.0,0.0
55698_G_HEP1,1,9,0.0,0.0,0.0
55698_G_HEP1,1,10,0.0,0.0,0.0
55698_G_HEP1,1,11,0.0,0.0,0.0
55698_G_HEP1,1,12,0.0,0.0,0.0
55698_G_HEP1,1,13,0.0,0.0,0.0
55698_G_HEP1,1,14,0.0,0.0,0.0
55698_G_HEP1,1,15,0.0,0.0,0.0
55698_G_HEP1,1,16,0.0,0.0,0.0
55698_G_HEP1,1,17,0.0,0.0,0.0
55698_G_HEP1,1,18,0.0,0.0,0.0
55698_G_HEP1,1,19,0.0,0.0,0.0
55698_G_HEP1,1,20,0.0,0.0,0.0
55698_G_HEP1,1,21,0.0,0.0,0.0
55698_G_HEP1,1,22,0.0,0.0,0.0
55698_G_HEP1,1,23,0.0,0.0,0.0
55698_G_HEP1,1,24,0.0,0.0,0.0
55698_G_HEP1,1,25,0.0,0.0,0.0
55748_G_CAG5,1,1,0.0,0.0,0.0
55748_G_CAG5,1,2,0.0,0.0,0.0
55748_G_CAG5,1,3,0.0,0.0,0.0
55748_G_CAG5,1,4,0.0,0.0,0.0
55748_G_CAG5,1,5,0.0,0.0,0.0
55748_G_CAG5,1,6,0.0,0.0,0.0
55748_G_CAG5,1,7,0.0,0.0,0.0
55748_G_CAG5,1,8,0.0,0.0,0.0
55748_G_CAG5,1,9,0.0,0.0,0.0
55748_G_CAG5,1,10,0.0,0.0,0.0
55748_G_CAG5,1,11,0.0,0.0,0.0
55748_G_CAG5,1,12,0.0,0.0,0.0
55748_G_CAG5,1,13,0.0,0.0,0.0
55748_G_CAG5,1,14,0.0,0.0,0.0
55748_G_CAG5,1,15,0.0,0.0,0.0
55748_G_CAG5,1,16,0.0,0.0,0.0
55748_G_CAG5,1,17,0.0,0.0,0.0
55748_G_CAG5,1,18,0.0,0.0,0.0
55748_G_CAG5,1,19,0.0,0.0,0.0
55748_G_CAG5,1,20,0.0,0.0,0.0
55748_G_CAG5,1,21,0.0,0.0,0.0
55748_G_CAG5,1,22,0.0,0.0,0.0
55748_G_CAG5,1,23,0.0,0.0,0.0
55748_G_CAG5,1,24,0.0,0.0,0.0
55748_G_CAG5,1,25,0.0,0.0,0.0
55748_G_CTG1,1,1,0.0,0.0,0.0
55748_G_CTG1,1,2,0.0,0.0,0.0
55748_G_CTG1,1,3,0.0,0.0,0.0
55748_G_CTG1,1,4,0.0,0.0,0.0
55748_G_CTG1,1,5,0.0,0.0,0.0
55748_G_CTG1,1,6,0.0,0.0,0.0
55748_G_CTG1,1,7,0.0,0.0,0.0
55748_G_CTG1,1,8,0.0,0.0,0.0
55748_G_CTG1,1,9,0.0,0.0,0.0
55748_G_CTG1,1,10,0.0,0.0,0.0
55748_G_CTG1,1,11,0.0,0.0,0.0
55748_G_CTG1,1,12,0.0,0.0,0.0
55748_G_CTG1,1,13,0.0,0.0,0.0
55748_G_CTG1,1,14,0.0,0.0,0.0
55748_G_CTG1,1,15,0.0,0.0,0.0
55748_G_CTG1,1,16,0.0,0.0,0.0
55748_G_CTG1,1,17,0.0,0.0,0.0
55748_G_CTG1,1,18,0.0,0.0,0.0
55748_G_CTG1,1,19,0.0,0.0,0.0
55748_G_CTG1,1,20,0.0,0.0,0.0
55748_G_CTG1,1,21,0.0,0.0,0.0
55748_G_CTG1,1,22,0.0,0.0,0.0
55748_G_CTG1,1,23,0.0,0.0,0.0
55748_G_CTG1,1,24,0.0,0.0,0.0
55748_G_CTG1,1,25,0.0,0.0,0.0
55748_G_CTG2,1,1,0.0,0.0,0.0
55748_G_CTG2,1,2,0.0,0.0,0.0
55748_G_CTG2,1,3,0.0,0.0,0.0
55748_G_CTG2,1,4,0.0,0.0,0.0
55748_G_CTG2,1,5,0.0,0.0,0.0
55748_G_CTG2,1,6,0.0,0.0,0.0
55748_G_CTG2,1,7,0.0,0.0,0.0
55748_G_CTG2,1,8,0.0,0.0,0.0
55748_G_CTG2,1,9,0.0,0.0,0.0
55748_G_CTG2,1,10,0.0,0.0,0.0
55748_G_CTG2,1,11,0.0,0.0,0.0
55748_G_CTG2,1,12,0.0,0.0,0.0
55748_G_CTG2,1,13,0.0,0.0,0.0
55748_G_CTG2,1,14,0.0,0.0,0.0
55748_G_CTG2,1,15,0.0,0.0,0.0
55748_G_CTG2,1,16,0.0,0.0,0.0
55748_G_CTG2,1,17,0.0,0.0,0.0
55748_G_CTG2,1,18,0.0,0.0,0.0
55748_G_CTG2,1,19,0.0,0.0,0.0
55748_G_CTG2,1,20,0.0,0.0,0.0
55748_G_CTG2,1,21,0.0,0.0,0.0
55748_G_CTG2,1,22,0.0,0.0,0.0
55748_G_CTG2,1,23,0.0,0.0,0.0
55748_G_CTG2,1,24,0.0,0.0,0.0
55748_G_CTG2,1,25,0.0,0.0,0.0
55748_G_CTG3,1,1,0.0,0.0,0.0
55748_G_CTG3,1,2,0.0,0.0,0.0
55748_G_CTG3,1,3,0.0,0.0,0.0
55748_G_CTG3,1,4,0.0,0.0,0.0
55748_G_CTG3,1,5,0.0,0.0,0.0
55748_G_CTG3,1,6,0.0,0.0,0.0
55748_G_CTG3,1,7,0.0,0.0,0.0
55748_G_CTG3,1,8,0.0,0.0,0.0
55748_G_CTG3,1,9,0.0,0.0,0.0
55748_G_CTG3,1,10,0.0,0.0,0.0
55748_G_CTG3,1,11,0.0,0.0,0.0
55748_G_CTG3,1,12,0.0,0.0,0.0
55748_G_CTG3,1,13,0.0,0.0,0.0
55748_G_CTG3,1,14,0.0,0.0,0.0
55748_G_CTG3,1,15,0.0,0.0,0.0
55748_G_CTG3,1,16,0.0,0.0,0.0
55748_G_CTG3,1,17,0.0,0.0,0.0
55748_G_CTG3,1,18,0.0,0.0,0.0
55748_G_CTG3,1,19,0.0,0.0,0.0
55748_G_CTG3,1,20,0.0,0.0,0.0
55748_G_CTG3,1,21,0.0,0.0,0.0
55748_G_CTG3,1,22,0.0,0.0,0.0
55748_G_CTG3,1,23,0.0,0.0,0.0
55748_G_CTG3,1,24,0.0,0.0,0.0
55748_G_CTG3,1,25,0.0,0.0,0.0
55748_G_CTG4,1,1,0.0,0.0,0.0
55748_G_CTG4,1,2,0.0,0.0,0.0
55748_G_CTG4,1,3,0.0,0.0,0.0
55748_G_CTG4,1,4,0.0,0.0,0.0
55748_G_CTG4,1,5,0.0,0.0,0.0
55748_G_CTG4,1,6,0.0,0.0,0.0
55748_G_CTG4,1,7,0.0,0.0,0.0
55748_G_CTG4,1,8,0.0,0.0,0.0
55748_G_CTG4,1,9,0.0,0.0,0.0
55748_G_CTG4,1,10,0.0,0.0,0.0
55748_G_CTG4,1,11,0.0,0.0,0.0
55748_G_CTG4,1,12,0.0,0.0,0.0
55748_G_CTG4,1,13,0.0,0.0,0.0
55748_G_CTG4,1,14,0.0,0.0,0.0
55748_G_CTG4,1,15,0.0,0.0,0.0
55748_G_CTG4,1,16,0.0,0.0,0.0
55748_G_CTG4,1,17,0.0,0.0,0.0
55748_G_CTG4,1,18,0.0,0.0,0.0
55748_G_CTG4,1,19,0.0,0.0,0.0
55748_G_CTG4,1,20,0.0,0.0,0.0
55748_G_CTG4,1,21,0.0,0.0,0.0
55748_G_CTG4,1,22,0.0,0.0,0.0
55748_G_CTG4,1,23,0.0,0.0,0.0
55748_G_CTG4,1,24,0.0,0.0,0.0
55748_G_CTG4,1,25,0.0,0.0,0.0
55810_G_S5,1,1,0.0,0.0,0.0
55810_G_S5,1,2,0.0,0.0,0.0
55810_G_S5,1,3,0.0,0.0,0.0
55810_G_S5,1,4,0.0,0.0,0.0
55810_G_S5,1,5,0.0,0.0,0.0
55810_G_S5,1,6,0.0,0.0,0.0
55810_G_S5,1,7,0.0,0.0,0.0
55810_G_S5,1,8,0.0,0.0,0.0
55810_G_S5,1,9,0.0,0.0,0.0
55810_G_S5,1,10,0.0,0.0,0.0
55810_G_S5,1,11,0.0,0.0,0.0
55810_G_S5,1,12,0.0,0.0,0.0
55810_G_S5,1,13,0.0,0.0,0.0
55810_G_S5,1,14,0.0,0.0,0.0
55810_G_S5,1,15,0.0,0.0,0.0
55810_G_S5,1,16,0.0,0.0,0.0
55810_G_S5,1,17,0.0,0.0,0.0
55810_G_S5,1,18,0.0,0.0,0.0
55810_G_S5,1,19,0.0,0.0,0.0
55810_G_S5,1,20,0.0,0.0,0.0
55810_G_S5,1,21,0.0,0.0,0.0
55810_G_S5,1,22,0.0,0.0,0.0
55810_G_S5,1,23,0.0,0.0,0.0
55810_G_S5,1,24,0.0,0.0,0.0
55810_G_S5,1,25,0.0,0.0,0.0
55933_G_TCC1,1,1,0.0,0.0,0.0
55933_G_TCC1,1,2,0.0,0.0,0.0
55933_G_TCC1,1,3,0.0,0.0,0.0
55933_G_TCC1,1,4,0.0,0.0,0.0
55933_G_TCC1,1,5,0.0,0.0,0.0
55933_G_TCC1,1,6,0.0,0.0,0.0
55933_G_TCC1,1,7,0.0,0.0,0.0
55933_G_TCC1,1,8,0.0,0.0,0.0
55933_G_TCC1,1,9,0.0,0.0,0.0
55933_G_TCC1,1,10,0.0,0.0,0.0
55933_G_TCC1,1,11,0.0,0.0,0.0
55933_G_TCC1,1,12,0.0,0.0,0.0
55933_G_TCC1,1,13,0.0,0.0,0.0
55933_G_TCC1,1,14,0.0,0.0,0.0
55933_G_TCC1,1,15,0.0,0.0,0.0
55933_G_TCC1,1,16,0.0,0.0,0.0
55933_G_TCC1,1,17,0.0,0.0,0.0
55933_G_TCC1,1,18,0.0,0.0,0.0
55933_G_TCC1,1,19,0.0,0.0,0.0
55933_G_TCC1,1,20,0.0,0.0,0.0
55933_G_TCC1,1,21,0.0,0.0,0.0
55933_G_TCC1,1,22,0.0,0.0,0.0
55933_G_TCC1,1,23,0.0,0.0,0.0
55933_G_TCC1,1,24,0.0,0.0,0.0
55933_G_TCC1,1,25,0.0,0.0,0.0
55933_G_TPP1,1,1,0.0,0.0,0.0
55933_G_TPP1,1,2,0.0,0.0,0.0
55933_G_TPP1,1,3,0.0,0.0,0.0
55933_G_TPP1,1,4,0.0,0.0,0.0
55933_G_TPP1,1,5,0.0,0.0,0.0
55933_G_TPP1,1,6,0.0,0.0,0.0
55933_G_TPP1,1,7,0.0,0.0,0.0
55933_G_TPP1,1,8,0.0,0.0,0.0
55933_G_TPP1,1,9,0.0,0.0,0.0
55933_G_TPP1,1,10,0.0,0.0,0.0
55933_G_TPP1,1,11,0.0,0.0,0.0
55933_G_TPP1,1,12,0.0,0.0,0.0
55933_G_TPP1,1,13,0.0,0.0,0.0
55933_G_TPP1,1,14,0.0,0.0,0.0
55933_G_TPP1,1,15,0.0,0.0,0.0
55933_G_TPP1,1,16,0.0,0.0,0.0
55933_G_TPP1,1,17,0.0,0.0,0.0
55933_G_TPP1,1,18,0.0,0.0,0.0
55933_G_TPP1,1,19,0.0,0.0,0.0
55933_G_TPP1,1,20,0.0,0.0,0.0
55933_G_TPP1,1,21,0.0,0.0,0.0
55933_G_TPP1,1,22,0.0,0.0,0.0
55933_G_TPP1,1,23,0.0,0.0,0.0
55933_G_TPP1,1,24,0.0,0.0,0.0
55933_G_TPP1,1,25,0.0,0.0,0.0
55933_G_TPP2,1,1,0.0,0.0,0.0
55933_G_TPP2,1,2,0.0,0.0,0.0
55933_G_TPP2,1,3,0.0,0.0,0.0
55933_G_TPP2,1,4,0.0,0.0,0.0
55933_G_TPP2,1,5,0.0,0.0,0.0
55933_G_TPP2,1,6,0.0,0.0,0.0
55933_G_TPP2,1,7,0.0,0.0,0.0
55933_G_TPP2,1,8,0.0,0.0,0.0
55933_G_TPP2,1,9,0.0,0.0,0.0
55933_G_TPP2,1,10,0.0,0.0,0.0
55933_G_TPP2,1,11,0.0,0.0,0.0
55933_G_TPP2,1,12,0.0,0.0,0.0
55933_G_TPP2,1,13,0.0,0.0,0.0
55933_G_TPP2,1,14,0.0,0.0,0.0
55933_G_TPP2,1,15,0.0,0.0,0.0
55933_G_TPP2,1,16,0.0,0.0,0.0
55933_G_TPP2,1,17,0.0,0.0,0.0
55933_G_TPP2,1,18,0.0,0.0,0.0
55933_G_TPP2,1,19,0.0,0.0,0.0
55933_G_TPP2,1,20,0.0,0.0,0.0
55933_G_TPP2,1,21,0.0,0.0,0.0
55933_G_TPP2,1,22,0.0,0.0,0.0
55933_G_TPP2,1,23,0.0,0.0,0.0
55933_G_TPP2,1,24,0.0,0.0,0.0
55933_G_TPP2,1,25,0.0,0.0,0.0
55951_G_AMP1,1,1,0.0,0.0,0.0
55951_G_AMP1,1,2,0.0,0.0,0.0
55951_G_AMP1,1,3,0.0,0.0,0.0
55951_G_AMP1,1,4,0.0,0.0,0.0
55951_G_AMP1,1,5,0.0,0.0,0.0
55951_G_AMP1,1,6,0.0,0.0,0.0
55951_G_AMP1,1,7,0.0,0.0,0.0
55951_G_AMP1,1,8,0.0,0.0,0.0
55951_G_AMP1,1,9,0.0,0.0,0.0
55951_G_AMP1,1,10,0.0,0.0,0.0
55951_G_AMP1,1,11,0.0,0.0,0.0
55951_G_AMP1,1,12,0.0,0.0,0.0
55951_G_AMP1,1,13,0.0,0.0,0.0
55951_G_AMP1,1,14,0.0,0.0,0.0
55951_G_AMP1,1,15,0.0,0.0,0.0
55951_G_AMP1,1,16,0.0,0.0,0.0
55951_G_AMP1,1,17,0.0,0.0,0.0
55951_G_AMP1,1,18,0.0,0.0,0.0
55951_G_AMP1,1,19,0.0,0.0,0.0
55951_G_AMP1,1,20,0.0,0.0,0.0
55951_G_AMP1,1,21,0.0,0.0,0.0
55951_G_AMP1,1,22,0.0,0.0,0.0
55951_G_AMP1,1,23,0.0,0.0,0.0
55951_G_AMP1,1,24,0.0,0.0,0.0
55951_G_AMP1,1,25,0.0,0.0,0.0
55970_G_1,1,1,122.778,48.221999999999994,0.0
55970_G_1,1,2,68.4,102.6,0.0
55970_G_1,1,3,68.4,102.6,0.0
55970_G_1,1,4,68.4,102.6,0.0
55970_G_1,1,5,116.622,54.378,0.0
55970_G_1,1,6,171.0,0.0,0.0
55970_G_1,1,7,171.0,0.0,0.0
55970_G_1,1,8,171.0,0.0,0.0
55970_G_1,1,9,116.6220000000001,54.378,48.222000000000094
55970_G_1,1,10,68.4,90.526399999998,0.0
55970_G_1,1,11,68.4,102.6,0.0
55970_G_1,1,12,68.4,102.6,0.0
55970_G_1,1,13,68.4,102.6,0.0
55970_G_1,1,14,68.4,0.0,0.0
55970_G_1,1,15,68.4,0.0,0.0
55970_G_1,1,16,68.4,0.15839999999950294,0.0
55970_G_1,1,17,122.77800000000015,48.22199999999985,0.0
55970_G_1,1,18,171.0,0.0,0.0
55970_G_1,1,19,171.0,0.0,0.0
55970_G_1,1,20,171.0,0.0,0.0
55970_G_1,1,21,171.0,0.0,0.0
55970_G_1,1,22,171.0,0.0,0.0
55970_G_1,1,23,171.0,0.0,0.0
55970_G_1,1,24,171.0,0.0,0.0
55970_G_1,1,25,68.4,102.6,0.0
55970_G_2,1,1,119.18800000000012,46.811999999999884,0.0
55970_G_2,1,2,66.4,99.6,0.0
55970_G_2,1,3,66.4,99.6,0.0
55970_G_2,1,4,66.4,99.6,0.0
55970_G_2,1,5,113.21199999999999,52.78800000000001,0.0
55970_G_2,1,6,166.0,0.0,0.0
55970_G_2,1,7,166.0,0.0,0.0
55970_G_2,1,8,166.0,0.0,0.0
55970_G_2,1,9,113.21199999999992,52.78800000000018,46.81199999999991
55970_G_2,1,10,66.4,0.0,0.0
55970_G_2,1,11,66.4,99.6,0.0
55970_G_2,1,12,66.4,99.6,0.0
55970_G_2,1,13,66.4,99.6,0.0
55970_G_2,1,14,66.4,0.0,0.0
55970_G_2,1,15,66.4,0.0,0.0
55970_G_2,1,16,66.4,0.0,0.0
55970_G_2,1,17,119.18800000000017,46.81199999999983,0.0
55970_G_2,1,18,166.0,0.0,0.0
55970_G_2,1,19,166.0,0.0,0.0
55970_G_2,1,20,166.0,0.0,0.0
55970_G_2,1,21,166.0,0.0,0.0
55970_G_2,1,22,166.0,0.0,0.0
55970_G_2,1,23,166.0,0.0,0.0
55970_G_2,1,24,166.0,0.0,0.0
55970_G_2,1,25,66.4,99.6,0.0
55970_G_3,1,1,119.18800000000002,46.81199999999998,0.0
55970_G_3,1,2,66.4,99.6,0.0
55970_G_3,1,3,102.18065588025195,63.81934411974805,35.78065588025197
55970_G_3,1,4,66.4,99.6,0.0
55970_G_3,1,5,119.18800000000005,46.811999999999955,0.0
55970_G_3,1,6,166.0,0.0,0.0
55970_G_3,1,7,166.0,0.0,99.6
55970_G_3,1,8,166.0,0.0,0.0
55970_G_3,1,9,113.21199999999999,52.78800000000001,46.81200000000002
55970_G_3,1,10,66.4,99.6,0.0
55970_G_3,1,11,66.4,99.6,0.0
55970_G_3,1,12,99.87270443694118,66.12729556305882,33.47270443694117
55970_G_3,1,13,119.18800000000006,46.811999999999856,52.78800000000014
55970_G_3,1,14,66.4,99.6,0.0
55970_G_3,1,15,66.4,0.0,0.0
55970_G_3,1,16,66.4,99.6,0.0
55970_G_3,1,17,119.18800000000017,46.81199999999983,0.0
55970_G_3,1,18,166.0,0.0,0.0
55970_G_3,1,19,166.0,0.0,0.0
55970_G_3,1,20,166.0,0.0,0.0
55970_G_3,1,21,166.0,0.0,0.0
55970_G_3,1,22,166.0,0.0,0.0
55970_G_3,1,23,166.0,0.0,0.0
55970_G_3,1,24,166.0,0.0,0.0
55970_G_3,1,25,166.0,0.0,0.0
55983_G_TG51,1,1,46.0,0.0,27.6
55983_G_TG51,1,2,46.0,0.0,27.6
55983_G_TG51,1,3,46.0,0.0,27.6
55983_G_TG51,1,4,46.0,0.0,27.6
55983_G_TG51,1,5,46.0,0.0,0.0
55983_G_TG51,1,6,46.0,0.0,0.0
55983_G_TG51,1,7,46.0,0.0,27.6
55983_G_TG51,1,8,46.0,0.0,0.0
55983_G_TG51,1,9,46.0,0.0,27.6
55983_G_TG51,1,10,30.268,15.732,0.0
55983_G_TG51,1,11,46.0,0.0,27.6
55983_G_TG51,1,12,46.0,0.0,27.6
55983_G_TG51,1,13,46.0,0.0,27.6
55983_G_TG51,1,14,30.268,15.732,0.0
55983_G_TG51,1,15,18.4,27.6,0.0
55983_G_TG51,1,16,30.268,15.732,0.0
55983_G_TG51,1,17,46.0,0.0,0.0
55983_G_TG51,1,18,46.0,0.0,0.0
55983_G_TG51,1,19,46.0,0.0,0.0
55983_G_TG51,1,20,46.0,0.0,0.0
55983_G_TG51,1,21,46.0,0.0,0.0
55983_G_TG51,1,22,46.0,0.0,0.0
55983_G_TG51,1,23,46.0,0.0,0.0
55983_G_TG51,1,24,46.0,0.0,0.0
55983_G_TG51,1,25,46.0,0.0,27.6
55984_G_TG21,1,1,10.9,0.0,6.54
55984_G_TG21,1,2,10.9,0.0,6.54
55984_G_TG21,1,3,10.9,0.0,6.54
55984_G_TG21,1,4,10.9,0.0,6.54
55984_G_TG21,1,5,10.9,0.0,0.0
55984_G_TG21,1,6,10.9,0.0,0.0
55984_G_TG21,1,7,10.9,0.0,6.54
55984_G_TG21,1,8,10.9,0.0,0.0
55984_G_TG21,1,9,10.9,0.0,6.54
55984_G_TG21,1,10,7.172200000000001,3.7278000000000002,0.0
55984_G_TG21,1,11,10.9,0.0,6.54
55984_G_TG21,1,12,10.9,0.0,6.54
55984_G_TG21,1,13,10.9,0.0,6.54
55984_G_TG21,1,14,7.172200000000001,3.7277999999999993,0.0
55984_G_TG21,1,15,4.36,6.54,0.0
55984_G_TG21,1,16,7.1722,3.7278000000000002,0.0
55984_G_TG21,1,17,10.9,0.0,0.0
55984_G_TG21,1,18,10.9,0.0,0.0
55984_G_TG21,1,19,10.9,0.0,0.0
55984_G_TG21,1,20,10.9,0.0,0.0
55984_G_TG21,1,21,10.9,0.0,0.0
55984_G_TG21,1,22,10.9,0.0,0.0
55984_G_TG21,1,23,10.9,0.0,0.0
55984_G_TG21,1,24,10.9,0.0,0.0
55984_G_TG21,1,25,10.9,0.0,6.54
55985_G_CTG1,1,1,122.06,47.94,2.64950361131206
55985_G_CTG1,1,2,68.0,102.0,0.0
55985_G_CTG1,1,3,122.06000000033163,47.93999999940385,54.06000000000003
55985_G_CTG1,1,4,68.0,102.0,0.0
55985_G_CTG1,1,5,122.06,47.94,0.0
55985_G_CTG1,1,6,170.0,0.0,0.0
55985_G_CTG1,1,7,170.0,0.0,102.0
55985_G_CTG1,1,8,170.0,0.0,0.0
55985_G_CTG1,1,9,115.93999999999993,54.06000000000017,47.93999999999983
55985_G_CTG1,1,10,68.0,102.0,0.0
55985_G_CTG1,1,11,68.0,102.0,0.0
55985_G_CTG1,1,12,122.06000000000004,47.93999999999987,54.06000000000013
55985_G_CTG1,1,13,122.06000000000004,47.93999999999987,54.06000000000013
55985_G_CTG1,1,14,68.0,102.0,0.0
55985_G_CTG1,1,15,68.0,0.0,0.0
55985_G_CTG1,1,16,68.0,102.0,0.0
55985_G_CTG1,1,17,122.06000000000016,47.93999999999984,0.0
55985_G_CTG1,1,18,170.0,0.0,0.0
55985_G_CTG1,1,19,170.0,0.0,0.0
55985_G_CTG1,1,20,170.0,0.0,0.0
55985_G_CTG1,1,21,170.0,0.0,0.0
55985_G_CTG1,1,22,170.0,0.0,0.0
55985_G_CTG1,1,23,170.0,0.0,0.0
55985_G_CTG1,1,24,170.0,0.0,0.0
55985_G_CTG1,1,25,170.0,0.0,0.0
55985_G_CTG2,1,1,122.06,47.94,0.0
55985_G_CTG2,1,2,68.0,102.0,0.0
55985_G_CTG2,1,3,68.0,102.0,0.0
55985_G_CTG2,1,4,68.0,102.0,0.0
55985_G_CTG2,1,5,122.06000000000003,47.93999999999997,0.0
55985_G_CTG2,1,6,170.0,0.0,0.0
55985_G_CTG2,1,7,170.0,0.0,45.96000000000034
55985_G_CTG2,1,8,170.0,0.0,0.0
55985_G_CTG2,1,9,115.93999999999993,54.06000000000017,47.93999999999983
55985_G_CTG2,1,10,68.0,102.0,0.0
55985_G_CTG2,1,11,68.0,102.0,0.0
55985_G_CTG2,1,12,68.0,102.0,0.0
55985_G_CTG2,1,13,122.06000000000004,47.93999999937983,54.06000000000013
55985_G_CTG2,1,14,68.0,102.0,0.0
55985_G_CTG2,1,15,68.0,0.0,0.0
55985_G_CTG2,1,16,68.0,102.0,0.0
55985_G_CTG2,1,17,122.06,47.94,0.0
55985_G_CTG2,1,18,170.0,0.0,0.0
55985_G_CTG2,1,19,170.0,0.0,0.0
55985_G_CTG2,1,20,170.0,0.0,0.0
55985_G_CTG2,1,21,170.0,0.0,0.0
55985_G_CTG2,1,22,170.0,0.0,0.0
55985_G_CTG2,1,23,170.0,0.0,0.0
55985_G_CTG2,1,24,170.0,0.0,0.0
55985_G_CTG2,1,25,70.6924911504475,99.3075088495525,0.0
55985_G_STG,1,1,159.39600000000004,62.60399999999996,0.0
55985_G_STG,1,2,88.80000000000004,133.19999999999996,0.0
55985_G_STG,1,3,88.80000000000004,133.19999999999996,0.0
55985_G_STG,1,4,88.80000000000004,133.19999999999996,0.0
55985_G_STG,1,5,151.404,70.596,0.0
55985_G_STG,1,6,222.0,0.0,0.0
55985_G_STG,1,7,222.0,0.0,0.0
55985_G_STG,1,8,222.0,0.0,0.0
55985_G_STG,1,9,151.4039999999999,70.59600000000025,62.60399999999987
55985_G_STG,1,10,88.80000000000004,0.0,0.0
55985_G_STG,1,11,88.80000000000004,133.19999999999996,0.0
55985_G_STG,1,12,88.80000000000004,133.19999999999996,0.0
55985_G_STG,1,13,88.80000000000004,133.19999999999996,0.0
55985_G_STG,1,14,88.80000000000004,0.0,0.0
55985_G_STG,1,15,88.80000000000004,0.0,0.0
55985_G_STG,1,16,88.80000000000004,0.0,0.0
55985_G_STG,1,17,159.39600000000033,62.60399999999967,0.0
55985_G_STG,1,18,222.0,0.0,0.0
55985_G_STG,1,19,222.0,0.0,0.0
55985_G_STG,1,20,222.0,0.0,0.0
55985_G_STG,1,21,222.0,0.0,0.0
55985_G_STG,1,22,222.0,0.0,0.0
55985_G_STG,1,23,222.0,0.0,0.0
55985_G_STG,1,24,222.0,0.0,0.0
55985_G_STG,1,25,88.80000000000004,133.19999999999996,0.0
56026_G_CTG1,1,1,0.0,0.0,0.0
56026_G_CTG1,1,2,0.0,0.0,0.0
56026_G_CTG1,1,3,0.0,0.0,0.0
56026_G_CTG1,1,4,0.0,0.0,0.0
56026_G_CTG1,1,5,0.0,0.0,0.0
56026_G_CTG1,1,6,0.0,0.0,0.0
56026_G_CTG1,1,7,0.0,0.0,0.0
56026_G_CTG1,1,8,0.0,0.0,0.0
56026_G_CTG1,1,9,0.0,0.0,0.0
56026_G_CTG1,1,10,0.0,0.0,0.0
56026_G_CTG1,1,11,0.0,0.0,0.0
56026_G_CTG1,1,12,0.0,0.0,0.0
56026_G_CTG1,1,13,0.0,0.0,0.0
56026_G_CTG1,1,14,0.0,0.0,0.0
56026_G_CTG1,1,15,0.0,0.0,0.0
56026_G_CTG1,1,16,0.0,0.0,0.0
56026_G_CTG1,1,17,0.0,0.0,0.0
56026_G_CTG1,1,18,0.0,0.0,0.0
56026_G_CTG1,1,19,0.0,0.0,0.0
56026_G_CTG1,1,20,0.0,0.0,0.0
56026_G_CTG1,1,21,0.0,0.0,0.0
56026_G_CTG1,1,22,0.0,0.0,0.0
56026_G_CTG1,1,23,0.0,0.0,0.0
56026_G_CTG1,1,24,0.0,0.0,0.0
56026_G_CTG1,1,25,0.0,0.0,0.0
56026_G_CTG2,1,1,0.0,0.0,0.0
56026_G_CTG2,1,2,0.0,0.0,0.0
56026_G_CTG2,1,3,0.0,0.0,0.0
56026_G_CTG2,1,4,0.0,0.0,0.0
56026_G_CTG2,1,5,0.0,0.0,0.0
56026_G_CTG2,1,6,0.0,0.0,0.0
56026_G_CTG2,1,7,0.0,0.0,0.0
56026_G_CTG2,1,8,0.0,0.0,0.0
56026_G_CTG2,1,9,0.0,0.0,0.0
56026_G_CTG2,1,10,0.0,0.0,0.0
56026_G_CTG2,1,11,0.0,0.0,0.0
56026_G_CTG2,1,12,0.0,0.0,0.0
56026_G_CTG2,1,13,0.0,0.0,0.0
56026_G_CTG2,1,14,0.0,0.0,0.0
56026_G_CTG2,1,15,0.0,0.0,0.0
56026_G_CTG2,1,16,0.0,0.0,0.0
56026_G_CTG2,1,17,0.0,0.0,0.0
56026_G_CTG2,1,18,0.0,0.0,0.0
56026_G_CTG2,1,19,0.0,0.0,0.0
56026_G_CTG2,1,20,0.0,0.0,0.0
56026_G_CTG2,1,21,0.0,0.0,0.0
56026_G_CTG2,1,22,0.0,0.0,0.0
56026_G_CTG2,1,23,0.0,0.0,0.0
56026_G_CTG2,1,24,0.0,0.0,0.0
56026_G_CTG2,1,25,0.0,0.0,0.0
56026_G_STG,1,1,0.0,0.0,0.0
56026_G_STG,1,2,0.0,0.0,0.0
56026_G_STG,1,3,0.0,0.0,0.0
56026_G_STG,1,4,0.0,0.0,0.0
56026_G_STG,1,5,0.0,0.0,0.0
56026_G_STG,1,6,0.0,0.0,0.0
56026_G_STG,1,7,0.0,0.0,0.0
56026_G_STG,1,8,0.0,0.0,0.0
56026_G_STG,1,9,0.0,0.0,0.0
56026_G_STG,1,10,0.0,0.0,0.0
56026_G_STG,1,11,0.0,0.0,0.0
56026_G_STG,1,12,0.0,0.0,0.0
56026_G_STG,1,13,0.0,0.0,0.0
56026_G_STG,1,14,0.0,0.0,0.0
56026_G_STG,1,15,0.0,0.0,0.0
56026_G_STG,1,16,0.0,0.0,0.0
56026_G_STG,1,17,0.0,0.0,0.0
56026_G_STG,1,18,0.0,0.0,0.0
56026_G_STG,1,19,0.0,0.0,0.0
56026_G_STG,1,20,0.0,0.0,0.0
56026_G_STG,1,21,0.0,0.0,0.0
56026_G_STG,1,22,0.0,0.0,0.0
56026_G_STG,1,23,0.0,0.0,0.0
56026_G_STG,1,24,0.0,0.0,0.0
56026_G_STG,1,25,0.0,0.0,0.0
56041_G_M1,1,1,16.8,0.0,0.0
56041_G_M1,1,2,16.8,0.0,0.0
56041_G_M1,1,3,16.8,0.0,0.0
56041_G_M1,1,4,16.8,0.0,0.0
56041_G_M1,1,5,16.8,0.0,0.0
56041_G_M1,1,6,16.8,0.0,0.0
56041_G_M1,1,7,16.8,0.0,0.0
56041_G_M1,1,8,42.0,0.0,0.0
56041_G_M1,1,9,0.0,0.0,0.0
56041_G_M1,1,10,0.0,0.0,0.0
56041_G_M1,1,11,0.0,0.0,0.0
56041_G_M1,1,12,0.0,0.0,0.0
56041_G_M1,1,13,0.0,0.0,0.0
56041_G_M1,1,14,0.0,0.0,0.0
56041_G_M1,1,15,0.0,0.0,0.0
56041_G_M1,1,16,0.0,0.0,0.0
56041_G_M1,1,17,0.0,0.0,0.0
56041_G_M1,1,18,16.8,25.2,0.0
56041_G_M1,1,19,16.8,25.2,0.0
56041_G_M1,1,20,16.8,25.2,0.0
56041_G_M1,1,21,0.0,0.0,0.0
56041_G_M1,1,22,0.0,0.0,0.0
56041_G_M1,1,23,0.0,0.0,0.0
56041_G_M1,1,24,0.0,0.0,0.0
56041_G_M1,1,25,0.0,0.0,0.0
56041_G_M2,1,1,16.8,0.0,0.0
56041_G_M2,1,2,16.8,0.0,0.0
56041_G_M2,1,3,16.8,0.0,0.0
56041_G_M2,1,4,16.8,0.0,0.0
56041_G_M2,1,5,16.8,0.0,0.0
56041_G_M2,1,6,16.8,0.0,0.0
56041_G_M2,1,7,16.8,0.0,0.0
56041_G_M2,1,8,42.0,0.0,0.0
56041_G_M2,1,9,0.0,0.0,0.0
56041_G_M2,1,10,0.0,0.0,0.0
56041_G_M2,1,11,0.0,0.0,0.0
56041_G_M2,1,12,0.0,0.0,0.0
56041_G_M2,1,13,0.0,0.0,0.0
56041_G_M2,1,14,0.0,0.0,0.0
56041_G_M2,1,15,0.0,0.0,0.0
56041_G_M2,1,16,0.0,0.0,0.0
56041_G_M2,1,17,0.0,0.0,0.0
56041_G_M2,1,18,16.8,25.2,0.0
56041_G_M2,1,19,16.8,25.2,0.0
56041_G_M2,1,20,16.8,25.2,0.0
56041_G_M2,1,21,0.0,0.0,0.0
56041_G_M2,1,22,0.0,0.0,0.0
56041_G_M2,1,23,0.0,0.0,0.0
56041_G_M2,1,24,0.0,0.0,0.0
56041_G_M2,1,25,0.0,0.0,0.0
56041_G_M3,1,1,20.0,0.0,0.0
56041_G_M3,1,2,20.0,0.0,0.0
56041_G_M3,1,3,20.0,0.0,0.0
56041_G_M3,1,4,20.0,0.0,0.0
56041_G_M3,1,5,20.0,0.0,0.0
56041_G_M3,1,6,20.0,0.0,0.0
56041_G_M3,1,7,20.0,0.0,0.0
56041_G_M3,1,8,50.0,0.0,0.0
56041_G_M3,1,9,0.0,0.0,0.0
56041_G_M3,1,10,0.0,0.0,0.0
56041_G_M3,1,11,0.0,0.0,0.0
56041_G_M3,1,12,0.0,0.0,0.0
56041_G_M3,1,13,0.0,0.0,0.0
56041_G_M3,1,14,0.0,0.0,0.0
56041_G_M3,1,15,0.0,0.0,0.0
56041_G_M3,1,16,0.0,0.0,0.0
56041_G_M3,1,17,0.0,0.0,0.0
56041_G_M3,1,18,20.0,30.0,0.0
56041_G_M3,1,19,20.0,30.0,0.0
56041_G_M3,1,20,20.0,30.0,0.0
56041_G_M3,1,21,0.0,0.0,0.0
56041_G_M3,1,22,0.0,0.0,0.0
56041_G_M3,1,23,0.0,0.0,0.0
56041_G_M3,1,24,0.0,0.0,0.0
56041_G_M3,1,25,0.0,0.0,0.0
56046_G_1,1,1,64.4,96.6,0.0
56046_G_1,1,2,64.4,0.0,0.0
56046_G_1,1,3,64.4,0.0,0.0
56046_G_1,1,4,64.4,0.0,0.0
56046_G_1,1,5,64.4,96.6,0.0
56046_G_1,1,6,109.80199999999999,51.19800000000001,0.0
56046_G_1,1,7,161.0,0.0,0.0
56046_G_1,1,8,115.59800000000001,45.40199999999999,0.0
56046_G_1,1,9,64.4,96.6,0.0
56046_G_1,1,10,64.4,0.0,0.0
56046_G_1,1,11,64.4,0.0,0.0
56046_G_1,1,12,64.4,0.0,0.0
56046_G_1,1,13,64.4,0.0,0.0
56046_G_1,1,14,64.4,0.0,0.0
56046_G_1,1,15,64.4,0.0,0.0
56046_G_1,1,16,64.4,0.0,0.0
56046_G_1,1,17,115.59800000000014,45.40199999999986,0.0
56046_G_1,1,18,161.0,0.0,0.0
56046_G_1,1,19,161.0,0.0,0.0
56046_G_1,1,20,161.0,0.0,0.0
56046_G_1,1,21,161.0,0.0,0.0
56046_G_1,1,22,161.0,0.0,0.0
56046_G_1,1,23,161.0,0.0,0.0
56046_G_1,1,24,109.80199999999999,51.19800000000001,0.0
56046_G_1,1,25,64.4,48.876491150447634,0.0
56046_G_2,1,1,56.0,84.0,0.0
56046_G_2,1,2,56.0,0.0,0.0
56046_G_2,1,3,56.0,0.0,0.0
56046_G_2,1,4,56.0,0.0,0.0
56046_G_2,1,5,56.0,84.0,0.0
56046_G_2,1,6,95.47999999999999,44.52000000000001,0.0
56046_G_2,1,7,140.0,0.0,0.0
56046_G_2,1,8,100.5200000000001,39.479999999999905,0.0
56046_G_2,1,9,56.0,84.0,0.0
56046_G_2,1,10,56.0,0.0,0.0
56046_G_2,1,11,56.0,0.0,0.0
56046_G_2,1,12,56.0,0.0,0.0
56046_G_2,1,13,56.0,0.0,0.0
56046_G_2,1,14,56.0,0.0,0.0
56046_G_2,1,15,56.0,0.0,0.0
56046_G_2,1,16,56.0,0.0,0.0
56046_G_2,1,17,100.52000000000012,39.479999999999876,0.0
56046_G_2,1,18,140.0,0.0,0.0
56046_G_2,1,19,140.0,0.0,0.0
56046_G_2,1,20,140.0,0.0,0.0
56046_G_2,1,21,140.0,0.0,0.0
56046_G_2,1,22,140.0,0.0,0.0
56046_G_2,1,23,140.0,0.0,0.0
56046_G_2,1,24,95.47999999999999,44.52000000000001,0.0
56046_G_2,1,25,56.0,84.0,0.0
56078_G_1,1,1,0.0,0.0,0.0
56078_G_1,1,2,0.0,0.0,0.0
56078_G_1,1,3,0.0,0.0,0.0
56078_G_1,1,4,0.0,0.0,0.0
56078_G_1,1,5,0.0,0.0,0.0
56078_G_1,1,6,0.0,0.0,0.0
56078_G_1,1,7,0.0,0.0,0.0
56078_G_1,1,8,0.0,0.0,0.0
56078_G_1,1,9,0.0,0.0,0.0
56078_G_1,1,10,0.0,0.0,0.0
56078_G_1,1,11,0.0,0.0,0.0
56078_G_1,1,12,0.0,0.0,0.0
56078_G_1,1,13,0.0,0.0,0.0
56078_G_1,1,14,0.0,0.0,0.0
56078_G_1,1,15,0.0,0.0,0.0
56078_G_1,1,16,0.0,0.0,0.0
56078_G_1,1,17,0.0,0.0,0.0
56078_G_1,1,18,0.0,0.0,0.0
56078_G_1,1,19,0.0,0.0,0.0
56078_G_1,1,20,0.0,0.0,0.0
56078_G_1,1,21,0.0,0.0,0.0
56078_G_1,1,22,0.0,0.0,0.0
56078_G_1,1,23,0.0,0.0,0.0
56078_G_1,1,24,0.0,0.0,0.0
56078_G_1,1,25,0.0,0.0,0.0
56078_G_2,1,1,0.0,0.0,0.0
56078_G_2,1,2,0.0,0.0,0.0
56078_G_2,1,3,0.0,0.0,0.0
56078_G_2,1,4,0.0,0.0,0.0
56078_G_2,1,5,0.0,0.0,0.0
56078_G_2,1,6,0.0,0.0,0.0
56078_G_2,1,7,0.0,0.0,0.0
56078_G_2,1,8,0.0,0.0,0.0
56078_G_2,1,9,0.0,0.0,0.0
56078_G_2,1,10,0.0,0.0,0.0
56078_G_2,1,11,0.0,0.0,0.0
56078_G_2,1,12,0.0,0.0,0.0
56078_G_2,1,13,0.0,0.0,0.0
56078_G_2,1,14,0.0,0.0,0.0
56078_G_2,1,15,0.0,0.0,0.0
56078_G_2,1,16,0.0,0.0,0.0
56078_G_2,1,17,0.0,0.0,0.0
56078_G_2,1,18,0.0,0.0,0.0
56078_G_2,1,19,0.0,0.0,0.0
56078_G_2,1,20,0.0,0.0,0.0
56078_G_2,1,21,0.0,0.0,0.0
56078_G_2,1,22,0.0,0.0,0.0
56078_G_2,1,23,0.0,0.0,0.0
56078_G_2,1,24,0.0,0.0,0.0
56078_G_2,1,25,0.0,0.0,0.0
56078_G_3,1,1,0.0,0.0,0.0
56078_G_3,1,2,0.0,0.0,0.0
56078_G_3,1,3,0.0,0.0,0.0
56078_G_3,1,4,0.0,0.0,0.0
56078_G_3,1,5,0.0,0.0,0.0
56078_G_3,1,6,0.0,0.0,0.0
56078_G_3,1,7,0.0,0.0,0.0
56078_G_3,1,8,0.0,0.0,0.0
56078_G_3,1,9,0.0,0.0,0.0
56078_G_3,1,10,0.0,0.0,0.0
56078_G_3,1,11,0.0,0.0,0.0
56078_G_3,1,12,0.0,0.0,0.0
56078_G_3,1,13,0.0,0.0,0.0
56078_G_3,1,14,0.0,0.0,0.0
56078_G_3,1,15,0.0,0.0,0.0
56078_G_3,1,16,0.0,0.0,0.0
56078_G_3,1,17,0.0,0.0,0.0
56078_G_3,1,18,0.0,0.0,0.0
56078_G_3,1,19,0.0,0.0,0.0
56078_G_3,1,20,0.0,0.0,0.0
56078_G_3,1,21,0.0,0.0,0.0
56078_G_3,1,22,0.0,0.0,0.0
56078_G_3,1,23,0.0,0.0,0.0
56078_G_3,1,24,0.0,0.0,0.0
56078_G_3,1,25,0.0,0.0,0.0
56090_G_D182,1,1,11.2,0.0,0.0
56090_G_D182,1,2,11.2,0.0,0.0
56090_G_D182,1,3,11.2,0.0,0.0
56090_G_D182,1,4,11.2,0.0,0.0
56090_G_D182,1,5,11.2,0.0,0.0
56090_G_D182,1,6,11.2,0.0,0.0
56090_G_D182,1,7,11.2,0.0,0.0
56090_G_D182,1,8,11.2,0.0,0.0
56090_G_D182,1,9,6.16,0.0,0.0
56090_G_D182,1,10,4.48,0.0,0.0
56090_G_D182,1,11,4.48,0.0,0.0
56090_G_D182,1,12,4.48,0.0,0.0
56090_G_D182,1,13,4.48,0.0,0.0
56090_G_D182,1,14,4.48,0.0,0.0
56090_G_D182,1,15,4.48,0.0,0.0
56090_G_D182,1,16,6.159999999999999,0.0,0.0
56090_G_D182,1,17,11.2,0.0,0.0
56090_G_D182,1,18,11.2,0.0,0.0
56090_G_D182,1,19,11.2,0.0,0.0
56090_G_D182,1,20,11.2,0.0,0.0
56090_G_D182,1,21,11.2,0.0,0.0
56090_G_D182,1,22,11.2,0.0,0.0
56090_G_D182,1,23,11.2,0.0,0.0
56090_G_D182,1,24,11.2,0.0,0.0
56090_G_D182,1,25,11.2,0.0,0.0
56090_G_D190,1,1,0.3,0.0,0.0
56090_G_D190,1,2,0.3,0.0,0.0
56090_G_D190,1,3,0.3,0.0,0.0
56090_G_D190,1,4,0.3,0.0,0.0
56090_G_D190,1,5,0.3,0.0,0.0
56090_G_D190,1,6,0.3,0.0,0.0
56090_G_D190,1,7,0.3,0.0,0.0
56090_G_D190,1,8,0.3,0.0,0.0
56090_G_D190,1,9,0.16499999999999998,0.0,0.0
56090_G_D190,1,10,0.12,0.0,0.0
56090_G_D190,1,11,0.12,0.0,0.0
56090_G_D190,1,12,0.12,0.0,0.0
56090_G_D190,1,13,0.12,0.0,0.0
56090_G_D190,1,14,0.12,0.0,0.0
56090_G_D190,1,15,0.12,0.0,0.0
56090_G_D190,1,16,0.16499999999999998,0.0,0.0
56090_G_D190,1,17,0.3,0.0,0.0
56090_G_D190,1,18,0.3,0.0,0.0
56090_G_D190,1,19,0.3,0.0,0.0
56090_G_D190,1,20,0.3,0.0,0.0
56090_G_D190,1,21,0.3,0.0,0.0
56090_G_D190,1,22,0.3,0.0,0.0
56090_G_D190,1,23,0.3,0.0,0.0
56090_G_D190,1,24,0.3,0.0,0.0
56090_G_D190,1,25,0.3,0.0,0.0
56135_G_2,1,1,0.0,0.0,0.0
56135_G_2,1,2,0.0,0.0,0.0
56135_G_2,1,3,0.0,0.0,0.0
56135_G_2,1,4,0.0,0.0,0.0
56135_G_2,1,5,0.0,0.0,0.0
56135_G_2,1,6,0.0,0.0,0.0
56135_G_2,1,7,0.0,0.0,0.0
56135_G_2,1,8,0.0,0.0,0.0
56135_G_2,1,9,0.0,0.0,0.0
56135_G_2,1,10,0.0,0.0,0.0
56135_G_2,1,11,0.0,0.0,0.0
56135_G_2,1,12,0.0,0.0,0.0
56135_G_2,1,13,0.0,0.0,0.0
56135_G_2,1,14,0.0,0.0,0.0
56135_G_2,1,15,0.0,0.0,0.0
56135_G_2,1,16,0.0,0.0,0.0
56135_G_2,1,17,0.0,0.0,0.0
56135_G_2,1,18,0.0,0.0,0.0
56135_G_2,1,19,0.0,0.0,0.0
56135_G_2,1,20,0.0,0.0,0.0
56135_G_2,1,21,0.0,0.0,0.0
56135_G_2,1,22,0.0,0.0,0.0
56135_G_2,1,23,0.0,0.0,0.0
56135_G_2,1,24,0.0,0.0,0.0
56135_G_2,1,25,0.0,0.0,0.0
56232_G_1,1,1,0.0,0.0,0.0
56232_G_1,1,2,0.0,0.0,0.0
56232_G_1,1,3,0.0,0.0,0.0
56232_G_1,1,4,0.0,0.0,0.0
56232_G_1,1,5,0.0,0.0,0.0
56232_G_1,1,6,0.0,0.0,0.0
56232_G_1,1,7,0.0,0.0,0.0
56232_G_1,1,8,0.0,0.0,0.0
56232_G_1,1,9,0.0,0.0,0.0
56232_G_1,1,10,0.0,0.0,0.0
56232_G_1,1,11,0.0,0.0,0.0
56232_G_1,1,12,0.0,0.0,0.0
56232_G_1,1,13,0.0,0.0,0.0
56232_G_1,1,14,0.0,0.0,0.0
56232_G_1,1,15,0.0,0.0,0.0
56232_G_1,1,16,0.0,0.0,0.0
56232_G_1,1,17,0.0,0.0,0.0
56232_G_1,1,18,0.0,0.0,0.0
56232_G_1,1,19,0.0,0.0,0.0
56232_G_1,1,20,0.0,0.0,0.0
56232_G_1,1,21,0.0,0.0,0.0
56232_G_1,1,22,0.0,0.0,0.0
56232_G_1,1,23,0.0,0.0,0.0
56232_G_1,1,24,0.0,0.0,0.0
56232_G_1,1,25,0.0,0.0,0.0
56298_G_0001,1,1,0.0,0.0,0.0
56298_G_0001,1,2,0.0,0.0,0.0
56298_G_0001,1,3,0.0,0.0,0.0
56298_G_0001,1,4,0.0,0.0,0.0
56298_G_0001,1,5,0.0,0.0,0.0
56298_G_0001,1,6,0.0,0.0,0.0
56298_G_0001,1,7,0.0,0.0,0.0
56298_G_0001,1,8,0.0,0.0,0.0
56298_G_0001,1,9,0.0,0.0,0.0
56298_G_0001,1,10,0.0,0.0,0.0
56298_G_0001,1,11,0.0,0.0,0.0
56298_G_0001,1,12,0.0,0.0,0.0
56298_G_0001,1,13,0.0,0.0,0.0
56298_G_0001,1,14,0.0,0.0,0.0
56298_G_0001,1,15,0.0,0.0,0.0
56298_G_0001,1,16,0.0,0.0,0.0
56298_G_0001,1,17,0.0,0.0,0.0
56298_G_0001,1,18,0.0,0.0,0.0
56298_G_0001,1,19,0.0,0.0,0.0
56298_G_0001,1,20,0.0,0.0,0.0
56298_G_0001,1,21,0.0,0.0,0.0
56298_G_0001,1,22,0.0,0.0,0.0
56298_G_0001,1,23,0.0,0.0,0.0
56298_G_0001,1,24,0.0,0.0,0.0
56298_G_0001,1,25,0.0,0.0,0.0
56298_G_0002,1,1,0.0,0.0,0.0
56298_G_0002,1,2,0.0,0.0,0.0
56298_G_0002,1,3,0.0,0.0,0.0
56298_G_0002,1,4,0.0,0.0,0.0
56298_G_0002,1,5,0.0,0.0,0.0
56298_G_0002,1,6,0.0,0.0,0.0
56298_G_0002,1,7,0.0,0.0,0.0
56298_G_0002,1,8,0.0,0.0,0.0
56298_G_0002,1,9,0.0,0.0,0.0
56298_G_0002,1,10,0.0,0.0,0.0
56298_G_0002,1,11,0.0,0.0,0.0
56298_G_0002,1,12,0.0,0.0,0.0
56298_G_0002,1,13,0.0,0.0,0.0
56298_G_0002,1,14,0.0,0.0,0.0
56298_G_0002,1,15,0.0,0.0,0.0
56298_G_0002,1,16,0.0,0.0,0.0
56298_G_0002,1,17,0.0,0.0,0.0
56298_G_0002,1,18,15.2,22.8,0.0
56298_G_0002,1,19,15.2,22.8,0.0
56298_G_0002,1,20,15.2,0.0,0.0
56298_G_0002,1,21,0.0,0.0,0.0
56298_G_0002,1,22,0.0,0.0,0.0
56298_G_0002,1,23,0.0,0.0,0.0
56298_G_0002,1,24,0.0,0.0,0.0
56298_G_0002,1,25,0.0,0.0,0.0
56298_G_0003,1,1,0.0,0.0,0.0
56298_G_0003,1,2,0.0,0.0,0.0
56298_G_0003,1,3,0.0,0.0,0.0
56298_G_0003,1,4,0.0,0.0,0.0
56298_G_0003,1,5,0.0,0.0,0.0
56298_G_0003,1,6,0.0,0.0,0.0
56298_G_0003,1,7,0.0,0.0,0.0
56298_G_0003,1,8,0.0,0.0,0.0
56298_G_0003,1,9,0.0,0.0,0.0
56298_G_0003,1,10,0.0,0.0,0.0
56298_G_0003,1,11,0.0,0.0,0.0
56298_G_0003,1,12,0.0,0.0,0.0
56298_G_0003,1,13,0.0,0.0,0.0
56298_G_0003,1,14,0.0,0.0,0.0
56298_G_0003,1,15,0.0,0.0,0.0
56298_G_0003,1,16,0.0,0.0,0.0
56298_G_0003,1,17,0.0,0.0,0.0
56298_G_0003,1,18,30.0,45.0,0.0
56298_G_0003,1,19,30.0,45.0,0.0
56298_G_0003,1,20,30.0,16.011397522124156,0.0
56298_G_0003,1,21,0.0,0.0,0.0
56298_G_0003,1,22,0.0,0.0,0.0
56298_G_0003,1,23,0.0,0.0,0.0
56298_G_0003,1,24,0.0,0.0,0.0
56298_G_0003,1,25,0.0,0.0,0.0
56356_G_CT1,1,1,0.0,0.0,0.0
56356_G_CT1,1,2,0.0,0.0,0.0
56356_G_CT1,1,3,0.0,0.0,0.0
56356_G_CT1,1,4,0.0,0.0,0.0
56356_G_CT1,1,5,0.0,0.0,0.0
56356_G_CT1,1,6,0.0,0.0,0.0
56356_G_CT1,1,7,0.0,0.0,0.0
56356_G_CT1,1,8,0.0,0.0,0.0
56356_G_CT1,1,9,0.0,0.0,0.0
56356_G_CT1,1,10,0.0,0.0,0.0
56356_G_CT1,1,11,0.0,0.0,0.0
56356_G_CT1,1,12,0.0,0.0,0.0
56356_G_CT1,1,13,0.0,0.0,0.0
56356_G_CT1,1,14,0.0,0.0,0.0
56356_G_CT1,1,15,0.0,0.0,0.0
56356_G_CT1,1,16,0.0,0.0,0.0
56356_G_CT1,1,17,0.0,0.0,0.0
56356_G_CT1,1,18,0.0,0.0,0.0
56356_G_CT1,1,19,0.0,0.0,0.0
56356_G_CT1,1,20,0.0,0.0,0.0
56356_G_CT1,1,21,0.0,0.0,0.0
56356_G_CT1,1,22,0.0,0.0,0.0
56356_G_CT1,1,23,0.0,0.0,0.0
56356_G_CT1,1,24,0.0,0.0,0.0
56356_G_CT1,1,25,0.0,0.0,0.0
56356_G_ST1,1,1,0.0,0.0,0.0
56356_G_ST1,1,2,0.0,0.0,0.0
56356_G_ST1,1,3,0.0,0.0,0.0
56356_G_ST1,1,4,0.0,0.0,0.0
56356_G_ST1,1,5,0.0,0.0,0.0
56356_G_ST1,1,6,0.0,0.0,0.0
56356_G_ST1,1,7,0.0,0.0,0.0
56356_G_ST1,1,8,0.0,0.0,0.0
56356_G_ST1,1,9,0.0,0.0,0.0
56356_G_ST1,1,10,0.0,0.0,0.0
56356_G_ST1,1,11,0.0,0.0,0.0
56356_G_ST1,1,12,0.0,0.0,0.0
56356_G_ST1,1,13,0.0,0.0,0.0
56356_G_ST1,1,14,0.0,0.0,0.0
56356_G_ST1,1,15,0.0,0.0,0.0
56356_G_ST1,1,16,0.0,0.0,0.0
56356_G_ST1,1,17,0.0,0.0,0.0
56356_G_ST1,1,18,0.0,0.0,0.0
56356_G_ST1,1,19,0.0,0.0,0.0
56356_G_ST1,1,20,0.0,0.0,0.0
56356_G_ST1,1,21,0.0,0.0,0.0
56356_G_ST1,1,22,0.0,0.0,0.0
56356_G_ST1,1,23,0.0,0.0,0.0
56356_G_ST1,1,24,0.0,0.0,0.0
56356_G_ST1,1,25,0.0,0.0,0.0
56467_G_CTG1,1,1,74.0,111.0,0.0
56467_G_CTG1,1,2,74.0,0.0,0.0
56467_G_CTG1,1,3,74.0,0.0,0.0
56467_G_CTG1,1,4,74.0,0.0,0.0
56467_G_CTG1,1,5,74.0,0.0,0.0
56467_G_CTG1,1,6,126.17,58.83,0.0
56467_G_CTG1,1,7,185.0,0.0,0.0
56467_G_CTG1,1,8,132.8300000000001,52.1699999999999,0.0
56467_G_CTG1,1,9,74.0,100.91199999999989,0.0
56467_G_CTG1,1,10,74.0,0.0,0.0
56467_G_CTG1,1,11,74.0,0.0,0.0
56467_G_CTG1,1,12,74.0,0.0,0.0
56467_G_CTG1,1,13,74.0,0.0,0.0
56467_G_CTG1,1,14,74.0,0.0,0.0
56467_G_CTG1,1,15,74.0,0.0,0.0
56467_G_CTG1,1,16,74.0,0.0,0.0
56467_G_CTG1,1,17,132.83000000000024,52.16999999999976,0.0
56467_G_CTG1,1,18,185.0,0.0,0.0
56467_G_CTG1,1,19,185.0,0.0,0.0
56467_G_CTG1,1,20,185.0,0.0,0.0
56467_G_CTG1,1,21,185.0,0.0,0.0
56467_G_CTG1,1,22,185.0,0.0,0.0
56467_G_CTG1,1,23,132.82999999999998,52.170000000000016,0.0
56467_G_CTG1,1,24,74.0,111.0,0.0
56467_G_CTG1,1,25,74.0,0.0,0.0
56467_G_CTG2,1,1,74.0,0.0,0.0
56467_G_CTG2,1,2,74.0,0.0,0.0
56467_G_CTG2,1,3,74.0,0.0,0.0
56467_G_CTG2,1,4,74.0,0.0,0.0
56467_G_CTG2,1,5,74.0,0.0,0.0
56467_G_CTG2,1,6,126.17,58.8300000000001,0.0
56467_G_CTG2,1,7,185.0,0.0,0.0
56467_G_CTG2,1,8,132.82999999999998,52.170000000000016,0.0
56467_G_CTG2,1,9,74.0,0.0,0.0
56467_G_CTG2,1,10,74.0,0.0,0.0
56467_G_CTG2,1,11,74.0,0.0,0.0
56467_G_CTG2,1,12,74.0,0.0,0.0
56467_G_CTG2,1,13,74.0,0.0,0.0
56467_G_CTG2,1,14,74.0,0.0,0.0
56467_G_CTG2,1,15,74.0,0.0,0.0
56467_G_CTG2,1,16,74.0,0.0,0.0
56467_G_CTG2,1,17,132.83000000000024,52.16999999999976,0.0
56467_G_CTG2,1,18,185.0,0.0,0.0
56467_G_CTG2,1,19,185.0,0.0,0.0
56467_G_CTG2,1,20,185.0,0.0,0.0
56467_G_CTG2,1,21,185.0,0.0,0.0
56467_G_CTG2,1,22,185.0,0.0,0.0
56467_G_CTG2,1,23,132.82999999999998,52.170000000000016,0.0
56467_G_CTG2,1,24,74.0,111.0,0.0
56467_G_CTG2,1,25,74.0,0.0,0.0
56467_G_STG1,1,1,98.0,109.89346389381207,0.0
56467_G_STG1,1,2,98.0,0.0,0.0
56467_G_STG1,1,3,98.0,0.0,0.0
56467_G_STG1,1,4,98.0,0.0,0.0
56467_G_STG1,1,5,98.0,0.0,0.0
56467_G_STG1,1,6,167.09,77.91,0.0
56467_G_STG1,1,7,245.0,0.0,0.0
56467_G_STG1,1,8,175.91000000000003,69.08999999999997,0.0
56467_G_STG1,1,9,98.0,0.0,0.0
56467_G_STG1,1,10,98.0,0.0,0.0
56467_G_STG1,1,11,98.0,0.0,0.0
56467_G_STG1,1,12,98.0,0.0,0.0
56467_G_STG1,1,13,98.0,0.0,0.0
56467_G_STG1,1,14,98.0,0.0,0.0
56467_G_STG1,1,15,98.0,0.0,0.0
56467_G_STG1,1,16,98.0,0.0,0.0
56467_G_STG1,1,17,175.91000000000028,69.08999999999972,0.0
56467_G_STG1,1,18,245.0,0.0,0.0
56467_G_STG1,1,19,245.0,0.0,0.0
56467_G_STG1,1,20,245.0,0.0,0.0
56467_G_STG1,1,21,245.0,0.0,0.0
56467_G_STG1,1,22,245.0,0.0,0.0
56467_G_STG1,1,23,175.91,69.09,0.0
56467_G_STG1,1,24,98.0,147.0,0.0
56467_G_STG1,1,25,98.0,0.0,0.0
56471_G_1,1,1,0.0,0.0,0.0
56471_G_1,1,2,0.0,0.0,0.0
56471_G_1,1,3,0.0,0.0,0.0
56471_G_1,1,4,0.0,0.0,0.0
56471_G_1,1,5,0.0,0.0,0.0
56471_G_1,1,6,0.0,0.0,0.0
56471_G_1,1,7,0.0,0.0,0.0
56471_G_1,1,8,0.0,0.0,0.0
56471_G_1,1,9,0.0,0.0,0.0
56471_G_1,1,10,0.0,0.0,0.0
56471_G_1,1,11,0.0,0.0,0.0
56471_G_1,1,12,0.0,0.0,0.0
56471_G_1,1,13,0.0,0.0,0.0
56471_G_1,1,14,0.0,0.0,0.0
56471_G_1,1,15,0.0,0.0,0.0
56471_G_1,1,16,0.0,0.0,0.0
56471_G_1,1,17,0.0,0.0,0.0
56471_G_1,1,18,0.0,0.0,0.0
56471_G_1,1,19,0.0,0.0,0.0
56471_G_1,1,20,0.0,0.0,0.0
56471_G_1,1,21,0.0,0.0,0.0
56471_G_1,1,22,0.0,0.0,0.0
56471_G_1,1,23,0.0,0.0,0.0
56471_G_1,1,24,0.0,0.0,0.0
56471_G_1,1,25,0.0,0.0,0.0
56476_G_A,1,1,70.8,0.0,0.0
56476_G_A,1,2,70.8,0.0,0.0
56476_G_A,1,3,70.8,0.0,0.0
56476_G_A,1,4,70.8,0.0,0.0
56476_G_A,1,5,70.8,0.0,0.0
56476_G_A,1,6,120.714,56.286,0.0
56476_G_A,1,7,177.0,0.0,0.0
56476_G_A,1,8,127.08600000000013,49.913999999999874,0.0
56476_G_A,1,9,70.8,0.0,0.0
56476_G_A,1,10,70.8,0.0,0.0
56476_G_A,1,11,70.8,0.0,0.0
56476_G_A,1,12,70.8,0.0,0.0
56476_G_A,1,13,70.8,0.0,0.0
56476_G_A,1,14,70.8,0.0,0.0
56476_G_A,1,15,70.8,0.0,0.0
56476_G_A,1,16,70.8,0.0,0.0
56476_G_A,1,17,127.08600000000024,49.91399999999976,0.0
56476_G_A,1,18,177.0,0.0,0.0
56476_G_A,1,19,177.0,0.0,0.0
56476_G_A,1,20,177.0,0.0,0.0
56476_G_A,1,21,177.0,0.0,0.0
56476_G_A,1,22,177.0,0.0,0.0
56476_G_A,1,23,127.086,49.914,0.0
56476_G_A,1,24,70.8,106.2,0.0
56476_G_A,1,25,70.8,0.0,0.0
56476_G_B,1,1,70.8,0.0,0.0
56476_G_B,1,2,70.8,0.0,0.0
56476_G_B,1,3,70.8,0.0,0.0
56476_G_B,1,4,70.8,0.0,0.0
56476_G_B,1,5,70.8,0.0,0.0
56476_G_B,1,6,120.714,56.286,0.0
56476_G_B,1,7,177.0,0.0,0.0
56476_G_B,1,8,127.086,49.914,0.0
56476_G_B,1,9,70.8,0.0,0.0
56476_G_B,1,10,70.8,0.0,0.0
56476_G_B,1,11,70.8,0.0,0.0
56476_G_B,1,12,70.8,0.0,0.0
56476_G_B,1,13,70.8,0.0,0.0
56476_G_B,1,14,70.8,0.0,0.0
56476_G_B,1,15,70.8,0.0,0.0
56476_G_B,1,16,70.8,0.0,0.0
56476_G_B,1,17,127.08600000000024,49.91399999999976,0.0
56476_G_B,1,18,177.0,0.0,0.0
56476_G_B,1,19,177.0,0.0,0.0
56476_G_B,1,20,177.0,0.0,0.0
56476_G_B,1,21,177.0,0.0,0.0
56476_G_B,1,22,177.0,0.0,0.0
56476_G_B,1,23,127.086,49.914,0.0
56476_G_B,1,24,70.8,106.2,0.0
56476_G_B,1,25,70.8,0.0,0.0
56476_G_C,1,1,83.76,0.0,0.0
56476_G_C,1,2,83.76,0.0,0.0
56476_G_C,1,3,83.76,0.0,0.0
56476_G_C,1,4,83.76,0.0,0.0
56476_G_C,1,5,83.76,0.0,0.0
56476_G_C,1,6,142.8108,66.5892,0.0
56476_G_C,1,7,209.4,0.0,0.0
56476_G_C,1,8,150.3492,59.05080000000001,0.0
56476_G_C,1,9,83.76,0.0,0.0
56476_G_C,1,10,83.76,0.0,0.0
56476_G_C,1,11,83.76,0.0,0.0
56476_G_C,1,12,83.76,0.0,0.0
56476_G_C,1,13,83.76,0.0,0.0
56476_G_C,1,14,83.76,0.0,0.0
56476_G_C,1,15,83.76,0.0,0.0
56476_G_C,1,16,83.76,0.0,0.0
56476_G_C,1,17,150.34920000000028,59.050799999999725,0.0
56476_G_C,1,18,209.4,0.0,0.0
56476_G_C,1,19,209.4,0.0,0.0
56476_G_C,1,20,209.4,0.0,0.0
56476_G_C,1,21,209.4,0.0,0.0
56476_G_C,1,22,209.4,0.0,0.0
56476_G_C,1,23,150.3492,59.05080000000001,0.0
56476_G_C,1,24,83.76,125.64,0.0
56476_G_C,1,25,83.76,0.0,0.0
56532_G_A,1,1,66.8,0.0,0.0
56532_G_A,1,2,66.8,0.0,0.0
56532_G_A,1,3,66.8,0.0,0.0
56532_G_A,1,4,66.8,0.0,0.0
56532_G_A,1,5,66.8,0.0,0.0
56532_G_A,1,6,113.894,53.105999999999995,0.0
56532_G_A,1,7,167.0,0.0,0.0
56532_G_A,1,8,119.90600000000012,47.09399999999988,0.0
56532_G_A,1,9,66.8,0.0,0.0
56532_G_A,1,10,66.8,0.0,0.0
56532_G_A,1,11,66.8,0.0,0.0
56532_G_A,1,12,66.8,0.0,0.0
56532_G_A,1,13,66.8,0.0,0.0
56532_G_A,1,14,66.8,0.0,0.0
56532_G_A,1,15,66.8,0.0,0.0
56532_G_A,1,16,66.8,0.0,0.0
56532_G_A,1,17,119.90600000000015,47.09399999999985,0.0
56532_G_A,1,18,167.0,0.0,0.0
56532_G_A,1,19,167.0,0.0,0.0
56532_G_A,1,20,167.0,0.0,0.0
56532_G_A,1,21,167.0,0.0,0.0
56532_G_A,1,22,167.0,0.0,0.0
56532_G_A,1,23,119.906,47.093999999999994,0.0
56532_G_A,1,24,66.8,100.2,0.0
56532_G_A,1,25,66.8,0.0,0.0
56532_G_B,1,1,66.8,0.0,0.0
56532_G_B,1,2,66.8,0.0,0.0
56532_G_B,1,3,66.8,0.0,0.0
56532_G_B,1,4,66.8,0.0,0.0
56532_G_B,1,5,66.8,0.0,0.0
56532_G_B,1,6,113.894,53.105999999999995,0.0
56532_G_B,1,7,167.0,0.0,0.0
56532_G_B,1,8,119.90600000000012,47.093999999999994,0.0
56532_G_B,1,9,66.8,0.0,0.0
56532_G_B,1,10,66.8,0.0,0.0
56532_G_B,1,11,66.8,0.0,0.0
56532_G_B,1,12,66.8,0.0,0.0
56532_G_B,1,13,66.8,0.0,0.0
56532_G_B,1,14,66.8,0.0,0.0
56532_G_B,1,15,66.8,0.0,0.0
56532_G_B,1,16,66.8,0.0,0.0
56532_G_B,1,17,119.90600000000015,47.09399999999985,0.0
56532_G_B,1,18,167.0,0.0,0.0
56532_G_B,1,19,167.0,0.0,0.0
56532_G_B,1,20,167.0,0.0,0.0
56532_G_B,1,21,167.0,0.0,0.0
56532_G_B,1,22,167.0,0.0,0.0
56532_G_B,1,23,119.906,47.093999999999994,0.0
56532_G_B,1,24,66.8,12.184547610622928,0.0
56532_G_B,1,25,66.8,0.0,0.0
56532_G_C,1,1,122.4,0.0,0.0
56532_G_C,1,2,122.4,0.0,0.0
56532_G_C,1,3,122.4,0.0,0.0
56532_G_C,1,4,122.4,0.0,0.0
56532_G_C,1,5,122.4,0.0,0.0
56532_G_C,1,6,208.692,97.30799999999999,0.0
56532_G_C,1,7,306.0,0.0,0.0
56532_G_C,1,8,219.7080000000001,86.29199999999989,0.0
56532_G_C,1,9,122.4,0.0,0.0
56532_G_C,1,10,122.4,0.0,0.0
56532_G_C,1,11,122.4,0.0,0.0
56532_G_C,1,12,122.4,0.0,0.0
56532_G_C,1,13,122.4,0.0,0.0
56532_G_C,1,14,122.4,0.0,0.0
56532_G_C,1,15,122.4,0.0,0.0
56532_G_C,1,16,122.4,0.0,0.0
56532_G_C,1,17,219.70800000000003,86.29199999999997,0.0
56532_G_C,1,18,306.0,0.0,0.0
56532_G_C,1,19,306.0,0.0,0.0
56532_G_C,1,20,306.0,0.0,0.0
56532_G_C,1,21,306.0,0.0,0.0
56532_G_C,1,22,306.0,0.0,0.0
56532_G_C,1,23,219.70800000000003,86.29199999999997,0.0
56532_G_C,1,24,122.4,0.0,0.0
56532_G_C,1,25,122.4,0.0,0.0
56569_G_2,1,1,0.0,0.0,0.0
56569_G_2,1,2,0.0,0.0,0.0
56569_G_2,1,3,0.0,0.0,0.0
56569_G_2,1,4,0.0,0.0,0.0
56569_G_2,1,5,0.0,0.0,0.0
56569_G_2,1,6,0.0,0.0,0.0
56569_G_2,1,7,0.0,0.0,0.0
56569_G_2,1,8,0.0,0.0,0.0
56569_G_2,1,9,0.0,0.0,0.0
56569_G_2,1,10,0.0,0.0,0.0
56569_G_2,1,11,0.0,0.0,0.0
56569_G_2,1,12,0.0,0.0,0.0
56569_G_2,1,13,0.0,0.0,0.0
56569_G_2,1,14,0.0,0.0,0.0
56569_G_2,1,15,0.0,0.0,0.0
56569_G_2,1,16,0.0,0.0,0.0
56569_G_2,1,17,0.0,0.0,0.0
56569_G_2,1,18,0.0,0.0,0.0
56569_G_2,1,19,0.0,0.0,0.0
56569_G_2,1,20,0.0,0.0,0.0
56569_G_2,1,21,0.0,0.0,0.0
56569_G_2,1,22,0.0,0.0,0.0
56569_G_2,1,23,0.0,0.0,0.0
56569_G_2,1,24,0.0,0.0,0.0
56569_G_2,1,25,0.0,0.0,0.0
56803_G_1,1,1,0.0,0.0,0.0
56803_G_1,1,2,0.0,0.0,0.0
56803_G_1,1,3,0.0,0.0,0.0
56803_G_1,1,4,0.0,0.0,0.0
56803_G_1,1,5,0.0,0.0,0.0
56803_G_1,1,6,0.0,0.0,0.0
56803_G_1,1,7,0.0,0.0,0.0
56803_G_1,1,8,0.0,0.0,0.0
56803_G_1,1,9,0.0,0.0,0.0
56803_G_1,1,10,0.0,0.0,0.0
56803_G_1,1,11,0.0,0.0,0.0
56803_G_1,1,12,0.0,0.0,0.0
56803_G_1,1,13,0.0,0.0,0.0
56803_G_1,1,14,0.0,0.0,0.0
56803_G_1,1,15,0.0,0.0,0.0
56803_G_1,1,16,0.0,0.0,0.0
56803_G_1,1,17,0.0,0.0,0.0
56803_G_1,1,18,0.0,0.0,0.0
56803_G_1,1,19,0.0,0.0,0.0
56803_G_1,1,20,0.0,0.0,0.0
56803_G_1,1,21,0.0,0.0,0.0
56803_G_1,1,22,0.0,0.0,0.0
56803_G_1,1,23,0.0,0.0,0.0
56803_G_1,1,24,0.0,0.0,0.0
56803_G_1,1,25,0.0,0.0,0.0
56803_G_2,1,1,0.0,0.0,0.0
56803_G_2,1,2,0.0,0.0,0.0
56803_G_2,1,3,0.0,0.0,0.0
56803_G_2,1,4,0.0,0.0,0.0
56803_G_2,1,5,0.0,0.0,0.0
56803_G_2,1,6,0.0,0.0,0.0
56803_G_2,1,7,0.0,0.0,0.0
56803_G_2,1,8,0.0,0.0,0.0
56803_G_2,1,9,0.0,0.0,0.0
56803_G_2,1,10,0.0,0.0,0.0
56803_G_2,1,11,0.0,0.0,0.0
56803_G_2,1,12,0.0,0.0,0.0
56803_G_2,1,13,0.0,0.0,0.0
56803_G_2,1,14,0.0,0.0,0.0
56803_G_2,1,15,0.0,0.0,0.0
56803_G_2,1,16,0.0,0.0,0.0
56803_G_2,1,17,0.0,0.0,0.0
56803_G_2,1,18,59.08642566371557,0.0,0.0
56803_G_2,1,19,0.0,0.0,0.0
56803_G_2,1,20,0.0,0.0,0.0
56803_G_2,1,21,0.0,0.0,0.0
56803_G_2,1,22,0.0,0.0,0.0
56803_G_2,1,23,0.0,0.0,0.0
56803_G_2,1,24,0.0,0.0,0.0
56803_G_2,1,25,0.0,0.0,0.0
56803_G_3,1,1,0.0,0.0,0.0
56803_G_3,1,2,0.0,0.0,0.0
56803_G_3,1,3,0.0,0.0,0.0
56803_G_3,1,4,0.0,0.0,0.0
56803_G_3,1,5,0.0,0.0,0.0
56803_G_3,1,6,0.0,0.0,0.0
56803_G_3,1,7,0.0,0.0,0.0
56803_G_3,1,8,0.0,0.0,0.0
56803_G_3,1,9,0.0,0.0,0.0
56803_G_3,1,10,0.0,0.0,0.0
56803_G_3,1,11,0.0,0.0,0.0
56803_G_3,1,12,0.0,0.0,0.0
56803_G_3,1,13,0.0,0.0,0.0
56803_G_3,1,14,0.0,0.0,0.0
56803_G_3,1,15,0.0,0.0,0.0
56803_G_3,1,16,0.0,0.0,0.0
56803_G_3,1,17,0.0,0.0,0.0
56803_G_3,1,18,0.0,0.0,0.0
56803_G_3,1,19,0.0,0.0,0.0
56803_G_3,1,20,0.0,0.0,0.0
56803_G_3,1,21,0.0,0.0,0.0
56803_G_3,1,22,0.0,0.0,0.0
56803_G_3,1,23,0.0,0.0,0.0
56803_G_3,1,24,0.0,0.0,0.0
56803_G_3,1,25,0.0,0.0,0.0
56803_G_4,1,1,0.0,0.0,0.0
56803_G_4,1,2,0.0,0.0,0.0
56803_G_4,1,3,0.0,0.0,0.0
56803_G_4,1,4,0.0,0.0,0.0
56803_G_4,1,5,0.0,0.0,0.0
56803_G_4,1,6,0.0,0.0,0.0
56803_G_4,1,7,0.0,0.0,0.0
56803_G_4,1,8,0.0,0.0,0.0
56803_G_4,1,9,0.0,0.0,0.0
56803_G_4,1,10,0.0,0.0,0.0
56803_G_4,1,11,0.0,0.0,0.0
56803_G_4,1,12,0.0,0.0,0.0
56803_G_4,1,13,0.0,0.0,0.0
56803_G_4,1,14,0.0,0.0,0.0
56803_G_4,1,15,0.0,0.0,0.0
56803_G_4,1,16,0.0,0.0,0.0
56803_G_4,1,17,0.0,0.0,0.0
56803_G_4,1,18,0.0,0.0,0.0
56803_G_4,1,19,0.0,0.0,0.0
56803_G_4,1,20,0.0,0.0,0.0
56803_G_4,1,21,0.0,0.0,0.0
56803_G_4,1,22,0.0,0.0,0.0
56803_G_4,1,23,0.0,0.0,0.0
56803_G_4,1,24,0.0,0.0,0.0
56803_G_4,1,25,0.0,0.0,0.0
56832_G_GE1,1,1,16.0,0.0,9.6
56832_G_GE1,1,2,16.0,0.0,9.6
56832_G_GE1,1,3,16.0,0.0,9.6
56832_G_GE1,1,4,16.0,0.0,9.6
56832_G_GE1,1,5,16.0,0.0,0.0
56832_G_GE1,1,6,16.0,0.0,0.0
56832_G_GE1,1,7,16.0,0.0,9.6
56832_G_GE1,1,8,16.0,0.0,0.0
56832_G_GE1,1,9,16.0,0.0,9.6
56832_G_GE1,1,10,10.527999999999999,5.472000000000001,0.0
56832_G_GE1,1,11,16.0,0.0,9.6
56832_G_GE1,1,12,16.0,0.0,9.6
56832_G_GE1,1,13,16.0,0.0,9.6
56832_G_GE1,1,14,10.528,5.4719999999999995,0.0
56832_G_GE1,1,15,6.4,9.6,0.0
56832_G_GE1,1,16,10.527999999999999,5.472000000000001,0.0
56832_G_GE1,1,17,16.0,0.0,0.0
56832_G_GE1,1,18,16.0,0.0,0.0
56832_G_GE1,1,19,16.0,0.0,0.0
56832_G_GE1,1,20,16.0,0.0,0.0
56832_G_GE1,1,21,16.0,0.0,0.0
56832_G_GE1,1,22,16.0,0.0,0.0
56832_G_GE1,1,23,16.0,0.0,0.0
56832_G_GE1,1,24,16.0,0.0,0.0
56832_G_GE1,1,25,16.0,0.0,9.6
56832_G_GE2,1,1,16.0,0.0,9.6
56832_G_GE2,1,2,16.0,0.0,9.6
56832_G_GE2,1,3,16.0,0.0,9.6
56832_G_GE2,1,4,16.0,0.0,9.6
56832_G_GE2,1,5,16.0,0.0,0.0
56832_G_GE2,1,6,16.0,0.0,0.0
56832_G_GE2,1,7,16.0,0.0,9.6
56832_G_GE2,1,8,16.0,0.0,0.0
56832_G_GE2,1,9,16.0,0.0,9.6
56832_G_GE2,1,10,10.527999999999999,5.472000000000001,0.0
56832_G_GE2,1,11,16.0,0.0,9.6
56832_G_GE2,1,12,16.0,0.0,9.6
56832_G_GE2,1,13,16.0,0.0,9.6
56832_G_GE2,1,14,10.528,5.4719999999999995,0.0
56832_G_GE2,1,15,6.4,9.6,0.0
56832_G_GE2,1,16,10.527999999999999,5.472000000000001,0.0
56832_G_GE2,1,17,16.0,0.0,0.0
56832_G_GE2,1,18,16.0,0.0,0.0
56832_G_GE2,1,19,16.0,0.0,0.0
56832_G_GE2,1,20,16.0,0.0,0.0
56832_G_GE2,1,21,16.0,0.0,0.0
56832_G_GE2,1,22,16.0,0.0,0.0
56832_G_GE2,1,23,16.0,0.0,0.0
56832_G_GE2,1,24,16.0,0.0,0.0
56832_G_GE2,1,25,16.0,0.0,9.6
56832_G_GE3,1,1,16.0,0.0,9.6
56832_G_GE3,1,2,16.0,0.0,9.6
56832_G_GE3,1,3,16.0,0.0,9.6
56832_G_GE3,1,4,16.0,0.0,9.6
56832_G_GE3,1,5,16.0,0.0,0.0
56832_G_GE3,1,6,16.0,0.0,0.0
56832_G_GE3,1,7,16.0,0.0,9.6
56832_G_GE3,1,8,16.0,0.0,0.0
56832_G_GE3,1,9,16.0,0.0,9.6
56832_G_GE3,1,10,10.527999999999999,5.472000000000001,0.0
56832_G_GE3,1,11,16.0,0.0,9.6
56832_G_GE3,1,12,16.0,0.0,9.6
56832_G_GE3,1,13,16.0,0.0,9.6
56832_G_GE3,1,14,10.528,5.4719999999999995,0.0
56832_G_GE3,1,15,6.4,9.6,0.0
56832_G_GE3,1,16,10.527999999999999,5.472000000000001,0.0
56832_G_GE3,1,17,16.0,0.0,0.0
56832_G_GE3,1,18,16.0,0.0,0.0
56832_G_GE3,1,19,16.0,0.0,0.0
56832_G_GE3,1,20,16.0,0.0,0.0
56832_G_GE3,1,21,16.0,0.0,0.0
56832_G_GE3,1,22,16.0,0.0,0.0
56832_G_GE3,1,23,16.0,0.0,0.0
56832_G_GE3,1,24,16.0,0.0,0.0
56832_G_GE3,1,25,16.0,0.0,9.6
56832_G_GE4,1,1,16.0,0.0,9.6
56832_G_GE4,1,2,16.0,0.0,9.6
56832_G_GE4,1,3,16.0,0.0,9.6
56832_G_GE4,1,4,16.0,0.0,9.6
56832_G_GE4,1,5,16.0,0.0,0.0
56832_G_GE4,1,6,16.0,0.0,0.0
56832_G_GE4,1,7,16.0,0.0,9.6
56832_G_GE4,1,8,16.0,0.0,0.0
56832_G_GE4,1,9,16.0,0.0,9.6
56832_G_GE4,1,10,10.527999999999999,5.472000000000001,0.0
56832_G_GE4,1,11,16.0,0.0,9.6
56832_G_GE4,1,12,16.0,0.0,9.6
56832_G_GE4,1,13,16.0,0.0,9.6
56832_G_GE4,1,14,10.528,5.4719999999999995,0.0
56832_G_GE4,1,15,6.4,9.6,0.0
56832_G_GE4,1,16,10.527999999999999,5.472000000000001,0.0
56832_G_GE4,1,17,16.0,0.0,0.0
56832_G_GE4,1,18,16.0,0.0,0.0
56832_G_GE4,1,19,16.0,0.0,0.0
56832_G_GE4,1,20,16.0,0.0,0.0
56832_G_GE4,1,21,16.0,0.0,0.0
56832_G_GE4,1,22,16.0,0.0,0.0
56832_G_GE4,1,23,16.0,0.0,0.0
56832_G_GE4,1,24,16.0,0.0,0.0
56832_G_GE4,1,25,16.0,0.0,9.6
57001_G_GEN1,1,1,0.0,0.0,0.0
57001_G_GEN1,1,2,0.0,0.0,0.0
57001_G_GEN1,1,3,0.0,0.0,0.0
57001_G_GEN1,1,4,0.0,0.0,0.0
57001_G_GEN1,1,5,0.0,0.0,0.0
57001_G_GEN1,1,6,0.0,0.0,0.0
57001_G_GEN1,1,7,0.0,0.0,0.0
57001_G_GEN1,1,8,0.0,0.0,0.0
57001_G_GEN1,1,9,0.0,0.0,0.0
57001_G_GEN1,1,10,0.0,0.0,0.0
57001_G_GEN1,1,11,0.0,0.0,0.0
57001_G_GEN1,1,12,0.0,0.0,0.0
57001_G_GEN1,1,13,0.0,0.0,0.0
57001_G_GEN1,1,14,0.0,0.0,0.0
57001_G_GEN1,1,15,0.0,0.0,0.0
57001_G_GEN1,1,16,0.0,0.0,0.0
57001_G_GEN1,1,17,0.0,0.0,0.0
57001_G_GEN1,1,18,0.0,0.0,0.0
57001_G_GEN1,1,19,0.0,0.0,0.0
57001_G_GEN1,1,20,0.0,0.0,0.0
57001_G_GEN1,1,21,0.0,0.0,0.0
57001_G_GEN1,1,22,0.0,0.0,0.0
57001_G_GEN1,1,23,0.0,0.0,0.0
57001_G_GEN1,1,24,0.0,0.0,0.0
57001_G_GEN1,1,25,0.0,0.0,0.0
57122_G_CTG1,1,1,5.4,0.0,0.0
57122_G_CTG1,1,2,5.4,0.0,0.0
57122_G_CTG1,1,3,5.4,0.0,0.0
57122_G_CTG1,1,4,5.4,0.0,0.0
57122_G_CTG1,1,5,5.4,0.0,0.0
57122_G_CTG1,1,6,5.4,0.0,0.0
57122_G_CTG1,1,7,5.4,0.0,0.0
57122_G_CTG1,1,8,13.5,0.0,0.0
57122_G_CTG1,1,9,0.0,0.0,0.0
57122_G_CTG1,1,10,0.0,0.0,0.0
57122_G_CTG1,1,11,0.0,0.0,0.0
57122_G_CTG1,1,12,0.0,0.0,0.0
57122_G_CTG1,1,13,0.0,0.0,0.0
57122_G_CTG1,1,14,0.0,0.0,0.0
57122_G_CTG1,1,15,0.0,0.0,0.0
57122_G_CTG1,1,16,0.0,0.0,0.0
57122_G_CTG1,1,17,0.0,0.0,0.0
57122_G_CTG1,1,18,5.4,8.1,0.0
57122_G_CTG1,1,19,5.4,8.1,0.0
57122_G_CTG1,1,20,5.4,8.1,0.0
57122_G_CTG1,1,21,0.0,0.0,0.0
57122_G_CTG1,1,22,0.0,0.0,0.0
57122_G_CTG1,1,23,0.0,0.0,0.0
57122_G_CTG1,1,24,0.0,0.0,0.0
57122_G_CTG1,1,25,0.0,0.0,0.0
57122_G_STG1,1,1,2.2,0.0,0.0
57122_G_STG1,1,2,2.2,0.0,0.0
57122_G_STG1,1,3,2.2,0.0,0.0
57122_G_STG1,1,4,2.2,0.0,0.0
57122_G_STG1,1,5,2.2,0.0,0.0
57122_G_STG1,1,6,2.2,0.0,0.0
57122_G_STG1,1,7,2.2,0.0,0.0
57122_G_STG1,1,8,5.5,0.0,0.0
57122_G_STG1,1,9,0.0,0.0,0.0
57122_G_STG1,1,10,0.0,0.0,0.0
57122_G_STG1,1,11,0.0,0.0,0.0
57122_G_STG1,1,12,0.0,0.0,0.0
57122_G_STG1,1,13,0.0,0.0,0.0
57122_G_STG1,1,14,0.0,0.0,0.0
57122_G_STG1,1,15,0.0,0.0,0.0
57122_G_STG1,1,16,0.0,0.0,0.0
57122_G_STG1,1,17,0.0,0.0,0.0
57122_G_STG1,1,18,2.2,3.3,0.0
57122_G_STG1,1,19,2.2,3.3,0.0
57122_G_STG1,1,20,2.2,3.3,0.0
57122_G_STG1,1,21,0.0,0.0,0.0
57122_G_STG1,1,22,0.0,0.0,0.0
57122_G_STG1,1,23,0.0,0.0,0.0
57122_G_STG1,1,24,0.0,0.0,0.0
57122_G_STG1,1,25,0.0,0.0,0.0
57267_G_1,1,1,0.0,0.0,0.0
57267_G_1,1,2,0.0,0.0,0.0
57267_G_1,1,3,0.0,0.0,0.0
57267_G_1,1,4,0.0,0.0,0.0
57267_G_1,1,5,0.0,0.0,0.0
57267_G_1,1,6,0.0,0.0,0.0
57267_G_1,1,7,0.0,0.0,0.0
57267_G_1,1,8,0.0,0.0,0.0
57267_G_1,1,9,0.0,0.0,0.0
57267_G_1,1,10,0.0,0.0,0.0
57267_G_1,1,11,0.0,0.0,0.0
57267_G_1,1,12,0.0,0.0,0.0
57267_G_1,1,13,0.0,0.0,0.0
57267_G_1,1,14,0.0,0.0,0.0
57267_G_1,1,15,0.0,0.0,0.0
57267_G_1,1,16,0.0,0.0,0.0
57267_G_1,1,17,0.0,0.0,0.0
57267_G_1,1,18,0.0,0.0,0.0
57267_G_1,1,19,0.0,0.0,0.0
57267_G_1,1,20,0.0,0.0,0.0
57267_G_1,1,21,0.0,0.0,0.0
57267_G_1,1,22,0.0,0.0,0.0
57267_G_1,1,23,0.0,0.0,0.0
57267_G_1,1,24,0.0,0.0,0.0
57267_G_1,1,25,0.0,0.0,0.0
57267_G_2,1,1,0.0,0.0,0.0
57267_G_2,1,2,0.0,0.0,0.0
57267_G_2,1,3,0.0,0.0,0.0
57267_G_2,1,4,0.0,0.0,0.0
57267_G_2,1,5,0.0,0.0,0.0
57267_G_2,1,6,0.0,0.0,0.0
57267_G_2,1,7,0.0,0.0,0.0
57267_G_2,1,8,0.0,0.0,0.0
57267_G_2,1,9,0.0,0.0,0.0
57267_G_2,1,10,0.0,0.0,0.0
57267_G_2,1,11,0.0,0.0,0.0
57267_G_2,1,12,0.0,0.0,0.0
57267_G_2,1,13,0.0,0.0,0.0
57267_G_2,1,14,0.0,0.0,0.0
57267_G_2,1,15,0.0,0.0,0.0
57267_G_2,1,16,0.0,0.0,0.0
57267_G_2,1,17,0.0,0.0,0.0
57267_G_2,1,18,0.0,0.0,0.0
57267_G_2,1,19,0.0,0.0,0.0
57267_G_2,1,20,0.0,0.0,0.0
57267_G_2,1,21,0.0,0.0,0.0
57267_G_2,1,22,0.0,0.0,0.0
57267_G_2,1,23,0.0,0.0,0.0
57267_G_2,1,24,0.0,0.0,0.0
57267_G_2,1,25,0.0,0.0,0.0
57267_G_3,1,1,0.0,0.0,0.0
57267_G_3,1,2,0.0,0.0,0.0
57267_G_3,1,3,0.0,0.0,0.0
57267_G_3,1,4,0.0,0.0,0.0
57267_G_3,1,5,0.0,0.0,0.0
57267_G_3,1,6,0.0,0.0,0.0
57267_G_3,1,7,0.0,0.0,0.0
57267_G_3,1,8,0.0,0.0,0.0
57267_G_3,1,9,0.0,0.0,0.0
57267_G_3,1,10,0.0,0.0,0.0
57267_G_3,1,11,0.0,0.0,0.0
57267_G_3,1,12,0.0,0.0,0.0
57267_G_3,1,13,0.0,0.0,0.0
57267_G_3,1,14,0.0,0.0,0.0
57267_G_3,1,15,0.0,0.0,0.0
57267_G_3,1,16,0.0,0.0,0.0
57267_G_3,1,17,0.0,0.0,0.0
57267_G_3,1,18,0.0,0.0,0.0
57267_G_3,1,19,0.0,0.0,0.0
57267_G_3,1,20,0.0,0.0,0.0
57267_G_3,1,21,0.0,0.0,0.0
57267_G_3,1,22,0.0,0.0,0.0
57267_G_3,1,23,0.0,0.0,0.0
57267_G_3,1,24,0.0,0.0,0.0
57267_G_3,1,25,0.0,0.0,0.0
57267_G_4,1,1,0.0,0.0,0.0
57267_G_4,1,2,0.0,0.0,0.0
57267_G_4,1,3,0.0,0.0,0.0
57267_G_4,1,4,0.0,0.0,0.0
57267_G_4,1,5,0.0,0.0,0.0
57267_G_4,1,6,0.0,0.0,0.0
57267_G_4,1,7,0.0,0.0,0.0
57267_G_4,1,8,0.0,0.0,0.0
57267_G_4,1,9,0.0,0.0,0.0
57267_G_4,1,10,0.0,0.0,0.0
57267_G_4,1,11,0.0,0.0,0.0
57267_G_4,1,12,0.0,0.0,0.0
57267_G_4,1,13,0.0,0.0,0.0
57267_G_4,1,14,0.0,0.0,0.0
57267_G_4,1,15,0.0,0.0,0.0
57267_G_4,1,16,0.0,0.0,0.0
57267_G_4,1,17,0.0,0.0,0.0
57267_G_4,1,18,0.0,0.0,0.0
57267_G_4,1,19,0.0,0.0,0.0
57267_G_4,1,20,0.0,0.0,0.0
57267_G_4,1,21,0.0,0.0,0.0
57267_G_4,1,22,0.0,0.0,0.0
57267_G_4,1,23,0.0,0.0,0.0
57267_G_4,1,24,0.0,0.0,0.0
57267_G_4,1,25,0.0,0.0,0.0
57475_G_HRP1,1,1,49.9,0.0,29.939999999999998
57475_G_HRP1,1,2,49.9,0.0,29.939999999999998
57475_G_HRP1,1,3,49.9,0.0,29.939999999999998
57475_G_HRP1,1,4,49.9,0.0,29.939999999999998
57475_G_HRP1,1,5,49.9,0.0,0.0
57475_G_HRP1,1,6,49.9,0.0,0.0
57475_G_HRP1,1,7,49.9,0.0,29.939999999999998
57475_G_HRP1,1,8,49.9,0.0,0.0
57475_G_HRP1,1,9,49.9,0.0,29.939999999999998
57475_G_HRP1,1,10,32.834199999999996,17.065800000000003,0.0
57475_G_HRP1,1,11,49.9,0.0,29.939999999999998
57475_G_HRP1,1,12,49.9,0.0,29.939999999999998
57475_G_HRP1,1,13,49.9,0.0,29.939999999999998
57475_G_HRP1,1,14,32.834199999999996,17.065800000000003,0.0
57475_G_HRP1,1,15,19.96,29.939999999999998,0.0
57475_G_HRP1,1,16,32.834199999999996,17.065800000000003,0.0
57475_G_HRP1,1,17,49.9,0.0,0.0
57475_G_HRP1,1,18,49.9,0.0,0.0
57475_G_HRP1,1,19,49.9,0.0,0.0
57475_G_HRP1,1,20,49.9,0.0,0.0
57475_G_HRP1,1,21,49.9,0.0,0.0
57475_G_HRP1,1,22,49.9,0.0,0.0
57475_G_HRP1,1,23,49.9,0.0,0.0
57475_G_HRP1,1,24,49.9,0.0,0.0
57475_G_HRP1,1,25,49.9,0.0,29.939999999999998
57482_G_CTG1,1,1,0.0,0.0,0.0
57482_G_CTG1,1,2,0.0,0.0,0.0
57482_G_CTG1,1,3,0.0,0.0,0.0
57482_G_CTG1,1,4,0.0,0.0,0.0
57482_G_CTG1,1,5,0.0,0.0,0.0
57482_G_CTG1,1,6,0.0,0.0,0.0
57482_G_CTG1,1,7,0.0,0.0,0.0
57482_G_CTG1,1,8,0.0,0.0,0.0
57482_G_CTG1,1,9,0.0,0.0,0.0
57482_G_CTG1,1,10,0.0,0.0,0.0
57482_G_CTG1,1,11,0.0,0.0,0.0
57482_G_CTG1,1,12,0.0,0.0,0.0
57482_G_CTG1,1,13,0.0,0.0,0.0
57482_G_CTG1,1,14,0.0,0.0,0.0
57482_G_CTG1,1,15,0.0,0.0,0.0
57482_G_CTG1,1,16,0.0,0.0,0.0
57482_G_CTG1,1,17,0.0,0.0,0.0
57482_G_CTG1,1,18,0.0,0.0,0.0
57482_G_CTG1,1,19,0.0,0.0,0.0
57482_G_CTG1,1,20,0.0,0.0,0.0
57482_G_CTG1,1,21,0.0,0.0,0.0
57482_G_CTG1,1,22,0.0,0.0,0.0
57482_G_CTG1,1,23,0.0,0.0,0.0
57482_G_CTG1,1,24,0.0,0.0,0.0
57482_G_CTG1,1,25,0.0,0.0,0.0
57482_G_CTG2,1,1,0.0,0.0,0.0
57482_G_CTG2,1,2,0.0,0.0,0.0
57482_G_CTG2,1,3,0.0,0.0,0.0
57482_G_CTG2,1,4,0.0,0.0,0.0
57482_G_CTG2,1,5,0.0,0.0,0.0
57482_G_CTG2,1,6,0.0,0.0,0.0
57482_G_CTG2,1,7,0.0,0.0,0.0
57482_G_CTG2,1,8,0.0,0.0,0.0
57482_G_CTG2,1,9,0.0,0.0,0.0
57482_G_CTG2,1,10,0.0,0.0,0.0
57482_G_CTG2,1,11,0.0,0.0,0.0
57482_G_CTG2,1,12,0.0,0.0,0.0
57482_G_CTG2,1,13,0.0,0.0,0.0
57482_G_CTG2,1,14,0.0,0.0,0.0
57482_G_CTG2,1,15,0.0,0.0,0.0
57482_G_CTG2,1,16,0.0,0.0,0.0
57482_G_CTG2,1,17,0.0,0.0,0.0
57482_G_CTG2,1,18,0.0,0.0,0.0
57482_G_CTG2,1,19,0.0,0.0,0.0
57482_G_CTG2,1,20,0.0,0.0,0.0
57482_G_CTG2,1,21,0.0,0.0,0.0
57482_G_CTG2,1,22,0.0,0.0,0.0
57482_G_CTG2,1,23,0.0,0.0,0.0
57482_G_CTG2,1,24,0.0,0.0,0.0
57482_G_CTG2,1,25,0.0,0.0,0.0
57482_G_CTG3,1,1,0.0,0.0,0.0
57482_G_CTG3,1,2,0.0,0.0,0.0
57482_G_CTG3,1,3,0.0,0.0,0.0
57482_G_CTG3,1,4,0.0,0.0,0.0
57482_G_CTG3,1,5,0.0,0.0,0.0
57482_G_CTG3,1,6,0.0,0.0,0.0
57482_G_CTG3,1,7,0.0,0.0,0.0
57482_G_CTG3,1,8,0.0,0.0,0.0
57482_G_CTG3,1,9,0.0,0.0,0.0
57482_G_CTG3,1,10,0.0,0.0,0.0
57482_G_CTG3,1,11,0.0,0.0,0.0
57482_G_CTG3,1,12,0.0,0.0,0.0
57482_G_CTG3,1,13,0.0,0.0,0.0
57482_G_CTG3,1,14,0.0,0.0,0.0
57482_G_CTG3,1,15,0.0,0.0,0.0
57482_G_CTG3,1,16,0.0,0.0,0.0
57482_G_CTG3,1,17,0.0,0.0,0.0
57482_G_CTG3,1,18,0.0,0.0,0.0
57482_G_CTG3,1,19,0.0,0.0,0.0
57482_G_CTG3,1,20,0.0,0.0,0.0
57482_G_CTG3,1,21,0.0,0.0,0.0
57482_G_CTG3,1,22,0.0,0.0,0.0
57482_G_CTG3,1,23,0.0,0.0,0.0
57482_G_CTG3,1,24,0.0,0.0,0.0
57482_G_CTG3,1,25,0.0,0.0,0.0
57482_G_CTG4,1,1,0.0,0.0,0.0
57482_G_CTG4,1,2,0.0,0.0,0.0
57482_G_CTG4,1,3,0.0,0.0,0.0
57482_G_CTG4,1,4,0.0,0.0,0.0
57482_G_CTG4,1,5,0.0,0.0,0.0
57482_G_CTG4,1,6,0.0,0.0,0.0
57482_G_CTG4,1,7,0.0,0.0,0.0
57482_G_CTG4,1,8,0.0,0.0,0.0
57482_G_CTG4,1,9,0.0,0.0,0.0
57482_G_CTG4,1,10,0.0,0.0,0.0
57482_G_CTG4,1,11,0.0,0.0,0.0
57482_G_CTG4,1,12,0.0,0.0,0.0
57482_G_CTG4,1,13,0.0,0.0,0.0
57482_G_CTG4,1,14,0.0,0.0,0.0
57482_G_CTG4,1,15,0.0,0.0,0.0
57482_G_CTG4,1,16,0.0,0.0,0.0
57482_G_CTG4,1,17,0.0,0.0,0.0
57482_G_CTG4,1,18,0.0,0.0,0.0
57482_G_CTG4,1,19,0.0,0.0,0.0
57482_G_CTG4,1,20,0.0,0.0,0.0
57482_G_CTG4,1,21,0.0,0.0,0.0
57482_G_CTG4,1,22,0.0,0.0,0.0
57482_G_CTG4,1,23,0.0,0.0,0.0
57482_G_CTG4,1,24,0.0,0.0,0.0
57482_G_CTG4,1,25,0.0,0.0,0.0
57482_G_CTG5,1,1,0.0,0.0,0.0
57482_G_CTG5,1,2,0.0,0.0,0.0
57482_G_CTG5,1,3,0.0,0.0,0.0
57482_G_CTG5,1,4,0.0,0.0,0.0
57482_G_CTG5,1,5,0.0,0.0,0.0
57482_G_CTG5,1,6,0.0,0.0,0.0
57482_G_CTG5,1,7,0.0,0.0,0.0
57482_G_CTG5,1,8,0.0,0.0,0.0
57482_G_CTG5,1,9,0.0,0.0,0.0
57482_G_CTG5,1,10,0.0,0.0,0.0
57482_G_CTG5,1,11,0.0,0.0,0.0
57482_G_CTG5,1,12,0.0,0.0,0.0
57482_G_CTG5,1,13,0.0,0.0,0.0
57482_G_CTG5,1,14,0.0,0.0,0.0
57482_G_CTG5,1,15,0.0,0.0,0.0
57482_G_CTG5,1,16,0.0,0.0,0.0
57482_G_CTG5,1,17,0.0,0.0,0.0
57482_G_CTG5,1,18,0.0,0.0,0.0
57482_G_CTG5,1,19,0.0,0.0,0.0
57482_G_CTG5,1,20,0.0,0.0,0.0
57482_G_CTG5,1,21,0.0,0.0,0.0
57482_G_CTG5,1,22,0.0,0.0,0.0
57482_G_CTG5,1,23,0.0,0.0,0.0
57482_G_CTG5,1,24,0.0,0.0,0.0
57482_G_CTG5,1,25,0.0,0.0,0.0
57482_G_CTG6,1,1,0.0,0.0,0.0
57482_G_CTG6,1,2,0.0,0.0,0.0
57482_G_CTG6,1,3,0.0,0.0,0.0
57482_G_CTG6,1,4,0.0,0.0,0.0
57482_G_CTG6,1,5,0.0,0.0,0.0
57482_G_CTG6,1,6,0.0,0.0,0.0
57482_G_CTG6,1,7,0.0,0.0,0.0
57482_G_CTG6,1,8,0.0,0.0,0.0
57482_G_CTG6,1,9,0.0,0.0,0.0
57482_G_CTG6,1,10,0.0,0.0,0.0
57482_G_CTG6,1,11,0.0,0.0,0.0
57482_G_CTG6,1,12,0.0,0.0,0.0
57482_G_CTG6,1,13,0.0,0.0,0.0
57482_G_CTG6,1,14,0.0,0.0,0.0
57482_G_CTG6,1,15,0.0,0.0,0.0
57482_G_CTG6,1,16,0.0,0.0,0.0
57482_G_CTG6,1,17,0.0,0.0,0.0
57482_G_CTG6,1,18,0.0,0.0,0.0
57482_G_CTG6,1,19,0.0,0.0,0.0
57482_G_CTG6,1,20,0.0,0.0,0.0
57482_G_CTG6,1,21,0.0,0.0,0.0
57482_G_CTG6,1,22,0.0,0.0,0.0
57482_G_CTG6,1,23,0.0,0.0,0.0
57482_G_CTG6,1,24,0.0,0.0,0.0
57482_G_CTG6,1,25,0.0,0.0,0.0
57482_G_CTG7,1,1,0.0,0.0,0.0
57482_G_CTG7,1,2,0.0,0.0,0.0
57482_G_CTG7,1,3,0.0,0.0,0.0
57482_G_CTG7,1,4,0.0,0.0,0.0
57482_G_CTG7,1,5,0.0,0.0,0.0
57482_G_CTG7,1,6,0.0,0.0,0.0
57482_G_CTG7,1,7,0.0,0.0,0.0
57482_G_CTG7,1,8,0.0,0.0,0.0
57482_G_CTG7,1,9,0.0,0.0,0.0
57482_G_CTG7,1,10,0.0,0.0,0.0
57482_G_CTG7,1,11,0.0,0.0,0.0
57482_G_CTG7,1,12,0.0,0.0,0.0
57482_G_CTG7,1,13,0.0,0.0,0.0
57482_G_CTG7,1,14,0.0,0.0,0.0
57482_G_CTG7,1,15,0.0,0.0,0.0
57482_G_CTG7,1,16,0.0,0.0,0.0
57482_G_CTG7,1,17,0.0,0.0,0.0
57482_G_CTG7,1,18,0.0,0.0,0.0
57482_G_CTG7,1,19,0.0,0.0,0.0
57482_G_CTG7,1,20,0.0,0.0,0.0
57482_G_CTG7,1,21,0.0,0.0,0.0
57482_G_CTG7,1,22,0.0,0.0,0.0
57482_G_CTG7,1,23,0.0,0.0,0.0
57482_G_CTG7,1,24,0.0,0.0,0.0
57482_G_CTG7,1,25,0.0,0.0,0.0
57482_G_CTG8,1,1,0.0,0.0,0.0
57482_G_CTG8,1,2,0.0,0.0,0.0
57482_G_CTG8,1,3,0.0,0.0,0.0
57482_G_CTG8,1,4,0.0,0.0,0.0
57482_G_CTG8,1,5,0.0,0.0,0.0
57482_G_CTG8,1,6,0.0,0.0,0.0
57482_G_CTG8,1,7,0.0,0.0,0.0
57482_G_CTG8,1,8,0.0,0.0,0.0
57482_G_CTG8,1,9,0.0,0.0,0.0
57482_G_CTG8,1,10,0.0,0.0,0.0
57482_G_CTG8,1,11,0.0,0.0,0.0
57482_G_CTG8,1,12,0.0,0.0,0.0
57482_G_CTG8,1,13,0.0,0.0,0.0
57482_G_CTG8,1,14,0.0,0.0,0.0
57482_G_CTG8,1,15,0.0,0.0,0.0
57482_G_CTG8,1,16,0.0,0.0,0.0
57482_G_CTG8,1,17,0.0,0.0,0.0
57482_G_CTG8,1,18,0.0,0.0,0.0
57482_G_CTG8,1,19,0.0,0.0,0.0
57482_G_CTG8,1,20,0.0,0.0,0.0
57482_G_CTG8,1,21,0.0,0.0,0.0
57482_G_CTG8,1,22,0.0,0.0,0.0
57482_G_CTG8,1,23,0.0,0.0,0.0
57482_G_CTG8,1,24,0.0,0.0,0.0
57482_G_CTG8,1,25,0.0,0.0,0.0
57483_G_CTG2,1,1,0.0,0.0,0.0
57483_G_CTG2,1,2,0.0,0.0,0.0
57483_G_CTG2,1,3,0.0,0.0,0.0
57483_G_CTG2,1,4,0.0,0.0,0.0
57483_G_CTG2,1,5,0.0,0.0,0.0
57483_G_CTG2,1,6,0.0,0.0,0.0
57483_G_CTG2,1,7,0.0,0.0,0.0
57483_G_CTG2,1,8,0.0,0.0,0.0
57483_G_CTG2,1,9,0.0,0.0,0.0
57483_G_CTG2,1,10,0.0,0.0,0.0
57483_G_CTG2,1,11,0.0,0.0,0.0
57483_G_CTG2,1,12,0.0,0.0,0.0
57483_G_CTG2,1,13,0.0,0.0,0.0
57483_G_CTG2,1,14,0.0,0.0,0.0
57483_G_CTG2,1,15,0.0,0.0,0.0
57483_G_CTG2,1,16,0.0,0.0,0.0
57483_G_CTG2,1,17,0.0,0.0,0.0
57483_G_CTG2,1,18,0.0,0.0,0.0
57483_G_CTG2,1,19,0.0,0.0,0.0
57483_G_CTG2,1,20,0.0,0.0,0.0
57483_G_CTG2,1,21,0.0,0.0,0.0
57483_G_CTG2,1,22,0.0,0.0,0.0
57483_G_CTG2,1,23,0.0,0.0,0.0
57483_G_CTG2,1,24,0.0,0.0,0.0
57483_G_CTG2,1,25,0.0,0.0,0.0
57515_G_GT1,1,1,0.0,0.0,0.0
57515_G_GT1,1,2,0.0,0.0,0.0
57515_G_GT1,1,3,0.0,0.0,0.0
57515_G_GT1,1,4,0.0,0.0,0.0
57515_G_GT1,1,5,0.0,0.0,0.0
57515_G_GT1,1,6,0.0,0.0,0.0
57515_G_GT1,1,7,0.0,0.0,0.0
57515_G_GT1,1,8,0.0,0.0,0.0
57515_G_GT1,1,9,0.0,0.0,0.0
57515_G_GT1,1,10,0.0,0.0,0.0
57515_G_GT1,1,11,0.0,0.0,0.0
57515_G_GT1,1,12,0.0,0.0,0.0
57515_G_GT1,1,13,0.0,0.0,0.0
57515_G_GT1,1,14,0.0,0.0,0.0
57515_G_GT1,1,15,0.0,0.0,0.0
57515_G_GT1,1,16,0.0,0.0,0.0
57515_G_GT1,1,17,0.0,0.0,0.0
57515_G_GT1,1,18,0.0,0.0,0.0
57515_G_GT1,1,19,0.0,0.0,0.0
57515_G_GT1,1,20,0.0,0.0,0.0
57515_G_GT1,1,21,0.0,0.0,0.0
57515_G_GT1,1,22,0.0,0.0,0.0
57515_G_GT1,1,23,0.0,0.0,0.0
57515_G_GT1,1,24,0.0,0.0,0.0
57515_G_GT1,1,25,0.0,0.0,0.0
57515_G_GT2,1,1,0.0,0.0,0.0
57515_G_GT2,1,2,0.0,0.0,0.0
57515_G_GT2,1,3,0.0,0.0,0.0
57515_G_GT2,1,4,0.0,0.0,0.0
57515_G_GT2,1,5,0.0,0.0,0.0
57515_G_GT2,1,6,0.0,0.0,0.0
57515_G_GT2,1,7,0.0,0.0,0.0
57515_G_GT2,1,8,0.0,0.0,0.0
57515_G_GT2,1,9,0.0,0.0,0.0
57515_G_GT2,1,10,0.0,0.0,0.0
57515_G_GT2,1,11,0.0,0.0,0.0
57515_G_GT2,1,12,0.0,0.0,0.0
57515_G_GT2,1,13,0.0,0.0,0.0
57515_G_GT2,1,14,0.0,0.0,0.0
57515_G_GT2,1,15,0.0,0.0,0.0
57515_G_GT2,1,16,0.0,0.0,0.0
57515_G_GT2,1,17,0.0,0.0,0.0
57515_G_GT2,1,18,0.0,0.0,0.0
57515_G_GT2,1,19,0.0,0.0,0.0
57515_G_GT2,1,20,0.0,0.0,0.0
57515_G_GT2,1,21,0.0,0.0,0.0
57515_G_GT2,1,22,0.0,0.0,0.0
57515_G_GT2,1,23,0.0,0.0,0.0
57515_G_GT2,1,24,0.0,0.0,0.0
57515_G_GT2,1,25,0.0,0.0,0.0
57515_G_GT3,1,1,0.0,0.0,0.0
57515_G_GT3,1,2,0.0,0.0,0.0
57515_G_GT3,1,3,0.0,0.0,0.0
57515_G_GT3,1,4,0.0,0.0,0.0
57515_G_GT3,1,5,0.0,0.0,0.0
57515_G_GT3,1,6,0.0,0.0,0.0
57515_G_GT3,1,7,0.0,0.0,0.0
57515_G_GT3,1,8,0.0,0.0,0.0
57515_G_GT3,1,9,0.0,0.0,0.0
57515_G_GT3,1,10,0.0,0.0,0.0
57515_G_GT3,1,11,0.0,0.0,0.0
57515_G_GT3,1,12,0.0,0.0,0.0
57515_G_GT3,1,13,0.0,0.0,0.0
57515_G_GT3,1,14,0.0,0.0,0.0
57515_G_GT3,1,15,0.0,0.0,0.0
57515_G_GT3,1,16,0.0,0.0,0.0
57515_G_GT3,1,17,0.0,0.0,0.0
57515_G_GT3,1,18,0.0,0.0,0.0
57515_G_GT3,1,19,0.0,0.0,0.0
57515_G_GT3,1,20,0.0,0.0,0.0
57515_G_GT3,1,21,0.0,0.0,0.0
57515_G_GT3,1,22,0.0,0.0,0.0
57515_G_GT3,1,23,0.0,0.0,0.0
57515_G_GT3,1,24,0.0,0.0,0.0
57515_G_GT3,1,25,0.0,0.0,0.0
57515_G_GT4,1,1,0.0,0.0,0.0
57515_G_GT4,1,2,0.0,0.0,0.0
57515_G_GT4,1,3,0.0,0.0,0.0
57515_G_GT4,1,4,0.0,0.0,0.0
57515_G_GT4,1,5,0.0,0.0,0.0
57515_G_GT4,1,6,0.0,0.0,0.0
57515_G_GT4,1,7,0.0,0.0,0.0
57515_G_GT4,1,8,0.0,0.0,0.0
57515_G_GT4,1,9,0.0,0.0,0.0
57515_G_GT4,1,10,0.0,0.0,0.0
57515_G_GT4,1,11,0.0,0.0,0.0
57515_G_GT4,1,12,0.0,0.0,0.0
57515_G_GT4,1,13,0.0,0.0,0.0
57515_G_GT4,1,14,0.0,0.0,0.0
57515_G_GT4,1,15,0.0,0.0,0.0
57515_G_GT4,1,16,0.0,0.0,0.0
57515_G_GT4,1,17,0.0,0.0,0.0
57515_G_GT4,1,18,0.0,0.0,0.0
57515_G_GT4,1,19,0.0,0.0,0.0
57515_G_GT4,1,20,0.0,0.0,0.0
57515_G_GT4,1,21,0.0,0.0,0.0
57515_G_GT4,1,22,0.0,0.0,0.0
57515_G_GT4,1,23,0.0,0.0,0.0
57515_G_GT4,1,24,0.0,0.0,0.0
57515_G_GT4,1,25,0.0,0.0,0.0
57515_G_GT5,1,1,0.0,0.0,0.0
57515_G_GT5,1,2,0.0,0.0,0.0
57515_G_GT5,1,3,0.0,0.0,0.0
57515_G_GT5,1,4,0.0,0.0,0.0
57515_G_GT5,1,5,0.0,0.0,0.0
57515_G_GT5,1,6,0.0,0.0,0.0
57515_G_GT5,1,7,0.0,0.0,0.0
57515_G_GT5,1,8,0.0,0.0,0.0
57515_G_GT5,1,9,0.0,0.0,0.0
57515_G_GT5,1,10,0.0,0.0,0.0
57515_G_GT5,1,11,0.0,0.0,0.0
57515_G_GT5,1,12,0.0,0.0,0.0
57515_G_GT5,1,13,0.0,0.0,0.0
57515_G_GT5,1,14,0.0,0.0,0.0
57515_G_GT5,1,15,0.0,0.0,0.0
57515_G_GT5,1,16,0.0,0.0,0.0
57515_G_GT5,1,17,0.0,0.0,0.0
57515_G_GT5,1,18,0.0,0.0,0.0
57515_G_GT5,1,19,0.0,0.0,0.0
57515_G_GT5,1,20,0.0,0.0,0.0
57515_G_GT5,1,21,0.0,0.0,0.0
57515_G_GT5,1,22,0.0,0.0,0.0
57515_G_GT5,1,23,0.0,0.0,0.0
57515_G_GT5,1,24,0.0,0.0,0.0
57515_G_GT5,1,25,0.0,0.0,0.0
57555_G_CTG1,1,1,0.0,0.0,0.0
57555_G_CTG1,1,2,0.0,0.0,0.0
57555_G_CTG1,1,3,0.0,0.0,0.0
57555_G_CTG1,1,4,0.0,0.0,0.0
57555_G_CTG1,1,5,0.0,0.0,0.0
57555_G_CTG1,1,6,0.0,0.0,0.0
57555_G_CTG1,1,7,0.0,0.0,0.0
57555_G_CTG1,1,8,0.0,0.0,0.0
57555_G_CTG1,1,9,0.0,0.0,0.0
57555_G_CTG1,1,10,0.0,0.0,0.0
57555_G_CTG1,1,11,0.0,0.0,0.0
57555_G_CTG1,1,12,0.0,0.0,0.0
57555_G_CTG1,1,13,0.0,0.0,0.0
57555_G_CTG1,1,14,0.0,0.0,0.0
57555_G_CTG1,1,15,0.0,0.0,0.0
57555_G_CTG1,1,16,0.0,0.0,0.0
57555_G_CTG1,1,17,0.0,0.0,0.0
57555_G_CTG1,1,18,0.0,0.0,0.0
57555_G_CTG1,1,19,0.0,0.0,0.0
57555_G_CTG1,1,20,0.0,0.0,0.0
57555_G_CTG1,1,21,0.0,0.0,0.0
57555_G_CTG1,1,22,0.0,0.0,0.0
57555_G_CTG1,1,23,0.0,0.0,0.0
57555_G_CTG1,1,24,0.0,0.0,0.0
57555_G_CTG1,1,25,0.0,0.0,0.0
57555_G_CTG2,1,1,0.0,0.0,0.0
57555_G_CTG2,1,2,0.0,0.0,0.0
57555_G_CTG2,1,3,0.0,0.0,0.0
57555_G_CTG2,1,4,0.0,0.0,0.0
57555_G_CTG2,1,5,0.0,0.0,0.0
57555_G_CTG2,1,6,0.0,0.0,0.0
57555_G_CTG2,1,7,0.0,0.0,0.0
57555_G_CTG2,1,8,0.0,0.0,0.0
57555_G_CTG2,1,9,0.0,0.0,0.0
57555_G_CTG2,1,10,0.0,0.0,0.0
57555_G_CTG2,1,11,0.0,0.0,0.0
57555_G_CTG2,1,12,0.0,0.0,0.0
57555_G_CTG2,1,13,0.0,0.0,0.0
57555_G_CTG2,1,14,0.0,0.0,0.0
57555_G_CTG2,1,15,0.0,0.0,0.0
57555_G_CTG2,1,16,0.0,0.0,0.0
57555_G_CTG2,1,17,0.0,0.0,0.0
57555_G_CTG2,1,18,0.0,0.0,0.0
57555_G_CTG2,1,19,0.0,0.0,0.0
57555_G_CTG2,1,20,0.0,0.0,0.0
57555_G_CTG2,1,21,0.0,0.0,0.0
57555_G_CTG2,1,22,0.0,0.0,0.0
57555_G_CTG2,1,23,0.0,0.0,0.0
57555_G_CTG2,1,24,0.0,0.0,0.0
57555_G_CTG2,1,25,0.0,0.0,0.0
57555_G_CTG3,1,1,0.0,0.0,0.0
57555_G_CTG3,1,2,0.0,0.0,0.0
57555_G_CTG3,1,3,0.0,0.0,0.0
57555_G_CTG3,1,4,0.0,0.0,0.0
57555_G_CTG3,1,5,0.0,0.0,0.0
57555_G_CTG3,1,6,0.0,0.0,0.0
57555_G_CTG3,1,7,0.0,0.0,0.0
57555_G_CTG3,1,8,0.0,0.0,0.0
57555_G_CTG3,1,9,0.0,0.0,0.0
57555_G_CTG3,1,10,0.0,0.0,0.0
57555_G_CTG3,1,11,0.0,0.0,0.0
57555_G_CTG3,1,12,0.0,0.0,0.0
57555_G_CTG3,1,13,0.0,0.0,0.0
57555_G_CTG3,1,14,0.0,0.0,0.0
57555_G_CTG3,1,15,0.0,0.0,0.0
57555_G_CTG3,1,16,0.0,0.0,0.0
57555_G_CTG3,1,17,0.0,0.0,0.0
57555_G_CTG3,1,18,0.0,0.0,0.0
57555_G_CTG3,1,19,0.0,0.0,0.0
57555_G_CTG3,1,20,0.0,0.0,0.0
57555_G_CTG3,1,21,0.0,0.0,0.0
57555_G_CTG3,1,22,0.0,0.0,0.0
57555_G_CTG3,1,23,0.0,0.0,0.0
57555_G_CTG3,1,24,0.0,0.0,0.0
57555_G_CTG3,1,25,0.0,0.0,0.0
57564_G_CTG,1,1,0.0,0.0,0.0
57564_G_CTG,1,2,0.0,0.0,0.0
57564_G_CTG,1,3,0.0,0.0,0.0
57564_G_CTG,1,4,0.0,0.0,0.0
57564_G_CTG,1,5,0.0,0.0,0.0
57564_G_CTG,1,6,0.0,0.0,0.0
57564_G_CTG,1,7,0.0,0.0,0.0
57564_G_CTG,1,8,0.0,0.0,0.0
57564_G_CTG,1,9,0.0,0.0,0.0
57564_G_CTG,1,10,0.0,0.0,0.0
57564_G_CTG,1,11,0.0,0.0,0.0
57564_G_CTG,1,12,0.0,0.0,0.0
57564_G_CTG,1,13,0.0,0.0,0.0
57564_G_CTG,1,14,0.0,0.0,0.0
57564_G_CTG,1,15,0.0,0.0,0.0
57564_G_CTG,1,16,0.0,0.0,0.0
57564_G_CTG,1,17,0.0,0.0,0.0
57564_G_CTG,1,18,0.0,0.0,0.0
57564_G_CTG,1,19,0.0,0.0,0.0
57564_G_CTG,1,20,0.0,0.0,0.0
57564_G_CTG,1,21,0.0,0.0,0.0
57564_G_CTG,1,22,0.0,0.0,0.0
57564_G_CTG,1,23,0.0,0.0,0.0
57564_G_CTG,1,24,0.0,0.0,0.0
57564_G_CTG,1,25,0.0,0.0,0.0
57564_G_STG2,1,1,0.0,0.0,0.0
57564_G_STG2,1,2,0.0,0.0,0.0
57564_G_STG2,1,3,0.0,0.0,0.0
57564_G_STG2,1,4,0.0,0.0,0.0
57564_G_STG2,1,5,0.0,0.0,0.0
57564_G_STG2,1,6,0.0,0.0,0.0
57564_G_STG2,1,7,0.0,0.0,0.0
57564_G_STG2,1,8,0.0,0.0,0.0
57564_G_STG2,1,9,0.0,0.0,0.0
57564_G_STG2,1,10,0.0,0.0,0.0
57564_G_STG2,1,11,0.0,0.0,0.0
57564_G_STG2,1,12,0.0,0.0,0.0
57564_G_STG2,1,13,0.0,0.0,0.0
57564_G_STG2,1,14,0.0,0.0,0.0
57564_G_STG2,1,15,0.0,0.0,0.0
57564_G_STG2,1,16,0.0,0.0,0.0
57564_G_STG2,1,17,0.0,0.0,0.0
57564_G_STG2,1,18,0.0,0.0,0.0
57564_G_STG2,1,19,0.0,0.0,0.0
57564_G_STG2,1,20,0.0,0.0,0.0
57564_G_STG2,1,21,0.0,0.0,0.0
57564_G_STG2,1,22,0.0,0.0,0.0
57564_G_STG2,1,23,0.0,0.0,0.0
57564_G_STG2,1,24,0.0,0.0,0.0
57564_G_STG2,1,25,0.0,0.0,0.0
57584_G_NT2,1,1,5.4,0.0,0.0
57584_G_NT2,1,2,5.4,0.0,0.0
57584_G_NT2,1,3,5.4,0.0,0.0
57584_G_NT2,1,4,5.4,0.0,0.0
57584_G_NT2,1,5,5.4,0.0,0.0
57584_G_NT2,1,6,5.4,0.0,0.0
57584_G_NT2,1,7,5.4,0.0,0.0
57584_G_NT2,1,8,13.5,0.0,0.0
57584_G_NT2,1,9,0.0,0.0,0.0
57584_G_NT2,1,10,0.0,0.0,0.0
57584_G_NT2,1,11,0.0,0.0,0.0
57584_G_NT2,1,12,0.0,0.0,0.0
57584_G_NT2,1,13,0.0,0.0,0.0
57584_G_NT2,1,14,0.0,0.0,0.0
57584_G_NT2,1,15,0.0,0.0,0.0
57584_G_NT2,1,16,0.0,0.0,0.0
57584_G_NT2,1,17,0.0,0.0,0.0
57584_G_NT2,1,18,5.4,8.1,0.0
57584_G_NT2,1,19,5.4,8.1,0.0
57584_G_NT2,1,20,5.4,8.1,0.0
57584_G_NT2,1,21,0.0,0.0,0.0
57584_G_NT2,1,22,0.0,0.0,0.0
57584_G_NT2,1,23,0.0,0.0,0.0
57584_G_NT2,1,24,0.0,0.0,0.0
57584_G_NT2,1,25,0.0,0.0,0.0
57584_G_ST1,1,1,5.4,0.0,0.0
57584_G_ST1,1,2,5.4,0.0,0.0
57584_G_ST1,1,3,5.4,0.0,0.0
57584_G_ST1,1,4,5.4,0.0,0.0
57584_G_ST1,1,5,5.4,0.0,0.0
57584_G_ST1,1,6,5.4,0.0,0.0
57584_G_ST1,1,7,5.4,0.0,0.0
57584_G_ST1,1,8,13.5,0.0,0.0
57584_G_ST1,1,9,0.0,0.0,0.0
57584_G_ST1,1,10,0.0,0.0,0.0
57584_G_ST1,1,11,0.0,0.0,0.0
57584_G_ST1,1,12,0.0,0.0,0.0
57584_G_ST1,1,13,0.0,0.0,0.0
57584_G_ST1,1,14,0.0,0.0,0.0
57584_G_ST1,1,15,0.0,0.0,0.0
57584_G_ST1,1,16,0.0,0.0,0.0
57584_G_ST1,1,17,0.0,0.0,0.0
57584_G_ST1,1,18,5.4,8.1,0.0
57584_G_ST1,1,19,5.4,8.1,0.0
57584_G_ST1,1,20,5.4,8.1,0.0
57584_G_ST1,1,21,0.0,0.0,0.0
57584_G_ST1,1,22,0.0,0.0,0.0
57584_G_ST1,1,23,0.0,0.0,0.0
57584_G_ST1,1,24,0.0,0.0,0.0
57584_G_ST1,1,25,0.0,0.0,0.0
57584_G_STG,1,1,1.2000000000000002,0.0,0.0
57584_G_STG,1,2,1.2000000000000002,0.0,0.0
57584_G_STG,1,3,1.2000000000000002,0.0,0.0
57584_G_STG,1,4,1.2000000000000002,0.0,0.0
57584_G_STG,1,5,1.2000000000000002,0.0,0.0
57584_G_STG,1,6,1.2000000000000002,0.0,0.0
57584_G_STG,1,7,1.2000000000000002,0.0,0.0
57584_G_STG,1,8,3.0,0.0,0.0
57584_G_STG,1,9,0.0,0.0,0.0
57584_G_STG,1,10,0.0,0.0,0.0
57584_G_STG,1,11,0.0,0.0,0.0
57584_G_STG,1,12,0.0,0.0,0.0
57584_G_STG,1,13,0.0,0.0,0.0
57584_G_STG,1,14,0.0,0.0,0.0
57584_G_STG,1,15,0.0,0.0,0.0
57584_G_STG,1,16,0.0,0.0,0.0
57584_G_STG,1,17,0.0,0.0,0.0
57584_G_STG,1,18,1.2000000000000002,1.7999999999999998,0.0
57584_G_STG,1,19,1.2000000000000002,1.7999999999999998,0.0
57584_G_STG,1,20,1.2000000000000002,1.7999999999999998,0.0
57584_G_STG,1,21,0.0,0.0,0.0
57584_G_STG,1,22,0.0,0.0,0.0
57584_G_STG,1,23,0.0,0.0,0.0
57584_G_STG,1,24,0.0,0.0,0.0
57584_G_STG,1,25,0.0,0.0,0.0
57585_G_1,1,1,0.0,0.0,0.0
57585_G_1,1,2,0.0,0.0,0.0
57585_G_1,1,3,0.0,0.0,0.0
57585_G_1,1,4,0.0,0.0,0.0
57585_G_1,1,5,0.0,0.0,0.0
57585_G_1,1,6,0.0,0.0,0.0
57585_G_1,1,7,0.0,0.0,0.0
57585_G_1,1,8,0.0,0.0,0.0
57585_G_1,1,9,0.0,0.0,0.0
57585_G_1,1,10,0.0,0.0,0.0
57585_G_1,1,11,0.0,0.0,0.0
57585_G_1,1,12,0.0,0.0,0.0
57585_G_1,1,13,0.0,0.0,0.0
57585_G_1,1,14,0.0,0.0,0.0
57585_G_1,1,15,0.0,0.0,0.0
57585_G_1,1,16,0.0,0.0,0.0
57585_G_1,1,17,0.0,0.0,0.0
57585_G_1,1,18,0.0,0.0,0.0
57585_G_1,1,19,0.0,0.0,0.0
57585_G_1,1,20,0.0,0.0,0.0
57585_G_1,1,21,0.0,0.0,0.0
57585_G_1,1,22,0.0,0.0,0.0
57585_G_1,1,23,0.0,0.0,0.0
57585_G_1,1,24,0.0,0.0,0.0
57585_G_1,1,25,0.0,0.0,0.0
57696_G_1,1,1,11.0,0.0,0.0
57696_G_1,1,2,11.0,0.0,0.0
57696_G_1,1,3,11.0,0.0,0.0
57696_G_1,1,4,11.0,0.0,0.0
57696_G_1,1,5,11.0,0.0,0.0
57696_G_1,1,6,11.0,0.0,0.0
57696_G_1,1,7,11.0,0.0,0.0
57696_G_1,1,8,11.0,0.0,0.0
57696_G_1,1,9,4.4,0.0,0.0
57696_G_1,1,10,4.4,0.0,0.0
57696_G_1,1,11,4.4,0.0,0.0
57696_G_1,1,12,4.4,0.0,0.0
57696_G_1,1,13,4.4,0.0,0.0
57696_G_1,1,14,4.4,0.0,0.0
57696_G_1,1,15,4.4,0.0,0.0
57696_G_1,1,16,4.4,0.0,0.0
57696_G_1,1,17,11.0,0.0,0.0
57696_G_1,1,18,11.0,0.0,0.0
57696_G_1,1,19,11.0,0.0,0.0
57696_G_1,1,20,11.0,0.0,0.0
57696_G_1,1,21,11.0,0.0,0.0
57696_G_1,1,22,11.0,0.0,0.0
57696_G_1,1,23,11.0,0.0,0.0
57696_G_1,1,24,11.0,0.0,0.0
57696_G_1,1,25,11.0,0.0,0.0
57901_G_5,1,1,0.0,0.0,0.0
57901_G_5,1,2,0.0,0.0,0.0
57901_G_5,1,3,0.0,0.0,0.0
57901_G_5,1,4,0.0,0.0,0.0
57901_G_5,1,5,0.0,0.0,0.0
57901_G_5,1,6,0.0,0.0,0.0
57901_G_5,1,7,0.0,0.0,0.0
57901_G_5,1,8,0.0,0.0,0.0
57901_G_5,1,9,0.0,0.0,0.0
57901_G_5,1,10,0.0,0.0,0.0
57901_G_5,1,11,0.0,0.0,0.0
57901_G_5,1,12,0.0,0.0,0.0
57901_G_5,1,13,0.0,0.0,0.0
57901_G_5,1,14,0.0,0.0,0.0
57901_G_5,1,15,0.0,0.0,0.0
57901_G_5,1,16,0.0,0.0,0.0
57901_G_5,1,17,0.0,0.0,0.0
57901_G_5,1,18,0.0,0.0,0.0
57901_G_5,1,19,0.0,0.0,0.0
57901_G_5,1,20,0.0,0.0,0.0
57901_G_5,1,21,0.0,0.0,0.0
57901_G_5,1,22,0.0,0.0,0.0
57901_G_5,1,23,0.0,0.0,0.0
57901_G_5,1,24,0.0,0.0,0.0
57901_G_5,1,25,0.0,0.0,0.0
57901_G_6,1,1,0.0,0.0,0.0
57901_G_6,1,2,0.0,0.0,0.0
57901_G_6,1,3,0.0,0.0,0.0
57901_G_6,1,4,0.0,0.0,0.0
57901_G_6,1,5,0.0,0.0,0.0
57901_G_6,1,6,0.0,0.0,0.0
57901_G_6,1,7,0.0,0.0,0.0
57901_G_6,1,8,0.0,0.0,0.0
57901_G_6,1,9,0.0,0.0,0.0
57901_G_6,1,10,0.0,0.0,0.0
57901_G_6,1,11,0.0,0.0,0.0
57901_G_6,1,12,0.0,0.0,0.0
57901_G_6,1,13,0.0,0.0,0.0
57901_G_6,1,14,0.0,0.0,0.0
57901_G_6,1,15,0.0,0.0,0.0
57901_G_6,1,16,0.0,0.0,0.0
57901_G_6,1,17,0.0,0.0,0.0
57901_G_6,1,18,0.0,0.0,0.0
57901_G_6,1,19,0.0,0.0,0.0
57901_G_6,1,20,0.0,0.0,0.0
57901_G_6,1,21,0.0,0.0,0.0
57901_G_6,1,22,0.0,0.0,0.0
57901_G_6,1,23,0.0,0.0,0.0
57901_G_6,1,24,0.0,0.0,0.0
57901_G_6,1,25,0.0,0.0,0.0
57901_G_7,1,1,0.0,0.0,0.0
57901_G_7,1,2,0.0,0.0,0.0
57901_G_7,1,3,0.0,0.0,0.0
57901_G_7,1,4,0.0,0.0,0.0
57901_G_7,1,5,0.0,0.0,0.0
57901_G_7,1,6,0.0,0.0,0.0
57901_G_7,1,7,0.0,0.0,0.0
57901_G_7,1,8,0.0,0.0,0.0
57901_G_7,1,9,0.0,0.0,0.0
57901_G_7,1,10,0.0,0.0,0.0
57901_G_7,1,11,0.0,0.0,0.0
57901_G_7,1,12,0.0,0.0,0.0
57901_G_7,1,13,0.0,0.0,0.0
57901_G_7,1,14,0.0,0.0,0.0
57901_G_7,1,15,0.0,0.0,0.0
57901_G_7,1,16,0.0,0.0,0.0
57901_G_7,1,17,0.0,0.0,0.0
57901_G_7,1,18,0.0,0.0,0.0
57901_G_7,1,19,0.0,0.0,0.0
57901_G_7,1,20,0.0,0.0,0.0
57901_G_7,1,21,0.0,0.0,0.0
57901_G_7,1,22,0.0,0.0,0.0
57901_G_7,1,23,0.0,0.0,0.0
57901_G_7,1,24,0.0,0.0,0.0
57901_G_7,1,25,0.0,0.0,0.0
57901_G_8,1,1,0.0,0.0,0.0
57901_G_8,1,2,0.0,0.0,0.0
57901_G_8,1,3,0.0,0.0,0.0
57901_G_8,1,4,0.0,0.0,0.0
57901_G_8,1,5,0.0,0.0,0.0
57901_G_8,1,6,0.0,0.0,0.0
57901_G_8,1,7,0.0,0.0,0.0
57901_G_8,1,8,0.0,0.0,0.0
57901_G_8,1,9,0.0,0.0,0.0
57901_G_8,1,10,0.0,0.0,0.0
57901_G_8,1,11,0.0,0.0,0.0
57901_G_8,1,12,0.0,0.0,0.0
57901_G_8,1,13,0.0,0.0,0.0
57901_G_8,1,14,0.0,0.0,0.0
57901_G_8,1,15,0.0,0.0,0.0
57901_G_8,1,16,0.0,0.0,0.0
57901_G_8,1,17,0.0,0.0,0.0
57901_G_8,1,18,0.0,0.0,0.0
57901_G_8,1,19,0.0,0.0,0.0
57901_G_8,1,20,0.0,0.0,0.0
57901_G_8,1,21,0.0,0.0,0.0
57901_G_8,1,22,0.0,0.0,0.0
57901_G_8,1,23,0.0,0.0,0.0
57901_G_8,1,24,0.0,0.0,0.0
57901_G_8,1,25,0.0,0.0,0.0
57978_G_CT1,1,1,116.31600000000003,45.68399999999997,0.0
57978_G_CT1,1,2,64.8,97.2,0.0
57978_G_CT1,1,3,64.8,97.2,0.0
57978_G_CT1,1,4,64.8,0.0,0.0
57978_G_CT1,1,5,110.48314259587895,51.516857404121055,0.0
57978_G_CT1,1,6,161.99914259587896,0.0008574041210351879,0.0
57978_G_CT1,1,7,162.0,0.0,0.0
57978_G_CT1,1,8,162.0,0.0,0.0
57978_G_CT1,1,9,110.48399999999997,51.516000000000034,45.68399999999997
57978_G_CT1,1,10,64.8,0.0,0.0
57978_G_CT1,1,11,64.8,97.2,0.0
57978_G_CT1,1,12,64.8,97.2,0.0
57978_G_CT1,1,13,64.8,97.2,0.0
57978_G_CT1,1,14,64.8,0.0,0.0
57978_G_CT1,1,15,64.8,0.0,0.0
57978_G_CT1,1,16,64.8,0.0,0.0
57978_G_CT1,1,17,116.31600000000006,45.68399999999994,0.0
57978_G_CT1,1,18,162.0,0.0,0.0
57978_G_CT1,1,19,162.0,0.0,0.0
57978_G_CT1,1,20,162.0,0.0,0.0
57978_G_CT1,1,21,162.0,0.0,0.0
57978_G_CT1,1,22,162.0,0.0,0.0
57978_G_CT1,1,23,162.0,0.0,0.0
57978_G_CT1,1,24,162.0,0.0,0.0
57978_G_CT1,1,25,64.8,97.2,0.0
57978_G_ST1,1,1,95.0,0.0,0.0
57978_G_ST1,1,2,38.0,57.0,0.0
57978_G_ST1,1,3,38.0,57.0,0.0
57978_G_ST1,1,4,38.0,0.0,0.0
57978_G_ST1,1,5,38.0,57.0,0.0
57978_G_ST1,1,6,95.0,0.0,0.0
57978_G_ST1,1,7,95.0,0.0,0.0
57978_G_ST1,1,8,95.0,0.0,0.0
57978_G_ST1,1,9,38.0,57.0,0.0
57978_G_ST1,1,10,38.0,0.0,0.0
57978_G_ST1,1,11,38.0,0.0,0.0
57978_G_ST1,1,12,38.0,57.0,0.0
57978_G_ST1,1,13,38.0,57.0,0.0
57978_G_ST1,1,14,38.0,0.0,0.0
57978_G_ST1,1,15,38.0,0.0,0.0
57978_G_ST1,1,16,38.0,0.0,0.0
57978_G_ST1,1,17,95.0,0.0,0.0
57978_G_ST1,1,18,95.0,0.0,0.0
57978_G_ST1,1,19,95.0,0.0,0.0
57978_G_ST1,1,20,95.0,0.0,0.0
57978_G_ST1,1,21,95.0,0.0,0.0
57978_G_ST1,1,22,95.0,0.0,0.0
57978_G_ST1,1,23,95.0,0.0,0.0
57978_G_ST1,1,24,38.0,57.0,0.0
57978_G_ST1,1,25,38.0,57.0,0.0
58198_G_GTG1,1,1,2.08,0.0,0.0
58198_G_GTG1,1,2,2.08,0.0,0.0
58198_G_GTG1,1,3,2.08,0.0,0.0
58198_G_GTG1,1,4,2.08,0.0,0.0
58198_G_GTG1,1,5,2.08,0.0,0.0
58198_G_GTG1,1,6,2.08,0.0,0.0
58198_G_GTG1,1,7,2.08,0.0,0.0
58198_G_GTG1,1,8,5.2,0.0,0.0
58198_G_GTG1,1,9,0.0,0.0,0.0
58198_G_GTG1,1,10,0.0,0.0,0.0
58198_G_GTG1,1,11,0.0,0.0,0.0
58198_G_GTG1,1,12,0.0,0.0,0.0
58198_G_GTG1,1,13,0.0,0.0,0.0
58198_G_GTG1,1,14,0.0,0.0,0.0
58198_G_GTG1,1,15,0.0,0.0,0.0
58198_G_GTG1,1,16,0.0,0.0,0.0
58198_G_GTG1,1,17,0.0,0.0,0.0
58198_G_GTG1,1,18,2.08,3.12,0.0
58198_G_GTG1,1,19,2.08,3.12,0.0
58198_G_GTG1,1,20,2.08,3.12,0.0
58198_G_GTG1,1,21,0.0,0.0,0.0
58198_G_GTG1,1,22,0.0,0.0,0.0
58198_G_GTG1,1,23,0.0,0.0,0.0
58198_G_GTG1,1,24,0.0,0.0,0.0
58198_G_GTG1,1,25,0.0,0.0,0.0
58198_G_GTG2,1,1,2.2,0.0,0.0
58198_G_GTG2,1,2,2.2,0.0,0.0
58198_G_GTG2,1,3,2.2,0.0,0.0
58198_G_GTG2,1,4,2.2,0.0,0.0
58198_G_GTG2,1,5,2.2,0.0,0.0
58198_G_GTG2,1,6,2.2,0.0,0.0
58198_G_GTG2,1,7,2.2,0.0,0.0
58198_G_GTG2,1,8,5.5,0.0,0.0
58198_G_GTG2,1,9,0.0,0.0,0.0
58198_G_GTG2,1,10,0.0,0.0,0.0
58198_G_GTG2,1,11,0.0,0.0,0.0
58198_G_GTG2,1,12,0.0,0.0,0.0
58198_G_GTG2,1,13,0.0,0.0,0.0
58198_G_GTG2,1,14,0.0,0.0,0.0
58198_G_GTG2,1,15,0.0,0.0,0.0
58198_G_GTG2,1,16,0.0,0.0,0.0
58198_G_GTG2,1,17,0.0,0.0,0.0
58198_G_GTG2,1,18,2.2,3.3,0.0
58198_G_GTG2,1,19,2.2,3.3,0.0
58198_G_GTG2,1,20,2.2,3.3,0.0
58198_G_GTG2,1,21,0.0,0.0,0.0
58198_G_GTG2,1,22,0.0,0.0,0.0
58198_G_GTG2,1,23,0.0,0.0,0.0
58198_G_GTG2,1,24,0.0,0.0,0.0
58198_G_GTG2,1,25,0.0,0.0,0.0
58198_G_STG1,1,1,0.72,0.0,0.0
58198_G_STG1,1,2,0.72,0.0,0.0
58198_G_STG1,1,3,0.72,0.0,0.0
58198_G_STG1,1,4,0.72,0.0,0.0
58198_G_STG1,1,5,0.7200000000000001,0.0,0.0
58198_G_STG1,1,6,0.7200000000000001,0.0,0.0
58198_G_STG1,1,7,0.72,0.0,0.0
58198_G_STG1,1,8,1.8,0.0,0.0
58198_G_STG1,1,9,0.0,0.0,0.0
58198_G_STG1,1,10,0.0,0.0,0.0
58198_G_STG1,1,11,0.0,0.0,0.0
58198_G_STG1,1,12,0.0,0.0,0.0
58198_G_STG1,1,13,0.0,0.0,0.0
58198_G_STG1,1,14,0.0,0.0,0.0
58198_G_STG1,1,15,0.0,0.0,0.0
58198_G_STG1,1,16,0.0,0.0,0.0
58198_G_STG1,1,17,0.0,0.0,0.0
58198_G_STG1,1,18,0.72,1.08,0.0
58198_G_STG1,1,19,0.72,1.08,0.0
58198_G_STG1,1,20,0.72,1.08,0.0
58198_G_STG1,1,21,0.7200000000000001,0.0,0.0
58198_G_STG1,1,22,0.7200000000000001,0.0,0.0
58198_G_STG1,1,23,0.7200000000000001,0.0,0.0
58198_G_STG1,1,24,0.7200000000000001,0.0,0.0
58198_G_STG1,1,25,0.7200000000000001,0.0,0.0
59074_G_EG6B,1,1,0.0,0.0,0.0
59074_G_EG6B,1,2,0.0,0.0,0.0
59074_G_EG6B,1,3,0.0,0.0,0.0
59074_G_EG6B,1,4,0.0,0.0,0.0
59074_G_EG6B,1,5,0.0,0.0,0.0
59074_G_EG6B,1,6,0.0,0.0,0.0
59074_G_EG6B,1,7,0.0,0.0,0.0
59074_G_EG6B,1,8,0.0,0.0,0.0
59074_G_EG6B,1,9,0.0,0.0,0.0
59074_G_EG6B,1,10,0.0,0.0,0.0
59074_G_EG6B,1,11,0.0,0.0,0.0
59074_G_EG6B,1,12,0.0,0.0,0.0
59074_G_EG6B,1,13,0.0,0.0,0.0
59074_G_EG6B,1,14,0.0,0.0,0.0
59074_G_EG6B,1,15,0.0,0.0,0.0
59074_G_EG6B,1,16,0.0,0.0,0.0
59074_G_EG6B,1,17,0.0,0.0,0.0
59074_G_EG6B,1,18,0.0,0.0,0.0
59074_G_EG6B,1,19,0.0,0.0,0.0
59074_G_EG6B,1,20,0.0,0.0,0.0
59074_G_EG6B,1,21,0.0,0.0,0.0
59074_G_EG6B,1,22,0.0,0.0,0.0
59074_G_EG6B,1,23,0.0,0.0,0.0
59074_G_EG6B,1,24,0.0,0.0,0.0
59074_G_EG6B,1,25,0.0,0.0,0.0
59557_G_AC2FC,1,1,0.0,0.0,0.0
59557_G_AC2FC,1,2,0.0,0.0,0.0
59557_G_AC2FC,1,3,0.0,0.0,0.0
59557_G_AC2FC,1,4,0.0,0.0,0.0
59557_G_AC2FC,1,5,0.0,0.0,0.0
59557_G_AC2FC,1,6,0.0,0.0,0.0
59557_G_AC2FC,1,7,0.0,0.0,0.0
59557_G_AC2FC,1,8,0.0,0.0,0.0
59557_G_AC2FC,1,9,0.0,0.0,0.0
59557_G_AC2FC,1,10,0.0,0.0,0.0
59557_G_AC2FC,1,11,0.0,0.0,0.0
59557_G_AC2FC,1,12,0.0,0.0,0.0
59557_G_AC2FC,1,13,0.0,0.0,0.0
59557_G_AC2FC,1,14,0.0,0.0,0.0
59557_G_AC2FC,1,15,0.0,0.0,0.0
59557_G_AC2FC,1,16,0.0,0.0,0.0
59557_G_AC2FC,1,17,0.0,0.0,0.0
59557_G_AC2FC,1,18,0.0,0.0,0.0
59557_G_AC2FC,1,19,0.0,0.0,0.0
59557_G_AC2FC,1,20,0.0,0.0,0.0
59557_G_AC2FC,1,21,0.0,0.0,0.0
59557_G_AC2FC,1,22,0.0,0.0,0.0
59557_G_AC2FC,1,23,0.0,0.0,0.0
59557_G_AC2FC,1,24,0.0,0.0,0.0
59557_G_AC2FC,1,25,0.0,0.0,0.0
6060_G_4,1,1,0.0,0.0,0.0
6060_G_4,1,2,0.0,0.0,0.0
6060_G_4,1,3,0.0,0.0,0.0
6060_G_4,1,4,0.0,0.0,0.0
6060_G_4,1,5,0.0,0.0,0.0
6060_G_4,1,6,0.0,0.0,0.0
6060_G_4,1,7,0.0,0.0,0.0
6060_G_4,1,8,0.0,0.0,0.0
6060_G_4,1,9,0.0,0.0,0.0
6060_G_4,1,10,0.0,0.0,0.0
6060_G_4,1,11,0.0,0.0,0.0
6060_G_4,1,12,0.0,0.0,0.0
6060_G_4,1,13,0.0,0.0,0.0
6060_G_4,1,14,0.0,0.0,0.0
6060_G_4,1,15,0.0,0.0,0.0
6060_G_4,1,16,0.0,0.0,0.0
6060_G_4,1,17,0.0,0.0,0.0
6060_G_4,1,18,0.0,0.0,0.0
6060_G_4,1,19,0.0,0.0,0.0
6060_G_4,1,20,0.0,0.0,0.0
6060_G_4,1,21,0.0,0.0,0.0
6060_G_4,1,22,0.0,0.0,0.0
6060_G_4,1,23,0.0,0.0,0.0
6060_G_4,1,24,0.0,0.0,0.0
6060_G_4,1,25,0.0,0.0,0.0
60918_G_00003,1,1,26.0,0.0,0.0
60918_G_00003,1,2,26.0,0.0,0.0
60918_G_00003,1,3,26.0,0.0,0.0
60918_G_00003,1,4,26.0,0.0,0.0
60918_G_00003,1,5,26.0,0.0,0.0
60918_G_00003,1,6,26.0,0.0,0.0
60918_G_00003,1,7,26.0,0.0,0.0
60918_G_00003,1,8,26.0,0.0,0.0
60918_G_00003,1,9,10.4,0.0,0.0
60918_G_00003,1,10,10.4,0.0,0.0
60918_G_00003,1,11,10.4,0.0,0.0
60918_G_00003,1,12,10.4,0.0,0.0
60918_G_00003,1,13,10.4,0.0,0.0
60918_G_00003,1,14,10.4,0.0,0.0
60918_G_00003,1,15,10.4,0.0,0.0
60918_G_00003,1,16,10.4,0.0,0.0
60918_G_00003,1,17,26.0,0.0,0.0
60918_G_00003,1,18,26.0,0.0,0.0
60918_G_00003,1,19,26.0,0.0,0.0
60918_G_00003,1,20,26.0,0.0,0.0
60918_G_00003,1,21,26.0,0.0,0.0
60918_G_00003,1,22,26.0,0.0,0.0
60918_G_00003,1,23,26.0,0.0,0.0
60918_G_00003,1,24,26.0,0.0,0.0
60918_G_00003,1,25,26.0,0.0,0.0
6099_G_1,1,1,1122.0,0.0,0.0
6099_G_1,1,2,1122.0,0.0,0.0
6099_G_1,1,3,1032.24,0.0,0.0
6099_G_1,1,4,1122.0,0.0,0.0
6099_G_1,1,5,1122.0,0.0,0.0
6099_G_1,1,6,1122.0,0.0,0.0
6099_G_1,1,7,1122.0,0.0,0.0
6099_G_1,1,8,1122.0,0.0,0.0
6099_G_1,1,9,1032.2399999999998,0.0,0.0
6099_G_1,1,10,1009.8,0.0,0.0
6099_G_1,1,11,1009.8,0.0,0.0
6099_G_1,1,12,1009.8,0.0,0.0
6099_G_1,1,13,1009.8,0.0,0.0
6099_G_1,1,14,1009.8,0.0,0.0
6099_G_1,1,15,1009.8,0.0,0.0
6099_G_1,1,16,1032.24,0.0,0.0
6099_G_1,1,17,1122.0,0.0,0.0
6099_G_1,1,18,1122.0,0.0,0.0
6099_G_1,1,19,1122.0,0.0,0.0
6099_G_1,1,20,1122.0,0.0,0.0
6099_G_1,1,21,1122.0,0.0,0.0
6099_G_1,1,22,1122.0,0.0,0.0
6099_G_1,1,23,1122.0,0.0,0.0
6099_G_1,1,24,1122.0,0.0,0.0
6099_G_1,1,25,1122.0,0.0,0.0
6099_G_2,1,1,1118.0,0.0,0.0
6099_G_2,1,2,1118.0,0.0,0.0
6099_G_2,1,3,1094.5432000483584,0.0,0.0
6099_G_2,1,4,1118.0,0.0,0.0
6099_G_2,1,5,1118.0,0.0,0.0
6099_G_2,1,6,1118.0,0.0,0.0
6099_G_2,1,7,1118.0,0.0,0.0
6099_G_2,1,8,1118.0,0.0,0.0
6099_G_2,1,9,1028.5599999999997,0.0,0.0
6099_G_2,1,10,1006.2,0.0,0.0
6099_G_2,1,11,1006.2,0.0,0.0
6099_G_2,1,12,1006.2,0.0,0.0
6099_G_2,1,13,1006.2,0.0,0.0
6099_G_2,1,14,1006.2,0.0,0.0
6099_G_2,1,15,1006.2,0.0,0.0
6099_G_2,1,16,1028.56,0.0,0.0
6099_G_2,1,17,1118.0,0.0,0.0
6099_G_2,1,18,1118.0,0.0,0.0
6099_G_2,1,19,1118.0,0.0,0.0
6099_G_2,1,20,1118.0,0.0,0.0
6099_G_2,1,21,1118.0,0.0,0.0
6099_G_2,1,22,1118.0,0.0,0.0
6099_G_2,1,23,1118.0,0.0,0.0
6099_G_2,1,24,1118.0,0.0,0.0
6099_G_2,1,25,1118.0,0.0,0.0
6211_G_GEN1,1,1,0.0,0.0,0.0
6211_G_GEN1,1,2,0.0,0.0,0.0
6211_G_GEN1,1,3,0.0,0.0,0.0
6211_G_GEN1,1,4,0.0,0.0,0.0
6211_G_GEN1,1,5,0.0,0.0,0.0
6211_G_GEN1,1,6,0.0,0.0,0.0
6211_G_GEN1,1,7,0.0,0.0,0.0
6211_G_GEN1,1,8,0.0,0.0,0.0
6211_G_GEN1,1,9,0.0,0.0,0.0
6211_G_GEN1,1,10,0.0,0.0,0.0
6211_G_GEN1,1,11,0.0,0.0,0.0
6211_G_GEN1,1,12,0.0,0.0,0.0
6211_G_GEN1,1,13,0.0,0.0,0.0
6211_G_GEN1,1,14,0.0,0.0,0.0
6211_G_GEN1,1,15,0.0,0.0,0.0
6211_G_GEN1,1,16,0.0,0.0,0.0
6211_G_GEN1,1,17,0.0,0.0,0.0
6211_G_GEN1,1,18,0.0,0.0,0.0
6211_G_GEN1,1,19,0.0,0.0,0.0
6211_G_GEN1,1,20,0.0,0.0,0.0
6211_G_GEN1,1,21,0.0,0.0,0.0
6211_G_GEN1,1,22,0.0,0.0,0.0
6211_G_GEN1,1,23,0.0,0.0,0.0
6211_G_GEN1,1,24,0.0,0.0,0.0
6211_G_GEN1,1,25,0.0,0.0,0.0
6704_G_10,1,1,0.0,0.0,0.0
6704_G_10,1,2,0.0,0.0,0.0
6704_G_10,1,3,0.0,0.0,0.0
6704_G_10,1,4,0.0,0.0,0.0
6704_G_10,1,5,0.0,0.0,0.0
6704_G_10,1,6,0.0,0.0,0.0
6704_G_10,1,7,0.0,0.0,0.0
6704_G_10,1,8,0.0,0.0,0.0
6704_G_10,1,9,0.0,0.0,0.0
6704_G_10,1,10,0.0,0.0,0.0
6704_G_10,1,11,0.0,0.0,0.0
6704_G_10,1,12,0.0,0.0,0.0
6704_G_10,1,13,0.0,0.0,0.0
6704_G_10,1,14,0.0,0.0,0.0
6704_G_10,1,15,0.0,0.0,0.0
6704_G_10,1,16,0.0,0.0,0.0
6704_G_10,1,17,0.0,0.0,0.0
6704_G_10,1,18,0.0,0.0,0.0
6704_G_10,1,19,0.0,0.0,0.0
6704_G_10,1,20,0.0,0.0,0.0
6704_G_10,1,21,0.0,0.0,0.0
6704_G_10,1,22,0.0,0.0,0.0
6704_G_10,1,23,0.0,0.0,0.0
6704_G_10,1,24,0.0,0.0,0.0
6704_G_10,1,25,0.0,0.0,0.0
6704_G_14,1,1,0.0,0.0,0.0
6704_G_14,1,2,0.0,0.0,0.0
6704_G_14,1,3,0.0,0.0,0.0
6704_G_14,1,4,0.0,0.0,0.0
6704_G_14,1,5,0.0,0.0,0.0
6704_G_14,1,6,0.0,0.0,0.0
6704_G_14,1,7,0.0,0.0,0.0
6704_G_14,1,8,0.0,0.0,0.0
6704_G_14,1,9,0.0,0.0,0.0
6704_G_14,1,10,0.0,0.0,0.0
6704_G_14,1,11,0.0,0.0,0.0
6704_G_14,1,12,0.0,0.0,0.0
6704_G_14,1,13,0.0,0.0,0.0
6704_G_14,1,14,0.0,0.0,0.0
6704_G_14,1,15,0.0,0.0,0.0
6704_G_14,1,16,0.0,0.0,0.0
6704_G_14,1,17,0.0,0.0,0.0
6704_G_14,1,18,0.0,0.0,0.0
6704_G_14,1,19,0.0,0.0,0.0
6704_G_14,1,20,0.0,0.0,0.0
6704_G_14,1,21,0.0,0.0,0.0
6704_G_14,1,22,0.0,0.0,0.0
6704_G_14,1,23,0.0,0.0,0.0
6704_G_14,1,24,0.0,0.0,0.0
6704_G_14,1,25,0.0,0.0,0.0
7266_G_2,1,1,0.0,0.0,0.0
7266_G_2,1,2,0.0,0.0,0.0
7266_G_2,1,3,0.0,0.0,0.0
7266_G_2,1,4,0.0,0.0,0.0
7266_G_2,1,5,0.0,0.0,0.0
7266_G_2,1,6,0.0,0.0,0.0
7266_G_2,1,7,0.0,0.0,0.0
7266_G_2,1,8,0.0,0.0,0.0
7266_G_2,1,9,0.0,0.0,0.0
7266_G_2,1,10,0.0,0.0,0.0
7266_G_2,1,11,0.0,0.0,0.0
7266_G_2,1,12,0.0,0.0,0.0
7266_G_2,1,13,0.0,0.0,0.0
7266_G_2,1,14,0.0,0.0,0.0
7266_G_2,1,15,0.0,0.0,0.0
7266_G_2,1,16,0.0,0.0,0.0
7266_G_2,1,17,0.0,0.0,0.0
7266_G_2,1,18,0.0,0.0,0.0
7266_G_2,1,19,0.0,0.0,0.0
7266_G_2,1,20,0.0,0.0,0.0
7266_G_2,1,21,0.0,0.0,0.0
7266_G_2,1,22,0.0,0.0,0.0
7266_G_2,1,23,0.0,0.0,0.0
7266_G_2,1,24,0.0,0.0,0.0
7266_G_2,1,25,0.0,0.0,0.0
7266_G_3,1,1,0.0,0.0,0.0
7266_G_3,1,2,0.0,0.0,0.0
7266_G_3,1,3,0.0,0.0,0.0
7266_G_3,1,4,0.0,0.0,0.0
7266_G_3,1,5,0.0,0.0,0.0
7266_G_3,1,6,0.0,0.0,0.0
7266_G_3,1,7,0.0,0.0,0.0
7266_G_3,1,8,0.0,0.0,0.0
7266_G_3,1,9,0.0,0.0,0.0
7266_G_3,1,10,0.0,0.0,0.0
7266_G_3,1,11,0.0,0.0,0.0
7266_G_3,1,12,0.0,0.0,0.0
7266_G_3,1,13,0.0,0.0,0.0
7266_G_3,1,14,0.0,0.0,0.0
7266_G_3,1,15,0.0,0.0,0.0
7266_G_3,1,16,0.0,0.0,0.0
7266_G_3,1,17,0.0,0.0,0.0
7266_G_3,1,18,0.0,0.0,0.0
7266_G_3,1,19,0.0,0.0,0.0
7266_G_3,1,20,0.0,0.0,0.0
7266_G_3,1,21,0.0,0.0,0.0
7266_G_3,1,22,0.0,0.0,0.0
7266_G_3,1,23,0.0,0.0,0.0
7266_G_3,1,24,0.0,0.0,0.0
7266_G_3,1,25,0.0,0.0,0.0
7307_G_4,1,1,0.0,0.0,0.0
7307_G_4,1,2,0.0,0.0,0.0
7307_G_4,1,3,0.0,0.0,0.0
7307_G_4,1,4,0.0,0.0,0.0
7307_G_4,1,5,0.0,0.0,0.0
7307_G_4,1,6,0.0,0.0,0.0
7307_G_4,1,7,0.0,0.0,0.0
7307_G_4,1,8,0.0,0.0,0.0
7307_G_4,1,9,0.0,0.0,0.0
7307_G_4,1,10,0.0,0.0,0.0
7307_G_4,1,11,0.0,0.0,0.0
7307_G_4,1,12,0.0,0.0,0.0
7307_G_4,1,13,0.0,0.0,0.0
7307_G_4,1,14,0.0,0.0,0.0
7307_G_4,1,15,0.0,0.0,0.0
7307_G_4,1,16,0.0,0.0,0.0
7307_G_4,1,17,0.0,0.0,0.0
7307_G_4,1,18,0.0,0.0,0.0
7307_G_4,1,19,0.0,0.0,0.0
7307_G_4,1,20,0.0,0.0,0.0
7307_G_4,1,21,0.0,0.0,0.0
7307_G_4,1,22,0.0,0.0,0.0
7307_G_4,1,23,0.0,0.0,0.0
7307_G_4,1,24,0.0,0.0,0.0
7307_G_4,1,25,0.0,0.0,0.0
7307_G_5,1,1,0.0,0.0,0.0
7307_G_5,1,2,0.0,0.0,0.0
7307_G_5,1,3,0.0,0.0,0.0
7307_G_5,1,4,0.0,0.0,0.0
7307_G_5,1,5,0.0,0.0,0.0
7307_G_5,1,6,0.0,0.0,0.0
7307_G_5,1,7,0.0,0.0,0.0
7307_G_5,1,8,0.0,0.0,0.0
7307_G_5,1,9,0.0,0.0,0.0
7307_G_5,1,10,0.0,0.0,0.0
7307_G_5,1,11,0.0,0.0,0.0
7307_G_5,1,12,0.0,0.0,0.0
7307_G_5,1,13,0.0,0.0,0.0
7307_G_5,1,14,0.0,0.0,0.0
7307_G_5,1,15,0.0,0.0,0.0
7307_G_5,1,16,0.0,0.0,0.0
7307_G_5,1,17,0.0,0.0,0.0
7307_G_5,1,18,0.0,0.0,0.0
7307_G_5,1,19,0.0,0.0,0.0
7307_G_5,1,20,0.0,0.0,0.0
7307_G_5,1,21,0.0,0.0,0.0
7307_G_5,1,22,0.0,0.0,0.0
7307_G_5,1,23,0.0,0.0,0.0
7307_G_5,1,24,0.0,0.0,0.0
7307_G_5,1,25,0.0,0.0,0.0
7307_G_6,1,1,0.0,0.0,0.0
7307_G_6,1,2,0.0,0.0,0.0
7307_G_6,1,3,0.0,0.0,0.0
7307_G_6,1,4,0.0,0.0,0.0
7307_G_6,1,5,0.0,0.0,0.0
7307_G_6,1,6,0.0,0.0,0.0
7307_G_6,1,7,0.0,0.0,0.0
7307_G_6,1,8,0.0,0.0,0.0
7307_G_6,1,9,0.0,0.0,0.0
7307_G_6,1,10,0.0,0.0,0.0
7307_G_6,1,11,0.0,0.0,0.0
7307_G_6,1,12,0.0,0.0,0.0
7307_G_6,1,13,0.0,0.0,0.0
7307_G_6,1,14,0.0,0.0,0.0
7307_G_6,1,15,0.0,0.0,0.0
7307_G_6,1,16,0.0,0.0,0.0
7307_G_6,1,17,0.0,0.0,0.0
7307_G_6,1,18,0.0,0.0,0.0
7307_G_6,1,19,0.0,0.0,0.0
7307_G_6,1,20,0.0,0.0,0.0
7307_G_6,1,21,0.0,0.0,0.0
7307_G_6,1,22,0.0,0.0,0.0
7307_G_6,1,23,0.0,0.0,0.0
7307_G_6,1,24,0.0,0.0,0.0
7307_G_6,1,25,0.0,0.0,0.0
7368_G_1,1,1,27.0,0.0,16.2
7368_G_1,1,2,27.0,0.0,16.2
7368_G_1,1,3,27.0,0.0,16.2
7368_G_1,1,4,27.0,0.0,16.2
7368_G_1,1,5,27.0,0.0,0.0
7368_G_1,1,6,27.0,0.0,0.0
7368_G_1,1,7,27.0,0.0,16.2
7368_G_1,1,8,27.0,0.0,0.0
7368_G_1,1,9,27.0,0.0,16.2
7368_G_1,1,10,17.766,9.234000000000002,0.0
7368_G_1,1,11,27.0,0.0,16.2
7368_G_1,1,12,27.0,0.0,16.2
7368_G_1,1,13,27.0,0.0,16.2
7368_G_1,1,14,17.766000000000002,9.233999999999998,0.0
7368_G_1,1,15,10.8,16.2,0.0
7368_G_1,1,16,17.766,9.234000000000002,0.0
7368_G_1,1,17,27.0,0.0,0.0
7368_G_1,1,18,27.0,0.0,0.0
7368_G_1,1,19,27.0,0.0,0.0
7368_G_1,1,20,27.0,0.0,0.0
7368_G_1,1,21,27.0,0.0,0.0
7368_G_1,1,22,27.0,0.0,0.0
7368_G_1,1,23,27.0,0.0,0.0
7368_G_1,1,24,27.0,0.0,0.0
7368_G_1,1,25,27.0,0.0,16.2
7368_G_2,1,1,27.0,0.0,16.2
7368_G_2,1,2,27.0,0.0,16.2
7368_G_2,1,3,27.0,0.0,16.2
7368_G_2,1,4,27.0,0.0,16.2
7368_G_2,1,5,27.0,0.0,0.0
7368_G_2,1,6,27.0,0.0,0.0
7368_G_2,1,7,27.0,0.0,16.2
7368_G_2,1,8,27.0,0.0,0.0
7368_G_2,1,9,27.0,0.0,16.2
7368_G_2,1,10,17.766,9.234000000000002,0.0
7368_G_2,1,11,27.0,0.0,16.2
7368_G_2,1,12,27.0,0.0,16.2
7368_G_2,1,13,27.0,0.0,16.2
7368_G_2,1,14,17.766000000000002,9.233999999999998,0.0
7368_G_2,1,15,10.8,16.2,0.0
7368_G_2,1,16,17.766,9.234000000000002,0.0
7368_G_2,1,17,27.0,0.0,0.0
7368_G_2,1,18,27.0,0.0,0.0
7368_G_2,1,19,27.0,0.0,0.0
7368_G_2,1,20,27.0,0.0,0.0
7368_G_2,1,21,27.0,0.0,0.0
7368_G_2,1,22,27.0,0.0,0.0
7368_G_2,1,23,27.0,0.0,0.0
7368_G_2,1,24,27.0,0.0,0.0
7368_G_2,1,25,27.0,0.0,16.2
7369_G_3,1,1,30.1,0.0,18.060000000000002
7369_G_3,1,2,30.1,0.0,18.060000000000002
7369_G_3,1,3,30.1,0.0,18.060000000000002
7369_G_3,1,4,30.1,0.0,18.060000000000002
7369_G_3,1,5,30.1,0.0,0.0
7369_G_3,1,6,30.1,0.0,0.0
7369_G_3,1,7,30.1,0.0,18.060000000000002
7369_G_3,1,8,30.1,0.0,0.0
7369_G_3,1,9,30.1,0.0,18.060000000000002
7369_G_3,1,10,19.805799999999998,10.294200000000004,0.0
7369_G_3,1,11,30.1,0.0,18.060000000000002
7369_G_3,1,12,30.1,0.0,18.060000000000002
7369_G_3,1,13,30.1,0.0,18.060000000000002
7369_G_3,1,14,19.805799999999998,10.294200000000004,0.0
7369_G_3,1,15,12.04,18.060000000000002,0.0
7369_G_3,1,16,19.805799999999998,10.294200000000004,0.0
7369_G_3,1,17,30.1,0.0,0.0
7369_G_3,1,18,30.1,0.0,0.0
7369_G_3,1,19,30.1,0.0,0.0
7369_G_3,1,20,30.1,0.0,0.0
7369_G_3,1,21,30.1,0.0,0.0
7369_G_3,1,22,30.1,0.0,0.0
7369_G_3,1,23,30.1,0.0,0.0
7369_G_3,1,24,30.1,0.0,0.0
7369_G_3,1,25,30.1,0.0,18.060000000000002
7369_G_4,1,1,48.0,0.0,28.799999999999994
7369_G_4,1,2,48.0,0.0,28.799999999999994
7369_G_4,1,3,48.0,0.0,28.799999999999994
7369_G_4,1,4,48.0,0.0,28.799999999999994
7369_G_4,1,5,48.0,0.0,0.0
7369_G_4,1,6,48.0,0.0,0.0
7369_G_4,1,7,48.0,0.0,28.799999999999994
7369_G_4,1,8,48.0,0.0,0.0
7369_G_4,1,9,48.0,0.0,28.799999999999994
7369_G_4,1,10,31.584,16.416,0.0
7369_G_4,1,11,48.0,0.0,28.799999999999994
7369_G_4,1,12,48.0,0.0,28.799999999999994
7369_G_4,1,13,48.0,0.0,28.799999999999994
7369_G_4,1,14,31.584,16.416,0.0
7369_G_4,1,15,19.200000000000006,28.799999999999994,0.0
7369_G_4,1,16,31.584,16.416,0.0
7369_G_4,1,17,48.0,0.0,0.0
7369_G_4,1,18,48.0,0.0,0.0
7369_G_4,1,19,48.0,0.0,0.0
7369_G_4,1,20,48.0,0.0,0.0
7369_G_4,1,21,48.0,0.0,0.0
7369_G_4,1,22,48.0,0.0,0.0
7369_G_4,1,23,48.0,0.0,0.0
7369_G_4,1,24,48.0,0.0,0.0
7369_G_4,1,25,48.0,0.0,28.799999999999994
7449_G_NA1,1,1,0.0,0.0,0.0
7449_G_NA1,1,2,0.0,0.0,0.0
7449_G_NA1,1,3,0.0,0.0,0.0
7449_G_NA1,1,4,0.0,0.0,0.0
7449_G_NA1,1,5,0.0,0.0,0.0
7449_G_NA1,1,6,0.0,0.0,0.0
7449_G_NA1,1,7,0.0,0.0,0.0
7449_G_NA1,1,8,0.0,0.0,0.0
7449_G_NA1,1,9,0.0,0.0,0.0
7449_G_NA1,1,10,0.0,0.0,0.0
7449_G_NA1,1,11,0.0,0.0,0.0
7449_G_NA1,1,12,0.0,0.0,0.0
7449_G_NA1,1,13,0.0,0.0,0.0
7449_G_NA1,1,14,0.0,0.0,0.0
7449_G_NA1,1,15,0.0,0.0,0.0
7449_G_NA1,1,16,0.0,0.0,0.0
7449_G_NA1,1,17,0.0,0.0,0.0
7449_G_NA1,1,18,0.0,0.0,0.0
7449_G_NA1,1,19,0.0,0.0,0.0
7449_G_NA1,1,20,0.0,0.0,0.0
7449_G_NA1,1,21,0.0,0.0,0.0
7449_G_NA1,1,22,0.0,0.0,0.0
7449_G_NA1,1,23,0.0,0.0,0.0
7449_G_NA1,1,24,0.0,0.0,0.0
7449_G_NA1,1,25,0.0,0.0,0.0
7527_G_2,1,1,0.0,0.0,0.0
7527_G_2,1,2,0.0,0.0,0.0
7527_G_2,1,3,0.0,0.0,0.0
7527_G_2,1,4,0.0,0.0,0.0
7527_G_2,1,5,0.0,0.0,0.0
7527_G_2,1,6,0.0,0.0,0.0
7527_G_2,1,7,0.0,0.0,0.0
7527_G_2,1,8,0.0,0.0,0.0
7527_G_2,1,9,0.0,0.0,0.0
7527_G_2,1,10,0.0,0.0,0.0
7527_G_2,1,11,0.0,0.0,0.0
7527_G_2,1,12,0.0,0.0,0.0
7527_G_2,1,13,0.0,0.0,0.0
7527_G_2,1,14,0.0,0.0,0.0
7527_G_2,1,15,0.0,0.0,0.0
7527_G_2,1,16,0.0,0.0,0.0
7527_G_2,1,17,0.0,0.0,0.0
7527_G_2,1,18,0.0,0.0,0.0
7527_G_2,1,19,0.0,0.0,0.0
7527_G_2,1,20,0.0,0.0,0.0
7527_G_2,1,21,0.0,0.0,0.0
7527_G_2,1,22,0.0,0.0,0.0
7527_G_2,1,23,0.0,0.0,0.0
7527_G_2,1,24,0.0,0.0,0.0
7527_G_2,1,25,0.0,0.0,0.0
7527_G_CCCT,1,1,0.0,0.0,0.0
7527_G_CCCT,1,2,0.0,0.0,0.0
7527_G_CCCT,1,3,0.0,0.0,0.0
7527_G_CCCT,1,4,0.0,0.0,0.0
7527_G_CCCT,1,5,0.0,0.0,0.0
7527_G_CCCT,1,6,0.0,0.0,0.0
7527_G_CCCT,1,7,0.0,0.0,0.0
7527_G_CCCT,1,8,0.0,0.0,0.0
7527_G_CCCT,1,9,0.0,0.0,0.0
7527_G_CCCT,1,10,0.0,0.0,0.0
7527_G_CCCT,1,11,0.0,0.0,0.0
7527_G_CCCT,1,12,0.0,0.0,0.0
7527_G_CCCT,1,13,0.0,0.0,0.0
7527_G_CCCT,1,14,0.0,0.0,0.0
7527_G_CCCT,1,15,0.0,0.0,0.0
7527_G_CCCT,1,16,0.0,0.0,0.0
7527_G_CCCT,1,17,0.0,0.0,0.0
7527_G_CCCT,1,18,0.0,0.0,0.0
7527_G_CCCT,1,19,0.0,0.0,0.0
7527_G_CCCT,1,20,0.0,0.0,0.0
7527_G_CCCT,1,21,0.0,0.0,0.0
7527_G_CCCT,1,22,0.0,0.0,0.0
7527_G_CCCT,1,23,0.0,0.0,0.0
7527_G_CCCT,1,24,0.0,0.0,0.0
7527_G_CCCT,1,25,0.0,0.0,0.0
7551_G_CCST,1,1,0.0,0.0,0.0
7551_G_CCST,1,2,0.0,0.0,0.0
7551_G_CCST,1,3,0.0,0.0,0.0
7551_G_CCST,1,4,0.0,0.0,0.0
7551_G_CCST,1,5,0.0,0.0,0.0
7551_G_CCST,1,6,0.0,0.0,0.0
7551_G_CCST,1,7,0.0,0.0,0.0
7551_G_CCST,1,8,0.0,0.0,0.0
7551_G_CCST,1,9,0.0,0.0,0.0
7551_G_CCST,1,10,0.0,0.0,0.0
7551_G_CCST,1,11,0.0,0.0,0.0
7551_G_CCST,1,12,0.0,0.0,0.0
7551_G_CCST,1,13,0.0,0.0,0.0
7551_G_CCST,1,14,0.0,0.0,0.0
7551_G_CCST,1,15,0.0,0.0,0.0
7551_G_CCST,1,16,0.0,0.0,0.0
7551_G_CCST,1,17,0.0,0.0,0.0
7551_G_CCST,1,18,0.0,0.0,0.0
7551_G_CCST,1,19,0.0,0.0,0.0
7551_G_CCST,1,20,0.0,0.0,0.0
7551_G_CCST,1,21,0.0,0.0,0.0
7551_G_CCST,1,22,0.0,0.0,0.0
7551_G_CCST,1,23,0.0,0.0,0.0
7551_G_CCST,1,24,0.0,0.0,0.0
7551_G_CCST,1,25,0.0,0.0,0.0
7551_G_CT1A,1,1,0.0,0.0,0.0
7551_G_CT1A,1,2,0.0,0.0,0.0
7551_G_CT1A,1,3,0.0,0.0,0.0
7551_G_CT1A,1,4,0.0,0.0,0.0
7551_G_CT1A,1,5,0.0,0.0,0.0
7551_G_CT1A,1,6,0.0,0.0,0.0
7551_G_CT1A,1,7,0.0,0.0,0.0
7551_G_CT1A,1,8,0.0,0.0,0.0
7551_G_CT1A,1,9,0.0,0.0,0.0
7551_G_CT1A,1,10,0.0,0.0,0.0
7551_G_CT1A,1,11,0.0,0.0,0.0
7551_G_CT1A,1,12,0.0,0.0,0.0
7551_G_CT1A,1,13,0.0,0.0,0.0
7551_G_CT1A,1,14,0.0,0.0,0.0
7551_G_CT1A,1,15,0.0,0.0,0.0
7551_G_CT1A,1,16,0.0,0.0,0.0
7551_G_CT1A,1,17,0.0,0.0,0.0
7551_G_CT1A,1,18,0.0,0.0,0.0
7551_G_CT1A,1,19,0.0,0.0,0.0
7551_G_CT1A,1,20,0.0,0.0,0.0
7551_G_CT1A,1,21,0.0,0.0,0.0
7551_G_CT1A,1,22,0.0,0.0,0.0
7551_G_CT1A,1,23,0.0,0.0,0.0
7551_G_CT1A,1,24,0.0,0.0,0.0
7551_G_CT1A,1,25,0.0,0.0,0.0
7551_G_CT1B,1,1,0.0,0.0,0.0
7551_G_CT1B,1,2,0.0,0.0,0.0
7551_G_CT1B,1,3,0.0,0.0,0.0
7551_G_CT1B,1,4,0.0,0.0,0.0
7551_G_CT1B,1,5,0.0,0.0,0.0
7551_G_CT1B,1,6,0.0,0.0,0.0
7551_G_CT1B,1,7,0.0,0.0,0.0
7551_G_CT1B,1,8,0.0,0.0,0.0
7551_G_CT1B,1,9,0.0,0.0,0.0
7551_G_CT1B,1,10,0.0,0.0,0.0
7551_G_CT1B,1,11,0.0,0.0,0.0
7551_G_CT1B,1,12,0.0,0.0,0.0
7551_G_CT1B,1,13,0.0,0.0,0.0
7551_G_CT1B,1,14,0.0,0.0,0.0
7551_G_CT1B,1,15,0.0,0.0,0.0
7551_G_CT1B,1,16,0.0,0.0,0.0
7551_G_CT1B,1,17,0.0,0.0,0.0
7551_G_CT1B,1,18,0.0,0.0,0.0
7551_G_CT1B,1,19,0.0,0.0,0.0
7551_G_CT1B,1,20,0.0,0.0,0.0
7551_G_CT1B,1,21,0.0,0.0,0.0
7551_G_CT1B,1,22,0.0,0.0,0.0
7551_G_CT1B,1,23,0.0,0.0,0.0
7551_G_CT1B,1,24,0.0,0.0,0.0
7551_G_CT1B,1,25,0.0,0.0,0.0
7552_G_CCCT,1,1,0.0,0.0,0.0
7552_G_CCCT,1,2,0.0,0.0,0.0
7552_G_CCCT,1,3,0.0,0.0,0.0
7552_G_CCCT,1,4,0.0,0.0,0.0
7552_G_CCCT,1,5,0.0,0.0,0.0
7552_G_CCCT,1,6,0.0,0.0,0.0
7552_G_CCCT,1,7,0.0,0.0,0.0
7552_G_CCCT,1,8,0.0,0.0,0.0
7552_G_CCCT,1,9,0.0,0.0,0.0
7552_G_CCCT,1,10,0.0,0.0,0.0
7552_G_CCCT,1,11,0.0,0.0,0.0
7552_G_CCCT,1,12,0.0,0.0,0.0
7552_G_CCCT,1,13,0.0,0.0,0.0
7552_G_CCCT,1,14,0.0,0.0,0.0
7552_G_CCCT,1,15,0.0,0.0,0.0
7552_G_CCCT,1,16,0.0,0.0,0.0
7552_G_CCCT,1,17,0.0,0.0,0.0
7552_G_CCCT,1,18,0.0,0.0,0.0
7552_G_CCCT,1,19,0.0,0.0,0.0
7552_G_CCCT,1,20,0.0,0.0,0.0
7552_G_CCCT,1,21,0.0,0.0,0.0
7552_G_CCCT,1,22,0.0,0.0,0.0
7552_G_CCCT,1,23,0.0,0.0,0.0
7552_G_CCCT,1,24,0.0,0.0,0.0
7552_G_CCCT,1,25,0.0,0.0,0.0
7552_G_CCST,1,1,0.0,0.0,0.0
7552_G_CCST,1,2,0.0,0.0,0.0
7552_G_CCST,1,3,0.0,0.0,0.0
7552_G_CCST,1,4,0.0,0.0,0.0
7552_G_CCST,1,5,0.0,0.0,0.0
7552_G_CCST,1,6,0.0,0.0,0.0
7552_G_CCST,1,7,0.0,0.0,0.0
7552_G_CCST,1,8,0.0,0.0,0.0
7552_G_CCST,1,9,0.0,0.0,0.0
7552_G_CCST,1,10,0.0,0.0,0.0
7552_G_CCST,1,11,0.0,0.0,0.0
7552_G_CCST,1,12,0.0,0.0,0.0
7552_G_CCST,1,13,0.0,0.0,0.0
7552_G_CCST,1,14,0.0,0.0,0.0
7552_G_CCST,1,15,0.0,0.0,0.0
7552_G_CCST,1,16,0.0,0.0,0.0
7552_G_CCST,1,17,0.0,0.0,0.0
7552_G_CCST,1,18,0.0,0.0,0.0
7552_G_CCST,1,19,0.0,0.0,0.0
7552_G_CCST,1,20,0.0,0.0,0.0
7552_G_CCST,1,21,0.0,0.0,0.0
7552_G_CCST,1,22,0.0,0.0,0.0
7552_G_CCST,1,23,0.0,0.0,0.0
7552_G_CCST,1,24,0.0,0.0,0.0
7552_G_CCST,1,25,0.0,0.0,0.0
902_G_1,1,1,10.0,0.0,6.0
902_G_1,1,2,10.0,0.0,6.0
902_G_1,1,3,10.0,0.0,6.0
902_G_1,1,4,10.0,0.0,6.0
902_G_1,1,5,10.0,0.0,0.0
902_G_1,1,6,10.0,0.0,0.0
902_G_1,1,7,10.0,0.0,6.0
902_G_1,1,8,10.0,0.0,0.0
902_G_1,1,9,10.0,0.0,6.0
902_G_1,1,10,6.58,3.42,0.0
902_G_1,1,11,10.0,0.0,6.0
902_G_1,1,12,10.0,0.0,6.0
902_G_1,1,13,10.0,0.0,6.0
902_G_1,1,14,6.58,3.42,0.0
902_G_1,1,15,4.0,6.0,0.0
902_G_1,1,16,6.58,3.42,0.0
902_G_1,1,17,10.0,0.0,0.0
902_G_1,1,18,10.0,0.0,0.0
902_G_1,1,19,10.0,0.0,0.0
902_G_1,1,20,10.0,0.0,0.0
902_G_1,1,21,10.0,0.0,0.0
902_G_1,1,22,10.0,0.0,0.0
902_G_1,1,23,10.0,0.0,0.0
902_G_1,1,24,10.0,0.0,0.0
902_G_1,1,25,10.0,0.0,6.0
hydro,1,1,2058.0,0.0,0.0
hydro,1,2,2058.0,0.0,0.0
hydro,1,3,2058.0,0.0,0.0
hydro,1,4,2058.0,0.0,0.0
hydro,1,5,2058.0,0.0,0.0
hydro,1,6,2058.0,0.0,0.0
hydro,1,7,2058.0,0.0,0.0
hydro,1,8,2058.0,0.0,0.0
hydro,1,9,2058.0,0.0,0.0
hydro,1,10,2058.0,0.0,0.0
hydro,1,11,2058.0,0.0,0.0
hydro,1,12,2058.0,0.0,0.0
hydro,1,13,2034.40186047,0.0,0.0
hydro,1,14,2058.0,0.0,0.0
hydro,1,15,2058.0,0.0,0.0
hydro,1,16,2058.0,0.0,0.0
hydro,1,17,2058.0,0.0,0.0
hydro,1,18,2058.0,0.0,0.0
hydro,1,19,2058.0,0.0,0.0
hydro,1,20,2058.0,0.0,0.0
hydro,1,21,2058.0,0.0,0.0
hydro,1,22,2058.0,0.0,0.0
hydro,1,23,2058.0,0.0,0.0
hydro,1,24,2058.0,0.0,0.0
hydro,1,25,2058.0,0.0,0.0
solar,1,1,0.0,0.0,0.0
solar,1,2,0.0,0.0,0.0
solar,1,3,0.0,0.0,0.0
solar,1,4,0.0,0.0,0.0
solar,1,5,0.0,0.0,0.0
solar,1,6,0.0,0.0,0.0
solar,1,7,1.0874070796460176,0.0,0.0
solar,1,8,1651.795137876106,0.0,0.0
solar,1,9,7089.9801053097335,0.0,0.0
solar,1,10,10171.739680884957,0.0,0.0
solar,1,11,10654.078810619467,0.0,0.0
solar,1,12,10517.539132035396,0.0,0.0
solar,1,13,10559.5826479646,0.0,0.0
solar,1,14,10628.167598761058,0.0,0.0
solar,1,15,9911.646931858406,0.0,0.0
solar,1,16,6382.701595752212,0.0,0.0
solar,1,17,1082.2829049557517,0.0,0.0
solar,1,18,0.0,0.0,0.0
solar,1,19,0.0,0.0,0.0
solar,1,20,0.0,0.0,0.0
solar,1,21,0.0,0.0,0.0
solar,1,22,0.0,0.0,0.0
solar,1,23,0.0,0.0,0.0
solar,1,24,0.0,0.0,0.0
solar,1,25,0.0,0.0,0.0
vehicle,1,1,8514.0,0.0,15.974496388688005
vehicle,1,2,8514.0,0.0,127.76996943537577
vehicle,1,3,8514.0,0.0,4.149344119151976
vehicle,1,4,8514.0,0.0,407.5286460656865
vehicle,1,5,8428.86,0.0,13550.30608105941
vehicle,1,6,8115.103333333333,0.0,19929.17734550997
vehicle,1,7,7967.685000000002,0.0,0.0
vehicle,1,8,7453.2975,0.0,12054.023210866291
vehicle,1,9,8023.656666666669,0.0,0.0
vehicle,1,10,7993.699999999999,0.0,9493.853130793295
vehicle,1,11,7998.43,0.0,571.394793365037
vehicle,1,12,7951.129999999999,0.0,166.7552889280961
vehicle,1,13,7889.64,0.0,118.5606271846882
vehicle,1,14,7705.170000000001,0.0,26245.98183477592
vehicle,1,15,7757.200000000001,0.0,20129.232996232553
vehicle,1,16,7254.6375,0.0,8814.095514586625
vehicle,1,17,7559.7225,0.0,6978.66303906591
vehicle,1,18,7303.12,0.0,5514.083844984432
vehicle,1,19,8036.27,0.0,6042.432022770056
vehicle,1,20,7743.010000000001,0.0,5587.860540302366
vehicle,1,21,8321.64666666667,0.0,5776.827605025603
vehicle,1,22,8159.249999999999,0.0,5983.564790543102
vehicle,1,23,8439.502499999999,0.0,5742.800326339925
vehicle,1,24,8514.0,0.0,42710.83753914335
vehicle,1,25,8514.0,0.0,15.974496388688005
wind,1,1,199.29453610619464,0.0,0.0
wind,1,2,193.82689274336278,0.0,0.0
wind,1,3,199.73014407079643,0.0,0.0
wind,1,4,204.66605469026553,0.0,0.0
wind,1,5,198.81081557522123,0.0,0.0
wind,1,6,193.47876477876105,0.0,0.0
wind,1,7,154.69523362831856,0.0,0.0
wind,1,8,160.01706265486723,0.0,0.0
wind,1,9,178.25609787610617,0.0,0.0
wind,1,10,160.67476831858406,0.0,0.0
wind,1,11,160.2110038938053,0.0,0.0
wind,1,12,167.71862867256633,0.0,0.0
wind,1,13,198.10816566371676,0.0,0.0
wind,1,14,176.84066230088493,0.0,0.0
wind,1,15,135.12258,0.0,0.0
wind,1,16,138.64413026548672,0.0,0.0
wind,1,17,161.6141962831858,0.0,0.0
wind,1,18,114.41737433628317,0.0,0.0
wind,1,19,101.14868548672568,0.0,0.0
wind,1,20,138.1786024778761,0.0,0.0
wind,1,21,232.93978566371678,0.0,0.0
wind,1,22,239.2901713274336,0.0,0.0
wind,1,23,234.21119893805306,0.0,0.0
wind,1,24,264.1234523893805,0.0,0.0
wind,1,25,233.6875088495575,0.0,0.0
